# x_refit,sx_refit,y_refit,sy_refit,covxy_refit
0.644445 0.050610 0.805683 0.026915 0.001331
0.693885 0.051305 0.668533 0.114200 -0.002742
1.452425 0.030900 1.529653 0.037215 -0.000290
0.467295 0.076655 0.674393 0.047765 0.001104
1.543825 0.025950 1.401653 0.137300 -0.002075
0.967295 0.031125 0.839823 0.151255 -0.001303
0.802725 0.083800 0.939273 0.044900 0.000628
1.340525 0.049700 1.235393 0.132190 -0.005191
0.698285 0.065685 0.957543 0.034875 0.000369
0.676755 0.070165 0.766443 0.063900 -0.000349
0.725145 0.028825 0.609063 0.127875 -0.001688
0.664415 0.021580 0.519143 0.148920 -0.000085
0.764015 0.028745 0.705963 0.107840 -0.001271
0.905046 0.059945 1.032633 0.054230 0.001293
1.070015 0.041940 1.160913 0.036535 0.000356
0.308375 0.118965 0.235733 0.127340 -0.002873
-0.522435 0.111235 -0.271427 0.101410 -0.001034
0.817656 0.048060 0.800443 0.105690 -0.001147
1.221625 0.061910 1.339773 0.039755 0.000180
0.003765 0.074245 0.112931 0.088440 0.000066
0.692425 0.044025 0.711243 0.100255 -0.001398
0.761565 0.057210 0.978413 0.066580 0.000283
0.772985 0.051150 0.956373 0.125145 0.001826
1.067595 0.047025 1.002023 0.120915 -0.000371
0.337445 0.074475 0.393463 0.092880 -0.000664
0.581665 0.074905 0.813643 0.096020 -0.001495
-0.574895 0.217135 -0.883926 0.100623 -0.021803
-0.572155 0.166515 -0.773381 0.113154 -0.011411
0.011775 0.050990 0.060453 0.069510 -0.000744
0.190255 0.102560 -0.205686 0.115750 -0.008615
-0.423045 0.151405 -0.329316 0.121189 -0.000135
0.097725 0.060095 0.419863 0.085255 0.000362
-0.002145 0.165150 0.239863 0.074708 -0.007276
0.301496 0.055950 0.120030 0.162897 -0.003003
-0.425445 0.128785 -0.383229 0.125132 0.001998
0.698655 0.048595 0.633963 0.110740 -0.000261
1.094545 0.030890 1.065733 0.095095 -0.000960
0.059695 0.037775 -0.117323 0.204436 -0.002433
0.623535 0.028815 0.191995 0.251837 -0.000835
-0.075095 0.070345 0.055348 0.044810 0.001009
0.560575 0.052195 0.770693 0.060920 0.000212
0.579855 0.053330 0.798383 0.036485 0.000433
0.978585 0.059195 1.146883 0.027695 0.001510
-1.113895 0.242410 -0.875579 0.092966 -0.000380
0.464335 0.037050 0.397393 0.118070 -0.000373
1.275225 0.060900 1.361453 0.045100 -0.000118
0.669445 0.026550 0.737653 0.040115 0.001178
-0.444855 0.099075 -0.955633 0.200842 -0.013127
-0.489435 0.114940 -0.871378 0.151217 -0.013027
0.032795 0.081810 0.058593 0.090096 -0.002358
-0.397665 0.075365 -0.397562 0.112452 -0.001863
-0.640635 0.306910 -0.688918 0.132624 -0.023716
0.211765 0.043665 0.269403 0.056249 -0.000693
-1.386735 0.134310 -1.425380 0.152440 0.001333
-0.617435 0.090945 -0.289375 0.085974 -0.002982
-0.350055 0.167645 -0.399887 0.099223 -0.007648
-1.515755 0.260475 -1.376102 0.081281 -0.008669
0.694995 0.059675 0.943203 0.032285 0.000291
-0.720815 0.128090 -0.748170 0.058907 -0.004035
-0.773405 0.059070 -0.799047 0.133268 -0.000802
-0.081964 0.058590 -0.254376 0.207035 -0.004915
-0.751845 0.058270 -1.016163 0.176095 -0.005658
-0.598595 0.045605 -0.829919 0.176740 -0.003279
-0.796485 0.092445 -1.004623 0.178861 -0.006340
-0.537535 0.085410 -0.609363 0.159819 -0.003698
-0.844125 0.081730 -1.120536 0.184755 -0.008921
-0.607055 0.166580 -0.612778 0.108893 -0.003969
-0.709645 0.050035 -0.876147 0.194829 -0.002809
-0.131725 0.097770 -0.047528 0.045496 -0.000700
-0.740155 0.059620 -0.849056 0.171410 -0.001695
-0.599495 0.047845 -0.545900 0.085961 0.000478
0.158335 0.042030 0.292603 0.031220 0.000369
-0.916645 0.079620 -0.810211 0.101812 0.002638
-0.484025 0.108215 -0.599518 0.145212 -0.005378
1.089035 0.028095 1.049103 0.098460 0.000447
1.101015 0.021780 1.075753 0.079725 -0.000742
-0.758865 0.091005 -1.131722 0.191462 -0.011686
-0.533235 0.048550 -0.397441 0.039151 0.000840
-0.641665 0.228670 -0.396134 0.080946 -0.009587
-0.280725 0.030385 -0.553342 0.177007 -0.001608
-0.516835 0.096715 -0.495267 0.147977 -0.000844
-0.136325 0.249780 -0.171393 0.083321 -0.012851
-1.346875 0.151100 -0.928865 0.098294 -0.006333
-0.249315 0.112750 -0.063632 0.112121 0.000471
-0.190815 0.028715 -0.251584 0.114229 -0.001306
-0.661365 0.036880 -0.815036 0.174390 -0.001664
0.347645 0.061760 -0.154989 0.171155 -0.003618
-0.106395 0.070290 -0.002911 0.061561 0.000579
-1.336485 0.213260 -1.271484 0.102270 -0.005656
-0.810285 0.165690 -1.098211 0.159384 -0.019790
-0.436745 0.079630 -1.023928 0.036479 -0.002099
0.191405 0.074930 -0.141106 0.132619 -0.005084
0.020485 0.070400 0.054342 0.090249 -0.001623
-0.361794 0.128165 -0.665105 0.125203 -0.012772
0.049445 0.038055 0.174353 0.040592 0.000153
-0.469275 0.161035 -0.218534 0.083819 -0.004615
-0.646315 0.060385 -0.554654 0.061377 0.000741
-0.218195 0.041160 -0.178137 0.076744 -0.000811
-0.318435 0.122935 -0.284089 0.114164 0.000133
-0.204575 0.057385 -0.163525 0.125098 0.001044
-0.036645 0.041940 0.137200 0.029417 0.000393
-1.301465 0.232870 -1.398015 0.155918 -0.016386
-0.985695 0.207200 -1.205923 0.177684 -0.021325
-0.877765 0.136860 -1.148242 0.201742 -0.014264
-0.029005 0.034865 0.015872 0.063480 -0.000690
-0.339705 0.031625 -0.540064 0.184434 -0.002101
-1.200425 0.166330 -1.118991 0.120456 0.001221
-1.003095 0.137520 -0.960073 0.155523 0.001992
-1.027465 0.104410 -1.038161 0.161968 0.001587
-1.434365 0.158885 -1.210820 0.080797 -0.001659
-0.023535 0.021130 -0.348302 0.121885 0.000115
-0.405635 0.128825 -0.291617 0.108788 0.000203
-0.772505 0.080465 -1.180454 0.431020 -0.005082
-1.360525 0.250360 -1.389661 0.116521 -0.012677
-0.786915 0.095000 -0.446650 0.092188 -0.002167
0.413825 0.034375 0.533813 0.022680 0.000209
-0.270844 0.032215 -0.443504 0.237021 -0.000549
-0.436355 0.085030 -0.373070 0.128146 -0.000863
-0.836175 0.078105 -0.787251 0.103253 -0.000583
-0.669295 0.085255 -0.565219 0.077974 0.002061
0.066415 0.075840 0.198917 0.099569 0.000220
0.581555 0.039940 0.674453 0.038645 0.002530
-0.168195 0.040865 -0.072823 0.034786 0.000181
-1.150505 0.262365 -1.176666 0.127542 -0.021312
0.281745 0.052205 0.269643 0.107006 -0.002202
-0.313285 0.065205 -0.593381 0.188796 -0.006887
-0.085315 0.034575 -0.027079 0.079057 -0.000229
-0.642195 0.100615 -0.625015 0.127033 -0.001440
-0.161284 0.112535 -0.645447 0.192402 -0.010135
-0.521105 0.230670 -0.512964 0.163835 -0.027061
-0.659265 0.050120 -0.628821 0.090506 0.000277
-0.471675 0.170980 -1.029054 0.214479 -0.028068
-0.959235 0.110030 -1.075311 0.176037 -0.004541
-0.202945 0.091105 -0.030091 0.106642 -0.001224
0.186565 0.085295 0.312963 0.095280 -0.001026
-0.237085 0.043630 -0.266607 0.143559 -0.001785
-1.416305 0.082590 -1.079403 0.040562 0.002485
-0.101125 0.176260 -0.360585 0.145997 -0.022588
-1.405725 0.173230 -1.247010 0.073362 -0.001968
1.077945 0.019845 0.864463 0.158475 -0.001228
-0.027494 0.059770 0.085946 0.114092 -0.000451
-0.674735 0.081355 -1.083163 0.238738 -0.010558
0.925185 0.051055 1.161083 0.082730 -0.000700
0.920675 0.058300 1.169523 0.074530 -0.000637
-0.790285 0.118480 -0.803536 0.155959 0.001773
-0.850125 0.111410 -0.803306 0.151402 0.002068
-0.717545 0.127760 -0.788367 0.156398 -0.002688
-0.165825 0.110660 0.177170 0.064592 -0.004795
-0.877085 0.047435 -0.794395 0.050128 0.001036
0.587735 0.078410 0.679363 0.109015 -0.000458
-0.095875 0.028475 -0.195763 0.166650 -0.000252
-0.154375 0.031925 -0.239820 0.160472 -0.000340
-0.577965 0.096405 -0.428217 0.118654 0.001347
-0.353455 0.072865 -0.336991 0.128957 0.001453
0.124025 0.039980 0.269283 0.043705 0.000336
0.967005 0.043245 0.959713 0.097270 0.000274
-0.566385 0.059970 -0.498985 0.113175 0.000221
-0.320425 0.044630 -0.413535 0.156748 -0.002995
0.670705 0.079010 0.195734 0.169765 -0.006874
0.906555 0.045495 0.962853 0.078080 0.000263
-0.378165 0.080405 -0.339753 0.121019 -0.000251
-0.537975 0.053655 -0.530858 0.115794 -0.001718
-0.854055 0.241840 -1.233453 0.189701 -0.040200
-0.064125 0.149810 -0.624906 0.445073 -0.034035
-0.790615 0.184660 -0.876261 0.109112 -0.010444
1.180825 0.029955 1.131473 0.141875 -0.000939
-0.896365 0.093170 -1.168056 0.213922 -0.008531
-0.274364 0.026190 -0.182857 0.030098 -0.000046
0.070826 0.072545 0.069565 0.110202 0.000443
-0.626534 0.094185 -0.706973 0.131044 -0.003247
-0.271495 0.069260 -0.207277 0.078892 0.000707
-0.197515 0.036275 -0.467973 0.236508 -0.002224
-0.834875 0.156390 -0.992316 0.152973 -0.012695
0.459185 0.045885 0.574003 0.044935 0.001523
-1.084415 0.169550 -0.880667 0.083065 -0.002361
-0.428185 0.062385 -0.334840 0.063806 0.000681
1.409025 0.035550 1.538153 0.023970 0.000387
0.734776 0.054405 0.948153 0.048525 0.000457
-0.083915 0.023235 -0.476715 0.232463 0.000583
-1.145585 0.190810 -1.255232 0.133896 -0.012191
0.176565 0.057050 -0.049745 0.088112 -0.003533
0.659075 0.032735 0.800223 0.021585 0.000655
0.987665 0.055260 1.076863 0.047320 -0.000732
0.096375 0.021965 0.077595 0.081213 -0.000686
-0.983145 0.120095 -1.122485 0.137829 -0.006848
0.121215 0.064825 0.173263 0.073143 -0.000306
-1.373315 0.093975 -1.176996 0.126523 0.005699
-1.102955 0.145925 -1.110457 0.100462 -0.002179
0.355605 0.026290 0.002911 0.140336 -0.001552
-0.632725 0.075540 -0.511937 0.076068 0.001058
-0.293665 0.065920 -0.111946 0.048384 0.001125
0.551865 0.085655 0.676283 0.064075 0.001082
0.088445 0.042125 0.120923 0.071788 -0.001326
1.064885 0.025420 0.782993 0.181945 0.000539
0.569495 0.067795 0.808553 0.113760 -0.001986
0.676135 0.068815 0.857733 0.101555 -0.000564
1.066715 0.051065 1.207453 0.130035 -0.001157
0.892765 0.185335 0.268693 0.279985 -0.036104
0.876865 0.027805 0.710643 0.172280 -0.001753
1.092315 0.031505 0.808623 0.149670 -0.002902
0.346265 0.080130 0.459543 0.074825 0.002529
-0.169044 0.126550 0.101685 0.069740 -0.003492
1.388125 0.030650 0.907053 0.219915 -0.004796
0.820955 0.023115 0.733303 0.139920 -0.000462
0.398255 0.050460 0.649073 0.089475 -0.000707
1.592925 0.043400 1.762293 0.118080 -0.000456
0.098705 0.075955 0.255523 0.115821 -0.000235
1.287825 0.032200 1.376123 0.024885 0.000423
0.358455 0.092065 0.441883 0.094310 -0.001375
0.658545 0.056320 0.687393 0.095705 -0.002053
1.022545 0.035300 1.147293 0.021020 0.000073
1.409725 0.040700 1.470103 0.084635 -0.001046
1.385025 0.036500 1.443973 0.054835 -0.000135
0.910095 0.031565 0.455283 0.258433 -0.003472
-0.370135 0.135380 -0.048712 0.079155 -0.004195
0.696295 0.080975 0.682143 0.123070 -0.004427
1.204525 0.045240 1.333413 0.028155 0.002140
1.577725 0.052650 1.690643 0.124345 -0.007251
-0.182335 0.102575 -0.006465 0.107803 0.000265
1.379925 0.018650 1.232923 0.138555 0.000008
0.632365 0.086065 0.995813 0.086130 -0.004475
0.841595 0.026050 0.830793 0.086505 -0.000679
0.528905 0.037060 0.582943 0.062480 -0.000859
1.475525 0.047550 1.486243 0.120820 -0.001142
0.957765 0.027410 0.982023 0.078100 -0.000453
1.172935 0.053965 1.469253 0.069750 -0.000775
1.692425 0.085650 1.614563 0.222730 -0.017467
1.146485 0.024595 1.023753 0.148090 -0.001331
0.937815 0.024020 0.475483 0.270119 -0.000117
0.978335 0.023010 0.526663 0.259250 -0.000318
1.051425 0.037565 0.932713 0.172390 -0.003301
0.745996 0.067875 0.830373 0.083985 -0.000952
0.784745 0.086185 0.778363 0.163760 -0.006770
0.117516 0.085635 0.287603 0.114864 -0.000573
0.002145 0.100530 0.129509 0.088432 0.002153
0.869435 0.048640 1.232713 0.039455 -0.000486
1.648825 0.083800 1.337313 0.155880 -0.010933
0.790815 0.062075 0.873593 0.097480 -0.000896
0.506525 0.108410 0.446693 0.083905 -0.004784
1.184625 0.041795 1.324093 0.029850 0.001263
1.076525 0.046345 0.797213 0.246570 -0.010999
0.556066 0.049780 0.702943 0.037305 0.000595
1.748025 0.052600 1.516053 0.088245 -0.003105
0.785205 0.046525 0.939093 0.041345 -0.000248
0.424665 0.077405 0.448093 0.141430 0.001762
1.223825 0.018000 0.776453 0.170965 0.000395
-0.568225 0.220705 -0.556608 0.112977 -0.007301
