# x_refit,sx_refit,y_refit,sy_refit
0.712395 0.045815 0.640689 0.128485
0.956385 0.039205 0.810489 0.127455
0.749965 0.043010 0.242819 0.245927
1.492234 0.035600 1.130869 0.161985
0.543324 0.079330 0.693569 0.168903
1.606134 0.029900 0.953149 0.379930
1.025825 0.024815 0.275256 0.194318
0.894014 0.022400 0.003102 0.219179
0.817875 0.074720 0.883819 0.110590
1.264935 0.049015 1.361729 0.105260
0.717545 0.065755 1.105199 0.085405
0.732664 0.061305 0.590269 0.151111
0.775064 0.039725 0.240390 0.366379
0.710514 0.024750 0.031509 0.156505
0.816975 0.033945 0.298691 0.229968
0.994325 0.041865 0.828609 0.141085
1.107815 0.041200 0.870959 0.141345
0.323645 0.128390 0.530999 0.145133
-0.443636 0.107155 0.216625 0.092796
0.874555 0.039755 0.362437 0.238816
1.038754 0.021545 0.198965 0.220105
1.269734 0.066805 1.182669 0.143750
0.052045 0.086945 0.133823 0.179149
0.749294 0.047040 0.424033 0.174837
0.818085 0.055850 1.146979 0.112410
0.811304 0.044510 1.017929 0.083220
1.120475 0.044165 0.604659 0.349597
0.654585 0.071465 1.086599 0.071945
0.548155 0.057245 0.903659 0.066415
-0.460186 0.179770 -0.539703 0.131803
-0.553326 0.173700 -0.422572 0.161499
0.048144 0.060895 -0.215491 0.233913
0.245894 0.105395 0.044480 0.164391
-0.361465 0.147255 -0.008656 0.129162
0.143464 0.058740 0.797209 0.079840
-0.044886 0.127870 0.814439 0.072930
0.348945 0.063705 0.117037 0.294585
-0.395315 0.131360 -0.166498 0.236707
0.757144 0.051155 0.263285 0.445769
0.109144 0.043465 -0.632681 0.350002
0.653885 0.045630 -0.180121 0.576783
-0.025016 0.067565 -0.128905 0.154543
0.591495 0.047125 0.938449 0.083865
-1.042416 0.272275 -0.403348 0.137374
0.508405 0.045745 -0.032625 0.320120
1.328634 0.061350 1.026519 0.275070
0.727684 0.033230 0.322803 0.163457
-0.381776 0.090130 -0.927463 0.376818
-0.507175 0.139420 -0.566117 0.206666
0.090884 0.059955 -0.249100 0.245810
-0.355656 0.079085 -0.664397 0.304886
-0.571236 0.326945 -0.439764 0.412565
0.254584 0.048640 -0.113385 0.242896
-1.320526 0.127470 -1.205807 0.151630
-0.556795 0.088390 0.264326 0.051936
-0.329306 0.182825 -0.032723 0.166337
-1.405275 0.248315 -0.940686 0.175464
0.750415 0.046775 1.011539 0.074365
-0.690406 0.151540 -0.319150 0.128761
-0.718825 0.062340 -1.057934 0.259705
-0.699676 0.061735 -1.103107 0.349577
-0.534295 0.050300 -1.001593 0.240843
-0.734615 0.082480 -1.036755 0.322141
-0.513165 0.092245 -0.424535 0.158755
-0.810726 0.112265 -1.005066 0.234647
-0.537625 0.182120 -0.327166 0.207585
-0.670526 0.060270 -1.089199 0.389868
-0.057076 0.099215 0.425208 0.072431
-0.680936 0.064215 -0.913525 0.219858
-0.541475 0.050575 -0.755424 0.174563
0.200154 0.035910 0.099257 0.087101
-0.857426 0.072380 -0.788037 0.149593
1.446135 0.044300 1.007879 0.291140
-0.421235 0.088135 -0.487439 0.201493
-0.712445 0.083595 -1.007817 0.231838
-0.465595 0.043920 -0.592938 0.118706
-0.632915 0.195565 0.164607 0.106366
-0.226235 0.030580 -0.966417 0.298843
-0.468145 0.100775 -0.384158 0.176788
-0.071356 0.201190 0.263319 0.148242
0.599295 0.059680 0.769749 0.139320
-1.278565 0.148425 -0.386357 0.105960
-0.167645 0.113320 0.265638 0.160821
-0.135706 0.027850 -0.633161 0.201982
-0.611106 0.040120 -1.191605 0.306069
0.403444 0.033355 -0.533754 0.408937
-0.098045 0.087025 -0.032943 0.162608
-1.303636 0.217280 -0.827746 0.170549
-0.759246 0.164395 -0.851665 0.276207
-0.380595 0.080955 -0.704210 0.046320
0.240174 0.074660 -0.139840 0.382113
0.060844 0.071595 -0.143716 0.244368
-0.312245 0.111140 -0.345350 0.151818
-0.480816 0.137865 0.354983 0.078313
0.087165 0.081380 0.123767 0.191632
-0.593395 0.063375 -0.787133 0.210753
-0.161905 0.037045 -0.523919 0.180662
-0.492036 0.108645 -1.084712 0.177319
-0.144855 0.057880 -0.212804 0.154215
-0.008236 0.068495 0.063615 0.131714
-1.270356 0.244275 -1.022051 0.230263
-0.949525 0.221385 -0.883342 0.269839
-0.832635 0.144300 -0.989298 0.311733
-0.000766 0.055175 -0.291714 0.252755
-0.292006 0.034835 -0.743481 0.272612
-1.157385 0.180405 -0.762442 0.174721
-0.958616 0.140230 -0.740009 0.160109
-0.988855 0.121510 -1.035761 0.281783
-0.383916 0.134285 0.132675 0.138030
-0.724646 0.090735 -1.326022 0.752069
-1.311255 0.260935 -1.006855 0.230637
-0.735065 0.091500 0.091137 0.048691
0.476774 0.030880 0.174019 0.120305
-0.221025 0.034500 -0.966763 0.400279
-0.388375 0.088840 -0.157996 0.172936
-0.812806 0.088330 -0.918212 0.265486
-0.623276 0.098905 -0.659090 0.234341
0.112185 0.083705 0.612769 0.085768
0.625565 0.035615 0.399110 0.161353
-1.080446 0.266975 -0.790329 0.225927
0.282454 0.091770 -0.010882 0.460279
-0.265626 0.060610 -0.548418 0.286525
0.000765 0.049420 -0.077203 0.148125
-0.035006 0.039495 -0.205637 0.221088
-0.598406 0.116960 -0.365204 0.142853
-0.114105 0.104975 -0.531978 0.324271
-0.440335 0.197475 -0.113163 0.244914
-0.604746 0.051855 -0.833496 0.215329
-0.612435 0.348310 -0.578923 0.349109
-0.919856 0.128995 -0.896276 0.210242
-0.157796 0.096550 0.390658 0.080172
-0.188725 0.042000 -0.395476 0.185077
-1.369786 0.081570 -0.885103 0.054525
-0.037756 0.161850 -0.030922 0.223890
-1.320065 0.168805 -0.786730 0.112674
0.019734 0.058125 0.417229 0.088492
-0.636975 0.094330 -1.035941 0.431973
0.968505 0.051615 1.452399 0.066155
-0.734836 0.126985 -0.763847 0.298359
-0.645566 0.107695 -0.688372 0.284726
-0.144015 0.099015 0.777589 0.053605
-0.819756 0.044440 -1.093423 0.116056
0.636274 0.088470 0.871859 0.095150
-0.043535 0.031765 -0.493230 0.298562
-0.099606 0.032990 -0.653257 0.313520
-0.544745 0.079285 -0.144805 0.086140
-0.284125 0.050675 -0.354433 0.185409
0.192394 0.034315 0.148159 0.141021
0.993685 0.057280 1.174239 0.151710
0.147445 0.125370 -0.498636 0.422331
-0.506656 0.059150 -0.479770 0.250648
-0.295196 0.062735 -0.457595 0.253500
0.924254 0.054940 0.873339 0.163145
-0.322355 0.085540 -0.450393 0.253006
-0.487865 0.050495 -0.789066 0.226575
-0.801216 0.250070 -0.871748 0.265496
-0.017066 0.158940 -0.665786 0.897156
-0.748436 0.162320 -0.508770 0.152015
-0.507586 0.057740 -0.385537 0.146049
-0.833625 0.092760 -1.174543 0.345302
-0.258785 0.045775 -0.475628 0.162252
0.117205 0.069170 0.312380 0.152036
-0.549106 0.091195 -0.540272 0.178246
-0.216616 0.058810 -0.442868 0.213574
-0.147165 0.037905 -0.782055 0.379781
-0.787305 0.166775 -0.681906 0.201585
0.517235 0.031480 0.390824 0.118309
-1.021096 0.168585 -0.385921 0.102234
-0.469556 0.163065 -0.947706 0.240901
-0.385236 0.072625 -0.549743 0.236626
0.787165 0.061510 1.029379 0.114020
-0.028425 0.022640 -0.997422 0.321086
-1.081585 0.183885 -0.924109 0.204933
0.226464 0.063650 0.184352 0.149174
0.706024 0.041975 0.608319 0.111809
1.047625 0.041240 0.809449 0.156405
-0.930796 0.134440 -0.859257 0.181074
-0.662886 0.142065 -1.212900 0.327659
-1.332066 0.094430 -1.040530 0.100275
-1.037035 0.161300 -0.795716 0.180450
0.410614 0.026205 -0.622871 0.199740
-0.606766 0.092460 -0.506128 0.184877
-0.262115 0.067965 -0.103675 0.101090
0.610734 0.095365 0.557749 0.221446
1.064915 0.041550 0.602659 0.203329
0.465084 0.051045 0.048920 0.296093
0.614394 0.040515 0.158449 0.285161
0.628294 0.076355 1.203309 0.052105
0.724444 0.061910 1.058289 0.084905
1.112965 0.060550 1.485799 0.086915
0.943654 0.176605 0.437757 0.192741
1.307034 0.061950 1.485739 0.125415
1.066494 0.020355 0.389052 0.175515
1.042754 0.064010 0.849539 0.143590
0.411855 0.070880 0.338361 0.177251
-0.116225 0.119760 0.654819 0.066890
1.439434 0.031450 0.494071 0.299053
0.877205 0.024730 0.157180 0.218555
0.435925 0.053340 0.955549 0.061995
1.647135 0.036250 1.872299 0.077890
1.419034 0.026550 0.961779 0.133965
2.378334 0.040400 1.604359 0.068390
0.124495 0.079025 0.620229 0.065800
1.333235 0.045250 0.952969 0.216755
0.422184 0.102970 0.824319 0.133225
0.719865 0.052405 0.401518 0.235571
1.077065 0.034570 0.808199 0.136945
1.461234 0.036800 1.419059 0.161780
0.968434 0.032400 -0.003102 0.316301
-0.313605 0.122690 0.522755 0.075695
0.796174 0.038640 0.155500 0.404599
1.039965 0.045845 1.214159 0.130095
-0.111976 0.094760 0.385269 0.094375
1.418235 0.024100 0.776719 0.167620
0.878824 0.034755 0.410414 0.211244
0.575145 0.044975 0.178883 0.241381
1.538235 0.043400 1.619949 0.164580
1.014435 0.031225 0.516761 0.184386
1.790335 0.089050 1.666949 0.129830
1.195484 0.026755 0.511587 0.346368
1.099105 0.042630 0.450199 0.338341
0.793634 0.077975 0.811839 0.178325
0.823424 0.082805 0.673039 0.221887
0.786075 0.027010 -0.431828 0.341371
0.166954 0.093585 0.681519 0.119550
0.078474 0.093180 0.073470 0.196460
0.922364 0.051135 1.535009 0.069990
1.706534 0.069200 1.611759 0.094925
0.853524 0.061500 1.029449 0.170000
0.524935 0.122895 0.836039 0.118325
1.246035 0.036085 1.146029 0.079330
1.141225 0.045240 0.487291 0.405490
0.610885 0.056675 0.550719 0.139085
2.472034 0.051650 1.746559 0.093750
1.793935 0.043700 1.625059 0.215870
0.856315 0.048820 0.804109 0.114405
-0.482116 0.231310 -0.221326 0.223189
