# id outlier x sx y sy covxy corrxy
1 0 10.125200 0.056250 1.865400 0.137785 -0.005318 -0.672540
2 0 10.169800 0.108100 1.598190 0.199715 -0.015815 -0.652300
3 0 9.376790 0.103310 1.352980 0.120675 -0.011964 -0.881100
4 0 9.169320 0.066415 0.790797 0.145876 -0.009304 -0.748320
5 0 9.599990 0.073325 0.688071 0.201181 0.002315 0.153920
6 0 9.252160 0.066900 1.089460 0.100228 -0.005034 -0.743040
7 0 9.193160 0.057575 0.842893 0.152215 -0.004828 -0.523480
8 0 10.013900 0.040450 1.263430 0.270438 -0.004961 -0.345560
10 0 9.999550 0.064445 1.487610 0.137840 -0.004715 -0.466370
12 0 9.402140 0.041355 0.566606 0.215903 0.001955 0.173270
13 0 9.835920 0.016390 0.529654 0.243731 0.000394 0.095236
15 0 9.237970 0.038730 -0.167766 0.608994 -0.002690 -0.063913
16 0 9.843180 0.053100 1.396180 0.146590 -0.004308 -0.460310
18 0 9.461130 0.085225 0.876776 0.149392 -0.008667 -0.702200
19 0 9.091580 0.087130 0.714392 0.187548 -0.013185 -0.809340
20 0 9.082740 0.059555 0.457740 0.208495 -0.003461 -0.234040
21 0 9.301410 0.062760 1.144450 0.092080 -0.004540 -0.795840
22 0 10.918900 0.045400 2.546710 0.157360 -0.004570 -0.602080
23 0 9.028120 0.066290 0.663243 0.127725 -0.006562 -0.652060
24 0 9.348730 0.095525 0.591420 0.193566 -0.002803 -0.148560
25 0 9.921750 0.050410 1.493550 0.131665 -0.005234 -0.630900
26 0 10.422800 0.038600 1.751710 0.144290 0.000553 0.071237
27 0 9.960290 0.035450 1.409060 0.173895 -0.002412 -0.312860
28 0 10.371900 0.068200 1.589460 0.162720 -0.001264 -0.113460
29 0 10.769000 0.107400 1.783560 0.174065 -0.002684 -0.148460
30 0 9.450740 0.060655 1.006530 0.174252 -0.009737 -0.767340
32 0 9.898180 0.028590 1.118410 0.168241 -0.001355 -0.196230
33 0 9.525310 0.060895 1.201700 0.132405 -0.006477 -0.814860
34 0 9.070240 0.051110 0.593228 0.146872 -0.004905 -0.551140
35 0 9.209260 0.079180 0.818590 0.160624 -0.009931 -0.653920
38 0 9.668010 0.066570 0.816305 0.258773 0.004058 0.249120
39 0 8.979830 0.071360 0.922870 0.095381 -0.005157 -0.776060
40 0 9.671610 0.035085 1.203310 0.095230 -0.002401 -0.663320
41 0 9.267670 0.071395 0.948501 0.146696 -0.009991 -0.899000
42 0 9.359710 0.042460 0.836750 0.146746 -0.002299 -0.306950
44 0 8.771510 0.078445 0.798084 0.091489 -0.006498 -0.850760
45 0 9.465210 0.049100 1.220660 0.110390 -0.004598 -0.805970
48 0 9.503530 0.045495 1.082620 0.125258 -0.004490 -0.733800
50 0 9.283330 0.064370 1.040090 0.119106 -0.007035 -0.842440
53 0 9.247330 0.045815 1.258720 0.062390 -0.002048 -0.707550
54 0 8.176320 0.147300 0.293147 0.121976 -0.016549 -0.883190
55 0 9.187300 0.069750 0.872980 0.166337 -0.009217 -0.743260
58 0 10.185400 0.095750 1.885330 0.209025 -0.028955 -0.828320
62 0 10.009600 0.039560 1.224140 0.293409 -0.000198 -0.014043
63 0 9.813670 0.067625 0.636928 0.169161 0.002760 0.252460
64 0 9.066090 0.120575 1.033740 0.119899 -0.012860 -0.914770
65 0 8.951290 0.147280 0.729996 0.184861 -0.024730 -0.866110
68 0 9.699700 0.048145 0.519215 0.281651 0.004016 0.255700
69 0 9.109630 0.054365 0.775286 0.110804 -0.005551 -0.831420
73 0 9.273200 0.067600 0.952721 0.146852 -0.006440 -0.610760
74 0 9.195450 0.074190 0.759098 0.149837 -0.007434 -0.621240
75 0 9.807650 0.056995 1.504660 0.125600 -0.003454 -0.466530
77 0 10.736300 0.040600 1.064180 0.703367 -0.000510 -0.010515
79 0 10.366600 0.064150 1.534320 0.163800 -0.000477 -0.043511
81 0 9.705130 0.040110 1.142540 0.149176 -0.002647 -0.392540
84 0 9.974210 0.052615 1.786840 0.090800 -0.002857 -0.622610
85 0 9.566540 0.037650 1.236730 0.091365 -0.002974 -0.815570
86 0 10.218500 0.109100 1.611200 0.151475 -0.011164 -0.672230
87 0 9.905210 0.048115 1.539130 0.134935 -0.003577 -0.462120
88 0 10.268200 0.061950 1.823450 0.132630 -0.002982 -0.322750
89 0 9.342030 0.098010 0.368380 0.175679 -0.014872 -0.908260
90 0 9.129650 0.079060 0.432845 0.204627 -0.007462 -0.433540
91 0 10.148500 0.043400 1.675500 0.194915 -0.009721 -0.565730
92 0 9.267840 0.058755 0.842988 0.141478 -0.006749 -0.864710
93 0 9.578690 0.070450 1.201220 0.124145 -0.007143 -0.754170
94 0 10.085400 0.023950 1.030170 0.312207 0.002039 0.203900
96 0 9.865310 0.049875 1.497540 0.122335 -0.003570 -0.555320
98 0 9.214170 0.101600 1.369440 0.082715 -0.007532 -0.883890
100 1 10.115500 0.063100 -0.728192 0.963950 0.017324 0.248810
101 0 9.940210 0.045875 1.421520 0.132605 -0.005332 -0.833460
104 0 9.122000 0.069030 0.973503 0.124515 -0.005153 -0.626260
106 0 8.998960 0.074655 -0.043198 0.342772 0.001762 0.068320
108 0 10.013100 0.047570 1.515400 0.131835 -0.001370 -0.198360
109 0 9.383240 0.081220 0.628761 0.166363 -0.001849 -0.128860
110 0 10.068500 0.045950 1.483860 0.158010 -0.001562 -0.180660
112 0 9.284770 0.076935 1.227150 0.132620 -0.026222 -0.890060
113 0 9.634080 0.061290 0.981472 0.135864 -0.002338 -0.267870
119 0 10.015900 0.047025 1.585690 0.119145 -0.002992 -0.495320
120 0 10.642700 0.096000 1.477760 0.151930 -0.009137 -0.711090
123 0 9.064690 0.083370 0.395224 0.182697 -0.003315 -0.213200
124 0 8.759190 0.051875 0.340764 0.142559 -0.005365 -0.694470
125 0 9.723990 0.041570 1.213340 0.159330 -0.003652 -0.441750
126 1 10.526800 0.033600 -0.469395 0.926539 0.006782 0.146000
129 0 8.688200 0.071900 0.430391 0.130483 -0.006130 -0.597900
130 0 9.763150 0.040910 1.138190 0.180998 -0.002177 -0.253320
131 1 10.023700 0.050840 -0.392109 1.119237 -0.011263 -0.097088
132 0 8.269320 0.170525 0.237733 0.245970 -0.035802 -0.853770
133 0 10.469900 0.057550 2.089010 0.120900 -0.002877 -0.384910
134 0 9.744080 0.044980 1.307680 0.169040 -0.004562 -0.512590
135 0 11.070300 0.046500 1.788940 0.457945 -0.001394 -0.040242
139 0 9.852250 0.093665 1.570460 0.136185 -0.010611 -0.802020
140 0 9.077140 0.087185 0.887140 0.137009 -0.010546 -0.798610
142 0 8.736150 0.062430 0.830949 0.056715 -0.002814 -0.843120
143 0 9.574190 0.034270 1.001740 0.109126 -0.002463 -0.634350
144 0 8.594280 0.175730 0.672233 0.154805 -0.024378 -0.934650
145 0 10.329700 0.028800 1.633780 0.242790 -0.003358 -0.315460
146 0 10.286800 0.025550 1.317560 0.296500 -0.001977 -0.119940
147 0 9.164020 0.066380 0.677156 0.156620 -0.007184 -0.546890
148 0 9.689000 0.042785 1.232570 0.125150 -0.004168 -0.731790
149 0 9.712390 0.047765 0.940136 0.229380 0.000965 0.088252
150 0 9.684510 0.088995 1.287450 0.133470 -0.010455 -0.890260
152 0 9.451630 0.072430 0.520397 0.211695 0.000696 0.045066
153 0 9.517740 0.042690 0.871940 0.223255 -0.005120 -0.476330
154 0 8.914230 0.093590 0.837857 0.105040 -0.008906 -0.918270
155 1 10.750500 0.044350 0.365235 0.139380 -0.009787 -0.653480
158 0 8.980200 0.086175 0.438930 0.175844 -0.008416 -0.499370
159 0 10.300200 0.022300 1.475820 0.129690 -0.001452 -0.455680
160 0 9.290100 0.092990 0.880734 0.183690 -0.014371 -0.761060
161 0 9.337700 0.051490 0.970987 0.140039 -0.003651 -0.499250
162 0 10.013400 0.074520 1.399490 0.308385 -0.026995 -0.690770
163 0 9.275560 0.065440 0.999491 0.130626 -0.007110 -0.885750
167 0 9.444930 0.050765 1.089100 0.120166 -0.005838 -0.793400
169 0 9.807080 0.049655 1.391950 0.133670 -0.005056 -0.767710
171 0 9.602030 0.047825 1.186110 0.159425 -0.004413 -0.527210
172 0 9.562870 0.060645 1.329650 0.105195 -0.006057 -0.837270
175 0 10.858700 0.021200 1.643620 0.455260 0.003719 0.320550
176 0 9.219040 0.039255 0.580031 0.174365 -0.002812 -0.345100
177 0 9.636090 0.082895 1.567280 0.110950 -0.006872 -0.729050
180 0 9.251810 0.053655 1.110970 0.104870 -0.004386 -0.747420
181 0 9.920830 0.057810 1.542710 0.128770 -0.006991 -0.692480
182 0 10.031800 0.050365 1.496800 0.142925 -0.002544 -0.306100
183 0 8.908660 0.083880 0.216310 0.184739 -0.003865 -0.233650
188 0 9.485890 0.085535 1.310540 0.142965 -0.009549 -0.810790
189 0 9.621990 0.047415 1.218900 0.115995 -0.004898 -0.869570
190 0 9.859620 0.025830 1.095640 0.186670 -0.000976 -0.171900
191 0 9.462430 0.075240 1.240560 0.125100 -0.006512 -0.670440
192 0 9.499420 0.054260 0.848507 0.233203 -0.006287 -0.425650
194 0 9.095110 0.028070 0.075342 0.388517 -0.002278 -0.161230
195 0 9.731430 0.046325 1.275220 0.132560 -0.003420 -0.491320
196 0 10.738500 0.061450 1.617000 0.128535 -0.005516 -0.606380
197 0 9.506240 0.050415 1.345180 0.084575 -0.003593 -0.814100
199 0 9.756380 0.035230 1.052170 0.197373 -0.001901 -0.210420
200 0 8.925640 0.054690 0.377329 0.218225 -0.007409 -0.544570
201 0 9.979960 0.047625 1.483690 0.127965 -0.003541 -0.474110
205 0 9.957430 0.081935 2.005560 0.082660 -0.005546 -0.824870
206 0 9.467290 0.085690 0.976583 0.181701 -0.010632 -0.601710
207 0 9.235020 0.039620 0.550747 0.207064 -0.001549 -0.155040
208 0 9.395170 0.054160 1.116170 0.113526 -0.004601 -0.740360
209 0 9.134920 0.102850 0.738001 0.151153 -0.012943 -0.840280
210 0 10.060100 0.060900 1.740970 0.122420 -0.006116 -0.771290
211 0 9.153730 0.065970 1.005310 0.096433 -0.004791 -0.741820
212 0 8.961980 0.088680 0.617812 0.137057 -0.010965 -0.792130
214 0 8.878300 0.087900 0.537505 0.164440 -0.010874 -0.688420
216 0 9.878090 0.136430 1.502450 0.198635 -0.024909 -0.973290
218 0 8.780930 0.056170 0.530806 0.118316 -0.004612 -0.669910
219 0 9.089470 0.073355 0.660961 0.176941 -0.009595 -0.692820
220 0 9.745910 0.034615 1.135980 0.169671 -0.002786 -0.414670
221 0 9.503790 0.056775 0.910308 0.149271 -0.000478 -0.055546
223 0 9.532960 0.073165 1.219950 0.125270 -0.005956 -0.612490
224 0 9.513190 0.083865 0.856650 0.151927 -0.004421 -0.323100
226 0 9.506610 0.036960 1.085080 0.101237 -0.002928 -0.752600
227 0 9.386040 0.083890 1.193750 0.136855 -0.010353 -0.840910
228 0 9.276460 0.056905 0.834346 0.142822 -0.007265 -0.838610
229 0 9.526410 0.062535 1.175270 0.155235 -0.007785 -0.726180
230 0 10.037900 0.032200 1.365160 0.128530 -0.002306 -0.548270
232 0 9.958630 0.048060 1.440970 0.147665 -0.003173 -0.361870
233 0 7.607990 0.319455 0.094536 0.185948 -0.058283 -0.893200
234 0 9.607840 0.043850 1.036250 0.225960 -0.023415 -0.706950
235 1 10.574400 0.059350 -1.486420 1.597892 -0.180250 -0.591060
238 0 9.654550 0.033825 0.877897 0.242091 -0.003432 -0.358850
241 0 7.663310 0.160655 -0.891321 0.375240 -0.041801 -0.564440
242 0 7.762190 0.158405 -0.059912 0.127471 -0.017595 -0.841020
243 0 8.810910 0.071170 0.459608 0.142337 -0.008360 -0.723010
245 0 8.508740 0.192960 0.145359 0.305647 -0.053162 -0.728420
246 0 8.416820 0.034255 -0.104819 0.130434 -0.002132 -0.452360
249 0 9.051390 0.095770 0.900422 0.139711 -0.010889 -0.836590
252 0 9.027210 0.042185 0.854635 0.084667 -0.002772 -0.789410
253 0 7.763990 0.120765 -0.159224 0.118172 -0.012243 -0.807920
254 0 8.670120 0.093990 0.420510 0.129862 -0.011293 -0.726560
255 0 8.821710 0.077880 0.514075 0.131592 -0.007938 -0.713160
256 0 9.189670 0.055370 0.860475 0.143854 -0.006240 -0.646810
259 0 8.089260 0.136910 -0.407730 0.261621 -0.031616 -0.597900
260 0 8.557700 0.038705 -0.297646 0.316322 -0.001815 -0.118520
262 0 9.088880 0.038735 0.387578 0.208559 -0.002979 -0.276820
264 0 8.598500 0.023145 -0.566514 0.294196 0.003738 0.384370
265 0 9.555830 0.036495 0.870565 0.179060 -0.003124 -0.382860
266 0 8.859600 0.056305 0.543922 0.129879 -0.006021 -0.794640
268 0 8.847610 0.065450 0.237616 0.198454 -0.007158 -0.543760
269 0 9.766150 0.068655 1.298830 0.164570 -0.006855 -0.526590
270 0 7.755420 0.263015 -0.208932 0.252141 -0.061366 -0.723940
271 0 7.719100 0.304005 0.040687 0.213741 -0.056100 -0.856580
272 0 8.505900 0.043015 0.116502 0.130944 -0.004429 -0.762960
273 0 7.608570 0.224025 -0.633129 0.225379 -0.044427 -0.761540
274 0 8.265990 0.165680 0.250085 0.169064 -0.026141 -0.856710
277 0 9.577680 0.076040 1.031480 0.154482 -0.005058 -0.401040
278 0 7.079250 0.182160 -0.267240 0.089828 -0.012997 -0.791130
280 0 9.678470 0.039340 1.172780 0.106450 -0.002880 -0.680910
281 0 8.554550 0.060135 0.163584 0.135309 -0.005187 -0.594030
283 0 9.514350 0.023795 0.657239 0.172592 -0.000036 -0.006795
284 0 9.251280 0.088425 1.341310 0.082495 -0.006217 -0.856120
286 0 8.222390 0.046570 -0.289054 0.173564 -0.004545 -0.534030
287 0 8.559980 0.062280 0.314217 0.109185 -0.005958 -0.810560
288 0 8.576730 0.053395 0.408723 0.092329 -0.003257 -0.629500
289 0 8.122380 0.077960 -0.318711 0.144977 -0.007900 -0.693070
290 0 7.973870 0.077395 -0.301574 0.154873 -0.008603 -0.658020
291 0 9.759790 0.041840 1.393370 0.102400 -0.003464 -0.780350
292 0 9.393180 0.060310 0.644530 0.226906 -0.004080 -0.252030
293 0 10.452900 0.053950 1.285710 0.103320 -0.005420 -0.837750
294 0 7.875860 0.127730 -0.747823 0.278552 -0.019547 -0.476210
295 0 8.811990 0.051515 0.263796 0.183444 -0.003687 -0.308830
296 0 7.980430 0.254760 -0.009317 0.237883 -0.055558 -0.891150
297 0 8.830130 0.025950 0.028441 0.214474 -0.001806 -0.270280
298 0 7.919300 0.138575 -0.209167 0.175178 -0.019524 -0.712750
299 0 8.607020 0.062085 -0.161292 0.218085 -0.001334 -0.099862
300 0 8.425410 0.021020 -1.040010 0.332318 0.003202 0.418160
302 0 9.404770 0.076005 1.218380 0.113585 -0.007240 -0.750560
304 0 7.838380 0.150835 -0.449179 0.190610 -0.025492 -0.733100
305 0 8.451030 0.023375 -0.779942 0.301435 0.003814 0.446320
306 0 8.141800 0.049185 -0.549250 0.290955 -0.004071 -0.235920
307 0 8.326970 0.148205 0.247108 0.168037 -0.023549 -0.860200
308 0 7.521240 0.106570 -0.057741 0.068186 -0.005606 -0.788660
309 0 9.282190 0.033870 0.702503 0.145940 -0.002029 -0.382150
310 0 8.329780 0.138205 0.119085 0.180872 -0.022753 -0.867580
311 0 9.746150 0.056880 1.388490 0.107290 -0.011563 -0.767290
312 0 8.399310 0.060040 -0.392079 0.405954 -0.009390 -0.303510
313 0 8.018360 0.088530 -1.019540 0.541959 -0.002783 -0.046444
314 0 9.981620 0.038875 1.471720 0.122665 -0.002780 -0.486600
316 0 9.634120 0.035455 1.091360 0.157924 -0.003786 -0.653640
317 0 8.461610 0.086695 0.550362 0.091826 -0.007332 -0.924350
318 0 8.215130 0.145115 0.080040 0.169076 -0.020880 -0.832510
319 0 8.998100 0.060750 0.485124 0.197868 -0.010380 -0.853550
321 0 9.325790 0.042115 0.917205 0.128563 -0.003759 -0.644970
322 0 9.210500 0.032750 0.536240 0.255972 -0.003445 -0.345190
324 0 8.496580 0.104050 0.028380 0.142763 -0.014503 -0.876100
325 0 9.311430 0.082260 0.800534 0.319172 -0.020781 -0.635570
326 0 9.159670 0.046960 0.410633 0.331267 -0.016256 -0.701850
327 0 7.843460 0.150985 -0.681034 0.315437 -0.032948 -0.702240
328 0 7.971710 0.053335 0.084544 0.065703 -0.001977 -0.588400
329 0 9.915750 0.072655 1.735520 0.139745 -0.017080 -0.799120
330 0 8.637760 0.090810 0.116926 0.350489 -0.035733 -0.560710
332 0 8.875380 0.053505 0.388507 0.135765 -0.004764 -0.543360
333 0 9.174730 0.051995 0.603995 0.146561 -0.002487 -0.276450
335 0 9.870220 0.061585 1.570230 0.112985 -0.005061 -0.680510
336 0 7.685320 0.245155 0.421549 0.133221 -0.054113 -0.698640
339 0 9.075700 0.077150 0.551986 0.133955 -0.008078 -0.636550
340 0 8.213780 0.164000 0.055652 0.195064 -0.028563 -0.821270
341 0 9.941910 0.104960 1.336670 0.154695 -0.008408 -0.554180
342 0 9.994350 0.022220 0.955964 0.223092 0.001524 0.232390
344 0 7.644930 0.127740 -0.961314 0.632762 -0.053067 -0.535350
345 0 9.341220 0.062320 1.003370 0.169096 -0.008319 -0.813610
347 0 10.272700 0.114800 1.900160 0.249320 -0.023732 -0.714960
349 0 7.956940 0.171340 0.510237 0.093473 -0.015588 -0.904370
350 0 8.728470 0.040080 0.006034 0.237192 -0.007038 -0.657190
351 0 8.655920 0.071710 -0.204214 0.221151 -0.000152 -0.009885
352 0 8.634330 0.114485 1.099030 0.073475 -0.008432 -0.902270
353 0 9.517430 0.080390 1.242320 0.144570 -0.007907 -0.688790
355 0 8.450980 0.112045 0.409334 0.112651 -0.011654 -0.845310
356 0 9.102600 0.044175 0.058110 0.415174 0.000455 0.022570
357 0 8.064340 0.090130 -1.000050 0.502958 0.003995 0.077355
358 0 8.443070 0.058495 -0.031820 0.182107 -0.006737 -0.618040
359 0 8.004030 0.074900 -0.212814 0.119006 -0.007134 -0.765820
360 0 7.798610 0.096355 -0.780070 0.290281 -0.017382 -0.497400
361 0 8.110600 0.083185 0.010851 0.108934 -0.007103 -0.762960
362 0 8.030530 0.141070 -0.105193 0.174245 -0.023380 -0.869600
363 0 9.310140 0.086635 0.522769 0.201749 -0.000026 -0.001450
364 0 8.799180 0.082250 0.590608 0.136074 -0.008726 -0.747170
365 0 7.338240 0.126190 -0.585096 0.142834 -0.015286 -0.895420
366 0 8.357870 0.030320 -0.494438 0.313724 -0.001608 -0.133650
367 0 7.644270 0.110900 -0.879745 0.254878 -0.022201 -0.670180
368 0 8.206200 0.127590 -0.091772 0.177419 -0.019215 -0.780080
369 0 8.096910 0.094385 -0.351054 0.144357 -0.009306 -0.677940
370 0 8.063510 0.068635 -0.040207 0.091606 -0.005950 -0.887120
371 0 8.868200 0.073060 0.637108 0.124706 -0.008097 -0.886200
373 0 7.652260 0.175805 -0.327905 0.176015 -0.027178 -0.882550
377 0 8.385490 0.040115 -0.566218 0.461565 -0.002975 -0.130230
379 0 8.972350 0.029035 0.262985 0.194715 -0.000769 -0.111870
380 0 9.402930 0.074760 1.287380 0.095520 -0.004659 -0.625440
382 0 7.543140 0.268190 -0.500759 0.286285 -0.065316 -0.814310
383 0 8.807610 0.034065 -0.441897 0.385072 -0.000348 -0.019945
384 0 9.146920 0.037185 0.608476 0.133053 -0.003559 -0.689040
385 0 7.835270 0.119305 -0.448690 0.252140 -0.027542 -0.758090
386 0 8.675110 0.026070 -0.605150 0.541028 -0.003286 -0.169970
387 0 9.449190 0.039360 1.123520 0.094170 -0.003251 -0.828000
389 1 8.739670 0.058615 -2.639160 1.404385 0.039112 0.448880
390 0 9.980220 0.028960 0.933616 0.215611 0.001956 0.247670
391 0 8.112380 0.088910 -0.326926 0.156314 -0.010256 -0.718140
392 0 8.558700 0.090375 0.301197 0.185680 -0.013796 -0.819820
393 0 9.075990 0.037425 0.457119 0.205135 -0.002423 -0.259400
394 0 8.691070 0.210320 0.707517 0.186909 -0.032873 -0.954910
396 0 7.619800 0.117300 -0.532063 0.179276 -0.017253 -0.842890
397 0 8.351990 0.069705 -0.134118 0.149625 -0.006613 -0.595710
398 0 8.886850 0.053100 0.414775 0.146967 -0.006700 -0.869910
399 0 8.870950 0.187440 0.272629 0.285444 -0.037819 -0.919110
401 0 8.184730 0.083075 0.091460 0.121827 -0.009235 -0.816580
402 0 8.327460 0.090100 -0.645904 0.387761 -0.002932 -0.069259
404 0 9.024430 0.052425 0.741331 0.132341 -0.004964 -0.664730
405 0 8.023950 0.221885 -0.151843 0.297723 -0.055684 -0.719590
406 1 8.098450 0.083205 -2.068600 1.534065 -0.066866 -0.238610
408 0 8.178130 0.293905 0.366291 0.220188 -0.050205 -0.957240
409 0 7.542350 0.231510 -0.261051 0.251515 -0.047596 -0.888180
410 0 8.368730 0.192945 0.216451 0.208922 -0.034252 -0.929020
411 0 6.641910 0.350025 -0.926041 0.216422 -0.063253 -0.861880
413 0 8.703600 0.051135 0.175712 0.204747 -0.005927 -0.490960
414 0 8.624340 0.033025 -0.145955 0.214656 -0.003292 -0.383050
415 0 8.692140 0.105055 0.328112 0.162093 -0.014329 -0.757150
416 0 8.268990 0.086375 -0.617380 0.257719 -0.005693 -0.215240
417 1 7.109610 0.052030 0.781575 0.280894 -0.009317 -0.642840
418 0 7.909180 0.174655 -0.190093 0.194866 -0.030896 -0.847450
419 0 8.374810 0.122885 0.648457 0.083681 -0.009624 -0.879640
421 0 8.458530 0.144880 0.702791 0.101474 -0.012903 -0.903840
422 0 8.563820 0.071115 -0.211787 0.245818 -0.004206 -0.180660
424 1 8.000340 0.042425 -1.725450 0.617995 0.011651 0.385870
427 0 8.266720 0.034035 -1.260270 0.560499 0.004166 0.214290
428 0 8.157680 0.083590 -0.386958 0.158216 -0.006628 -0.504440
429 0 7.847050 0.067525 -0.869785 0.228151 -0.003242 -0.194470
430 0 8.526840 0.151375 0.574139 0.133085 -0.017417 -0.939080
431 0 9.957710 0.041835 1.300700 0.151760 -0.004726 -0.759150
432 0 8.196140 0.054895 -0.658988 0.369798 -0.011004 -0.391280
433 0 9.329170 0.099310 0.968512 0.155310 -0.012865 -0.756630
435 0 7.449670 0.233175 0.196305 0.104244 -0.023263 -0.875960
437 0 9.222180 0.017720 -0.028638 0.241733 0.000817 0.173730
438 0 9.683540 0.114965 1.048590 0.202204 -0.012784 -0.555770
439 0 9.368860 0.038940 1.316760 0.063205 -0.001611 -0.609410
444 0 8.203670 0.080355 -0.004364 0.132088 -0.009313 -0.822690
445 0 8.391300 0.105285 0.410140 0.112625 -0.011180 -0.852740
446 0 8.120060 0.127405 0.439746 0.086768 -0.009342 -0.837760
447 0 7.683940 0.119170 -0.422002 0.194154 -0.018535 -0.777640
450 0 9.440710 0.045025 1.082260 0.115153 -0.003982 -0.778830
452 0 7.548560 0.193915 0.400060 0.114763 -0.020425 -0.817640
453 0 7.333830 0.192860 -0.354536 0.155410 -0.023747 -0.852870
455 0 9.144500 0.044370 0.633652 0.136592 -0.004541 -0.733830
456 1 8.111190 0.036120 -5.461770 2.106105 -0.021782 -0.225940
457 0 8.871360 0.041920 0.296799 0.171161 -0.003302 -0.352250
459 0 9.014410 0.062410 0.568274 0.186197 -0.009558 -0.778690
460 0 9.151570 0.042975 0.533027 0.154772 -0.000783 -0.097404
461 0 10.245700 0.039150 1.785510 0.140825 -0.002762 -0.432040
463 0 7.536910 0.256450 -0.179873 0.183676 -0.039666 -0.750300
465 0 8.157090 0.066730 -0.100831 0.119539 -0.006140 -0.786520
466 0 8.260890 0.056475 -0.320144 0.269436 -0.007078 -0.401940
468 0 7.889640 0.061290 -0.698382 0.258659 -0.009994 -0.603870
469 1 9.742070 0.062580 -0.243288 0.531471 0.001545 0.026591
471 0 8.225960 0.205005 0.358868 0.170749 -0.030920 -0.880860
474 0 7.641050 0.066340 -0.727324 0.174852 -0.008295 -0.675820
475 0 8.237990 0.100580 -0.396150 0.214063 -0.015912 -0.755610
476 0 7.798890 0.240455 -0.269606 0.254677 -0.057174 -0.750360
478 0 9.176650 0.022185 0.254309 0.241201 0.000069 0.010152
479 0 8.393350 0.057105 -0.354685 0.399269 -0.004211 -0.150350
482 0 7.549120 0.135420 -0.795171 0.243188 -0.028146 -0.826270
483 0 8.044590 0.069710 -0.913107 0.333764 -0.002492 -0.092543
485 0 9.222630 0.064105 0.758085 0.143021 -0.005306 -0.506980
486 0 7.267770 0.143550 0.274349 0.063010 -0.007935 -0.875950
489 0 9.532240 0.040770 1.097370 0.149069 -0.003830 -0.605550
491 1 8.344310 0.058340 -2.149730 1.240059 0.036226 0.493580
492 0 7.418960 0.225620 -0.540418 0.213425 -0.041383 -0.813180
493 0 7.624970 0.123230 -1.011630 0.277202 -0.023447 -0.671790
494 0 8.078790 0.099170 -0.356245 0.153820 -0.011666 -0.800990
496 0 7.871320 0.094505 -1.089880 0.616008 -0.040224 -0.410450
498 0 8.202300 0.098880 -0.667355 0.257603 0.001127 0.041359
499 0 8.418040 0.131835 0.792278 0.077708 -0.009819 -0.935820
500 1 8.827660 0.023945 -5.902490 3.800080 -0.006139 -0.067392
502 0 8.791940 0.059905 0.396070 0.117057 -0.004808 -0.618840
503 0 7.432430 0.209695 -0.400599 0.162886 -0.026988 -0.900360
505 0 7.684740 0.211210 -0.230022 0.185392 -0.035132 -0.872970
510 0 9.145060 0.050535 0.220575 0.236885 0.000647 0.054083
511 0 7.800840 0.113670 -0.615224 0.219498 -0.022154 -0.843970
512 0 8.421810 0.050105 0.174816 0.115083 -0.004455 -0.733570
513 0 9.752660 0.051475 1.420590 0.090550 -0.003661 -0.600800
514 0 7.451890 0.092815 -0.904605 0.212695 -0.015954 -0.672110
515 0 8.551110 0.043945 -0.803427 0.345286 0.008421 0.510420
516 0 7.114480 0.242300 -0.544634 0.157295 -0.032932 -0.855190
517 0 8.386210 0.067220 -0.035044 0.172491 -0.009050 -0.651050
518 0 8.262870 0.055530 -0.289748 0.166702 -0.003313 -0.326670
519 0 8.617860 0.109820 0.554820 0.137642 -0.012066 -0.822130
520 0 8.184100 0.085515 -0.131345 0.122673 -0.009970 -0.908250
521 0 8.117060 0.046805 -0.373839 0.137543 -0.004240 -0.596690
526 0 9.693190 0.071550 1.437580 0.132455 -0.008287 -0.812520
528 0 9.652880 0.064445 1.352500 0.174605 -0.019836 -0.766150
529 0 8.910070 0.043775 0.427099 0.120339 -0.003951 -0.710870
530 0 7.448340 0.215185 -0.914865 0.306071 -0.056086 -0.832880
533 0 7.749740 0.050460 -0.720641 0.124854 -0.003082 -0.404040
535 0 8.307000 0.045425 -0.453287 0.268930 -0.002586 -0.194550
536 0 7.033210 0.345530 -0.896383 0.307297 -0.085471 -0.858200
537 0 9.101240 0.067940 0.031337 0.251478 -0.000004 -0.000211
538 0 8.801050 0.076870 0.909163 0.073113 -0.004682 -0.854760
541 0 8.406390 0.087975 0.132962 0.144285 -0.012174 -0.900420
542 0 7.382540 0.101305 -0.624274 0.123114 -0.010947 -0.875260
544 0 8.942370 0.067740 0.781309 0.117162 -0.007258 -0.877650
549 0 9.696990 0.047785 1.320650 0.131265 -0.002702 -0.378670
550 0 7.380630 0.264190 0.236834 0.127562 -0.033419 -0.878360
552 0 8.698800 0.052285 -0.439379 0.287247 0.004530 0.304310
553 1 7.581710 0.250990 0.893568 0.401539 -0.091707 -0.792220
554 0 8.292610 0.116670 -0.246933 0.232907 -0.021383 -0.628470
555 0 7.930930 0.079825 -0.464107 0.198999 -0.012194 -0.683570
556 0 7.375440 0.085230 -0.929608 0.140548 -0.009700 -0.710240
557 0 8.956740 0.072950 0.898387 0.089730 -0.005677 -0.818450
558 0 7.426360 0.191220 -0.462327 0.161454 -0.027071 -0.863760
559 0 6.916550 0.254570 -0.603582 0.202972 -0.045345 -0.917670
562 0 8.144620 0.242115 0.487294 0.154040 -0.030821 -0.911200
563 0 9.270280 0.064345 0.532663 0.166191 -0.003179 -0.292250
566 0 9.493170 0.036375 0.731399 0.158167 0.000849 0.119030
569 0 9.169790 0.046330 0.762929 0.127688 -0.002786 -0.413050
570 0 7.754100 0.215080 -0.025632 0.165238 -0.035761 -0.887800
571 0 9.901900 0.048565 1.515890 0.143415 -0.004943 -0.670930
573 0 7.681080 0.151690 -0.105641 0.111100 -0.015619 -0.898600
574 0 8.340260 0.050380 -0.218413 0.127668 -0.002823 -0.372210
575 0 7.849110 0.070630 -0.530591 0.118504 -0.005763 -0.682950
577 0 8.282150 0.072660 -0.442272 0.196456 -0.003595 -0.246170
578 0 9.533090 0.026020 0.573968 0.210736 0.000885 0.119170
579 0 8.527430 0.036445 -0.224049 0.232440 -0.004704 -0.465190
581 0 7.694350 0.304155 -0.697696 0.472485 -0.113340 -0.699930
582 0 8.469880 0.050185 0.083406 0.132816 -0.003689 -0.491820
583 0 7.829710 0.113595 -0.754925 0.378228 -0.032440 -0.574760
584 0 8.236490 0.131640 0.095796 0.156246 -0.018922 -0.813850
585 1 7.557750 0.099065 0.873046 0.089529 -0.011268 -0.712330
586 0 9.697230 0.058050 1.556600 0.094625 -0.004518 -0.821190
587 0 8.739650 0.058795 0.409270 0.108941 -0.004427 -0.583740
588 0 9.553480 0.032515 0.973316 0.126344 -0.002772 -0.646100
589 0 8.833750 0.088325 0.283075 0.127007 -0.007981 -0.728800
590 0 7.879330 0.131535 -0.284709 0.171258 -0.019800 -0.814580
592 0 9.369380 0.043055 0.947504 0.120150 -0.003033 -0.569480
594 0 7.376350 0.263610 -0.513073 0.228834 -0.053478 -0.869460
595 0 8.204490 0.070710 -0.269304 0.163438 -0.008294 -0.631710
596 0 10.114100 0.029250 1.460280 0.169965 -0.001086 -0.156270
600 0 8.150140 0.128265 0.134238 0.143759 -0.015763 -0.849170
601 0 7.249000 0.208715 -0.614055 0.171053 -0.029511 -0.802970
602 0 7.564500 0.226740 -0.309597 0.254710 -0.049749 -0.929750
603 0 8.439810 0.083900 -0.707040 0.394553 0.004299 0.116460
604 0 8.722730 0.067360 0.604758 0.088395 -0.005522 -0.908280
606 0 8.391880 0.077490 -0.675161 0.455777 0.005769 0.144840
607 0 8.590250 0.060275 0.216200 0.148203 -0.006134 -0.510000
608 0 8.820920 0.051530 0.515311 0.096009 -0.003665 -0.640400
610 0 7.795880 0.050855 -0.845180 0.275840 -0.006770 -0.429040
611 0 9.602920 0.036290 1.049030 0.181341 -0.002839 -0.360330
614 0 7.561140 0.156160 -0.855777 0.388056 -0.050206 -0.649660
616 0 9.363620 0.062705 1.098270 0.095080 -0.006391 -0.676650
617 0 8.093240 0.088615 -0.752871 0.469196 -0.011367 -0.199610
618 0 8.865270 0.110760 0.829055 0.116539 -0.012463 -0.895760
619 0 9.508480 0.043965 1.371560 0.079130 -0.001982 -0.529890
620 0 8.260590 0.105490 -0.504101 0.155887 -0.016457 -0.893860
621 0 8.420540 0.065095 0.001510 0.144006 -0.006810 -0.675180
622 0 7.201550 0.435575 -0.449342 0.302143 -0.127760 -0.768930
624 0 9.527900 0.027725 0.897690 0.150003 -0.001555 -0.327500
629 0 7.944620 0.136505 0.040078 0.120010 -0.015445 -0.942230
630 0 9.358020 0.076285 0.825013 0.142142 -0.005743 -0.467720
631 0 7.155390 0.171965 -1.356270 0.322620 -0.057618 -0.665010
633 0 9.380410 0.059500 1.045460 0.125657 -0.005930 -0.860460
635 0 7.359050 0.106320 -0.977383 0.189930 -0.017589 -0.754930
636 0 9.089920 0.091645 1.024580 0.098550 -0.008070 -0.913950
638 0 8.687960 0.053555 0.441256 0.102238 -0.004818 -0.844670
639 0 6.949460 0.190565 -1.173910 0.263824 -0.040998 -0.827010
643 0 8.820220 0.039800 0.200085 0.177392 -0.005718 -0.773930
644 0 8.384840 0.081170 -0.024581 0.205353 -0.015005 -0.663190
645 0 9.455550 0.024195 0.726839 0.189288 -0.002464 -0.480370
647 0 9.999760 0.029530 1.322300 0.185005 -0.002930 -0.431570
649 0 8.113240 0.056485 -0.533677 0.271190 -0.008801 -0.468580
650 0 8.397170 0.158965 0.118244 0.203839 -0.033772 -0.862870
653 0 8.420870 0.064435 -0.346123 0.224929 -0.005059 -0.326760
654 0 7.885920 0.046245 -1.316570 0.423232 0.003266 0.137000
655 1 8.372940 0.072845 -1.638540 0.481810 0.010120 0.157290
656 0 9.412900 0.030550 0.420047 0.194457 0.001278 0.163050
657 0 9.729600 0.054940 1.031280 0.119746 -0.000976 -0.134280
658 0 8.019760 0.107740 -0.285361 0.198252 -0.019242 -0.818020
659 0 10.195200 0.037450 1.627130 0.100590 -0.001017 -0.177560
660 0 7.957770 0.151595 -0.720513 0.270253 -0.035549 -0.826330
661 1 8.041620 0.050515 -2.515710 0.758235 0.009941 0.249460
662 0 8.192310 0.073730 -0.305587 0.252307 -0.014461 -0.680540
665 0 8.812430 0.015545 -0.565344 0.292204 0.000011 0.002057
666 0 8.341020 0.069500 -0.184949 0.240546 -0.012789 -0.771240
669 0 8.010310 0.075085 -0.289652 0.139433 -0.008546 -0.730510
672 0 9.011620 0.051885 0.553149 0.129604 -0.003431 -0.451770
673 0 7.558620 0.193405 -0.586426 0.232424 -0.037966 -0.853150
674 0 7.920980 0.084975 0.087445 0.072053 -0.004831 -0.830150
675 0 7.771180 0.033940 -1.389070 0.330820 0.002784 0.220280
676 0 9.077450 0.040950 0.417736 0.216391 -0.007789 -0.794830
677 0 7.385650 0.262525 -1.070660 0.397017 -0.088758 -0.672580
678 0 10.632100 0.029550 1.669470 0.194260 -0.000993 -0.121150
679 0 7.306820 0.177525 -0.277024 0.102526 -0.017224 -0.885090
680 0 9.747320 0.031450 1.077280 0.143745 -0.002904 -0.631470
682 0 8.261450 0.122605 -0.113570 0.201600 -0.022648 -0.715650
683 0 10.113400 0.050000 0.995852 0.247233 -0.000319 -0.021022
685 0 8.965130 0.059195 0.616856 0.142409 -0.005711 -0.661140
686 0 9.076940 0.042645 0.661254 0.126469 -0.004177 -0.767110
687 0 8.353780 0.051410 0.055168 0.124591 -0.004342 -0.609910
688 0 8.650920 0.016635 -0.684918 0.281615 0.001129 0.248250
689 0 8.814310 0.035570 -0.066343 0.258222 0.001493 0.120160
690 0 8.264390 0.084425 -0.334629 0.149864 -0.007129 -0.554500
691 0 9.318360 0.042155 0.902998 0.135105 -0.003936 -0.544280
692 0 8.740250 0.074380 0.297202 0.183589 -0.011013 -0.661470
695 0 9.537200 0.044370 0.849382 0.171356 -0.000440 -0.043551
696 0 7.656380 0.216265 -0.513183 0.277566 -0.052833 -0.791360
697 0 7.993520 0.090915 -0.676834 0.419166 -0.032272 -0.612450
701 0 7.490060 0.100525 -1.439100 0.497855 -0.021157 -0.329180
702 0 9.158030 0.061095 -0.016071 0.172488 -0.001891 -0.174300
703 0 7.365510 0.272035 -0.404287 0.204045 -0.052267 -0.856140
706 0 7.600980 0.145345 -0.808364 0.278987 -0.034255 -0.750420
708 0 9.878550 0.053105 1.701250 0.109610 -0.003777 -0.628440
709 0 8.161900 0.085685 -0.249970 0.158728 -0.009590 -0.657860
710 0 7.900920 0.067110 -1.301870 0.542112 0.000680 0.015761
711 0 10.012400 0.055600 1.643390 0.112880 -0.004531 -0.593390
712 0 7.190810 0.226925 -0.670730 0.245522 -0.050124 -0.898980
714 0 7.944190 0.080005 -0.478397 0.183260 -0.010498 -0.636900
716 0 6.779870 0.341430 -1.038880 0.262625 -0.069892 -0.849030
718 0 9.943500 0.022830 0.646505 0.288499 0.002471 0.298520
722 0 9.430960 0.038830 1.111780 0.090565 -0.002785 -0.814210
723 0 9.621680 0.034740 1.124370 0.121605 -0.003164 -0.504010
725 0 7.733350 0.054040 -1.593990 0.677388 0.000854 0.020248
726 0 8.656560 0.057700 0.041344 0.201149 -0.006415 -0.422700
727 0 7.178230 0.289435 -0.948975 0.320313 -0.077478 -0.805670
729 0 9.252940 0.102245 0.972408 0.145242 -0.013692 -0.769930
730 0 8.224940 0.079180 -0.260359 0.215185 -0.014454 -0.658100
731 0 9.090550 0.034605 0.136897 0.251132 0.003358 0.327560
732 0 10.048300 0.044900 1.511290 0.131455 -0.008145 -0.671940
733 0 9.987990 0.046220 1.598930 0.125300 -0.004890 -0.662230
738 0 7.930270 0.081270 -0.835077 0.250672 -0.007414 -0.353920
740 0 8.021800 0.171605 -0.282228 0.243723 -0.037128 -0.866420
741 0 9.896300 0.034185 1.327010 0.126540 -0.003391 -0.574040
747 0 7.753720 0.121065 -0.593624 0.224545 -0.022539 -0.749170
748 0 9.649440 0.067755 1.225650 0.170820 -0.008685 -0.725170
750 0 7.392350 0.096210 -1.513200 0.361200 -0.006806 -0.156350
753 0 9.869320 0.051905 1.322040 0.216770 -0.007167 -0.480900
755 0 7.116430 0.231290 -0.866511 0.219000 -0.042005 -0.858710
756 0 8.440690 0.044765 -0.361190 0.336865 -0.009751 -0.465320
757 0 10.458600 0.061250 1.987610 0.206860 -0.007408 -0.571800
758 0 7.298370 0.097880 -0.623001 0.101938 -0.008163 -0.840940
759 0 7.042890 0.451245 -0.735315 0.338124 -0.116770 -0.907310
760 0 9.718170 0.047795 1.206450 0.147615 -0.004855 -0.686420
761 0 9.697370 0.078730 1.042200 0.158790 -0.006741 -0.515270
762 0 9.795810 0.051185 1.370280 0.117595 -0.003055 -0.422660
763 0 8.767420 0.049845 0.453063 0.106574 -0.003995 -0.673900
764 0 10.027000 0.093635 1.291160 0.130765 -0.005501 -0.478090
766 0 8.562740 0.056250 0.013291 0.123664 -0.003853 -0.525950
767 0 6.894540 0.220970 -0.597740 0.166997 -0.030847 -0.830570
768 0 10.036500 0.045705 1.760590 0.086950 -0.004012 -0.659420
769 0 8.697660 0.068060 -0.241948 0.196533 0.003014 0.222780
770 0 9.409620 0.025875 0.154138 0.298714 0.003714 0.357010
771 0 9.363330 0.046225 0.844053 0.129205 -0.004165 -0.687110
772 0 8.013930 0.127645 0.278528 0.085253 -0.009281 -0.901020
773 0 9.528760 0.075375 1.135920 0.171970 -0.010814 -0.653630
777 0 8.259550 0.072515 -0.337229 0.157293 -0.006304 -0.558100
778 0 9.350570 0.068585 0.763990 0.197681 -0.003437 -0.248670
780 0 8.009170 0.135035 -0.366192 0.264038 -0.033807 -0.741430
781 0 8.759820 0.029810 -0.391916 0.278305 0.002462 0.242730
782 0 9.680130 0.024680 0.786445 0.225559 0.000448 0.057002
784 0 8.272480 0.087895 -0.298210 0.183335 -0.010897 -0.682490
785 0 7.332000 0.322745 -0.531647 0.255278 -0.067719 -0.898790
786 0 9.921140 0.038385 1.252550 0.161660 -0.005128 -0.772000
788 0 9.123090 0.023535 0.159680 0.456895 -0.000377 -0.025848
792 0 7.650350 0.229270 -0.119717 0.159276 -0.030990 -0.927660
793 0 8.992910 0.082590 0.684555 0.168002 -0.011835 -0.863900
797 0 7.744950 0.130140 -0.271920 0.170830 -0.019838 -0.838970
798 0 8.115720 0.078515 -0.510142 0.283222 -0.015507 -0.538630
799 0 9.286560 0.033385 0.301447 0.201928 0.001393 0.181480
800 0 9.158630 0.041075 0.699742 0.110054 -0.003484 -0.685620
803 0 8.904350 0.071485 0.832673 0.089682 -0.005262 -0.763710
805 1 7.907700 0.023420 -1.632030 0.369005 0.000326 0.036563
806 0 7.649320 0.164120 -0.775253 0.259039 -0.037398 -0.764100
809 0 9.872490 0.055390 1.519620 0.113045 -0.004089 -0.592410
810 0 9.058970 0.042410 -0.487403 0.308361 0.007751 0.514320
811 0 7.371890 0.294220 -0.572972 0.259144 -0.070953 -0.806330
812 0 9.273300 0.051275 1.085720 0.098608 -0.003107 -0.601300
814 0 10.319400 0.036100 1.788090 0.121155 -0.000504 -0.097690
815 0 8.179980 0.062600 -0.964453 0.627324 0.003741 0.073566
816 0 10.132700 0.042300 1.632160 0.161960 -0.003316 -0.411240
817 0 8.455730 0.172215 0.186737 0.238643 -0.038569 -0.757460
821 0 8.027120 0.077560 -0.506232 0.159619 -0.008837 -0.717920
822 0 9.029660 0.052815 0.504670 0.164514 -0.003336 -0.337530
824 0 8.901840 0.098535 0.599772 0.149064 -0.011471 -0.715100
825 1 8.542350 0.037930 -2.843690 1.146220 0.020267 0.500920
826 0 9.202750 0.067825 0.838741 0.163692 -0.008533 -0.782570
827 0 7.582420 0.032720 -1.653200 0.362245 0.000658 0.048258
828 0 10.453800 0.031000 1.672810 0.180560 -0.003611 -0.356630
829 0 8.621840 0.030210 -0.334537 0.263847 0.001721 0.174450
830 0 9.469080 0.058745 1.217060 0.112305 -0.004165 -0.635410
831 0 10.428700 0.085450 2.307160 0.122420 -0.010184 -0.833720
832 0 8.673570 0.048995 -0.728536 0.295615 0.006061 0.392510
835 0 8.751090 0.045500 0.287735 0.140337 -0.003551 -0.455960
836 0 8.132310 0.141030 0.086180 0.142294 -0.021670 -0.813080
837 0 9.672230 0.039115 0.982523 0.185656 -0.000709 -0.081935
838 0 9.418710 0.019565 0.390792 0.252003 0.002005 0.274950
841 0 9.576300 0.062550 1.386210 0.097170 -0.005985 -0.892170
842 0 9.209590 0.092285 0.228297 0.187656 -0.002679 -0.163720
845 0 7.928690 0.106370 -0.638355 0.245369 -0.028263 -0.723210
848 0 8.883010 0.052835 0.402449 0.143843 -0.003010 -0.350480
849 0 9.439230 0.052310 0.857735 0.189696 -0.006684 -0.589980
850 0 8.316000 0.092730 -0.087158 0.193510 -0.019303 -0.766350
851 0 8.023430 0.066290 -1.436650 0.463894 0.017755 0.561330
852 0 8.278120 0.097990 -0.851926 0.446367 0.013189 0.273820
853 0 10.126200 0.050050 1.676070 0.134400 -0.004449 -0.550560
855 0 10.037000 0.063520 1.922160 0.099525 -0.005011 -0.705700
856 0 8.885500 0.021470 -0.767626 0.337418 0.004951 0.540750
857 0 9.182370 0.043730 0.770601 0.100776 -0.003667 -0.787470
858 0 8.390680 0.054215 -0.114796 0.214150 -0.006554 -0.429730
860 0 7.696820 0.163660 0.217977 0.093838 -0.012903 -0.812280
862 0 10.405100 0.034900 1.653790 0.226270 -0.002320 -0.183970
863 0 9.781800 0.052435 1.313480 0.113935 -0.002057 -0.299400
864 0 8.928930 0.060240 0.650449 0.116431 -0.006100 -0.793250
865 0 9.639510 0.025540 0.578741 0.282295 0.001572 0.186190
866 0 9.130380 0.025650 0.249481 0.252521 -0.000367 -0.040994
867 0 10.604300 0.052200 1.179400 0.128275 -0.004208 -0.601890
868 0 8.873260 0.070555 0.665383 0.110527 -0.005961 -0.728520
870 0 8.093600 0.159410 -0.327270 0.445753 -0.053589 -0.579040
872 0 9.686100 0.040735 0.141905 0.369101 0.004706 0.269760
875 0 9.390600 0.030890 0.320520 0.392704 0.003762 0.273640
876 0 7.692770 0.210325 0.461558 0.191811 -0.151570 -0.827110
879 0 9.523930 0.050250 0.786585 0.208048 -0.001322 -0.111580
880 0 9.506150 0.035345 -0.055574 0.427330 -0.005790 -0.146140
881 0 9.657300 0.029525 0.874451 0.213153 -0.001433 -0.178800
883 0 9.547490 0.098815 1.202290 0.153825 -0.011270 -0.721430
884 0 9.758320 0.043105 1.221400 0.129685 -0.002578 -0.340060
885 0 9.139130 0.039935 0.574035 0.158722 -0.003766 -0.439900
886 0 9.529560 0.075025 1.240950 0.149740 -0.011940 -0.769850
887 0 8.941510 0.059685 0.241061 0.210621 -0.000924 -0.069849
888 0 9.794050 0.037580 1.230140 0.134310 -0.003702 -0.721730
890 0 10.357200 0.080950 2.064950 0.090675 -0.006727 -0.820980
891 0 9.279230 0.078425 0.467873 0.206779 -0.007363 -0.454800
893 0 8.886930 0.068105 -0.246416 0.423277 0.002796 0.094078
894 0 10.202800 0.030300 1.447410 0.209990 0.000183 0.022876
897 0 9.844910 0.034265 0.951011 0.203084 -0.001005 -0.118040
898 0 10.406600 0.034200 1.009720 0.444705 -0.007650 -0.477800
899 0 9.748190 0.064185 1.191240 0.151760 -0.004364 -0.447500
901 0 9.948810 0.031365 1.417590 0.152110 -0.001469 -0.249020
902 0 9.929720 0.054310 1.322830 0.136540 -0.005014 -0.441060
903 0 8.473600 0.163530 0.289274 0.192457 -0.027661 -0.824920
904 0 9.215390 0.024645 0.404569 0.183106 -0.002487 -0.485400
906 0 9.395500 0.050545 0.864286 0.137709 -0.002776 -0.345760
907 0 9.413490 0.055575 1.205030 0.099540 -0.004202 -0.760660
909 0 8.906310 0.078410 0.435003 0.142284 -0.007808 -0.599070
910 0 9.661710 0.057185 1.652180 0.081730 -0.003120 -0.600930
911 0 9.816630 0.055855 1.315850 0.117035 -0.002112 -0.278770
912 0 9.148020 0.073585 0.616609 0.138136 -0.004290 -0.390570
913 0 9.189420 0.063005 0.873741 0.122350 -0.004672 -0.560440
917 0 10.160000 0.041500 1.476620 0.178740 -0.000898 -0.092453
919 0 9.305200 0.039230 0.648658 0.194898 -0.003708 -0.434800
922 0 9.899490 0.041645 1.454970 0.096525 -0.002527 -0.575580
923 0 10.037100 0.059325 1.588840 0.152685 -0.006265 -0.699450
924 0 10.267400 0.074950 2.107690 0.115980 -0.010762 -0.716100
925 0 9.280030 0.055855 0.532882 0.193826 -0.001488 -0.137720
926 0 9.515130 0.035805 0.829770 0.191697 -0.001133 -0.130560
930 0 10.385400 0.039050 1.741520 0.172775 -0.000749 -0.084127
931 0 9.255060 0.104145 1.566200 0.076875 -0.007051 -0.890880
933 0 10.905800 0.055350 1.645490 0.192220 0.002012 0.201220
934 0 9.530770 0.048335 0.874864 0.249580 -0.007867 -0.588440
936 0 9.103870 0.103565 0.270615 0.183338 -0.007029 -0.376460
937 0 9.639560 0.087025 1.094380 0.178070 -0.009585 -0.552090
939 0 9.064820 0.065065 0.458207 0.247793 -0.009375 -0.510780
940 0 9.528010 0.033880 0.692990 0.247176 -0.006658 -0.728510
942 0 9.631070 0.076075 1.402510 0.146845 -0.008082 -0.786640
944 0 9.380660 0.053520 0.766305 0.206109 -0.003534 -0.290700
946 0 9.577980 0.055725 1.351380 0.102880 -0.005346 -0.873500
947 0 9.719440 0.043265 1.113510 0.158176 -0.001477 -0.188080
948 0 9.634730 0.052905 1.187230 0.151895 -0.004412 -0.462050
949 0 10.677700 0.048750 0.963859 0.638704 0.008436 0.223560
950 0 10.302900 0.026800 1.266560 0.259615 0.001735 0.179900
952 0 9.700260 0.093730 1.470360 0.156220 -0.012556 -0.768910
956 0 9.194500 0.152205 0.449097 0.235130 -0.024387 -0.678480
957 1 10.454000 0.032600 -0.370239 0.957519 -0.001565 -0.018847
958 0 9.422320 0.066890 0.389322 0.222055 -0.000744 -0.048512
960 0 10.884200 0.031500 1.116530 0.154990 0.003262 0.267960
961 0 10.407400 0.054400 1.894440 0.115905 -0.001749 -0.253770
964 0 9.237320 0.066990 0.817680 0.161432 -0.009500 -0.819680
968 0 10.545100 0.044950 0.701619 0.510298 -0.045761 -0.505190
969 0 9.775600 0.031390 0.445177 0.255782 0.003725 0.400020
970 0 9.346310 0.056895 1.072300 0.121850 -0.005438 -0.694570
973 1 10.394100 0.036300 -0.038519 1.294430 -0.023357 -0.182590
975 0 9.512330 0.052945 1.351970 0.096040 -0.004932 -0.841020
976 0 10.695600 0.043350 2.216690 0.217000 -0.007616 -0.742700
978 0 10.090300 0.045000 1.792840 0.091300 -0.002874 -0.600140
979 0 10.434100 0.055100 1.320630 0.325956 -0.003974 -0.185460
981 0 9.814910 0.065260 1.428130 0.188985 -0.008857 -0.672650
982 0 9.200310 0.092965 1.032640 0.132711 -0.010496 -0.802980
983 0 10.038300 0.091590 1.336910 0.163435 -0.008205 -0.516960
984 0 10.145900 0.043900 1.887920 0.080975 -0.004937 -0.717630
986 0 8.622440 0.112615 0.541485 0.134033 -0.012764 -0.812840
988 0 9.859980 0.034310 1.206240 0.144490 -0.000951 -0.145070
989 0 9.303430 0.100355 0.384634 0.160657 -0.006735 -0.439660
991 0 9.920690 0.061130 1.442280 0.131945 -0.003271 -0.393710
995 0 10.037900 0.043295 1.530560 0.148235 -0.002595 -0.311680
996 0 8.739140 0.051400 0.732166 0.078225 -0.003103 -0.763330
997 0 9.365970 0.062340 1.219270 0.095250 -0.005831 -0.884350
999 0 10.131000 0.056050 1.865050 0.117555 -0.014076 -0.787730
1003 0 10.187600 0.034800 1.570740 0.133720 -0.001478 -0.265010
1005 0 10.142700 0.070800 1.596150 0.132060 -0.006547 -0.719040
1006 0 10.019100 0.089775 1.398700 0.177315 -0.008525 -0.403630
1007 0 8.190350 0.187465 0.782958 0.144804 -0.025530 -0.956540
1012 0 9.058950 0.071330 0.943330 0.104442 -0.006886 -0.878950
1013 0 10.452600 0.042450 1.750360 0.268620 -0.004457 -0.346490
1015 0 10.205600 0.041400 0.876184 0.286340 0.005256 0.407350
1016 0 10.111000 0.028500 0.586084 0.371947 -0.013522 -0.358000
1017 0 9.241350 0.096200 0.964942 0.168901 -0.013537 -0.815510
1018 0 8.764180 0.058945 -0.082610 0.336670 0.001061 0.049127
1019 0 8.726950 0.091430 0.578746 0.145411 -0.010799 -0.768170
1022 0 10.860000 0.054650 1.365140 0.498289 -0.027996 -0.372640
1024 0 10.847500 0.088100 2.302010 0.177220 -0.013400 -0.810240
1027 0 9.764590 0.062530 1.446900 0.123645 -0.006251 -0.735330
1028 0 10.083300 0.035450 0.666229 0.303237 0.006708 0.491870
1030 0 9.869900 0.052730 0.732962 0.290522 0.003482 0.204540
1031 0 10.523700 0.061500 1.212230 0.318837 0.005714 0.273840
1032 0 9.989760 0.094005 1.941830 0.118035 -0.009640 -0.842660
1034 0 9.230600 0.089995 0.851464 0.191977 -0.014866 -0.740130
1035 0 9.690070 0.039765 0.953577 0.294542 -0.023440 -0.619450
1037 0 10.868700 0.035250 1.673030 0.300725 -0.020492 -0.460070
1040 0 9.223150 0.057400 1.177810 0.086835 -0.003443 -0.624500
