# id,x_refit,sx_refit,y_refit,sy_refit,covxy_refit,corrxy_refit
1 1.023280 0.056250 1.294279 0.137785 -0.005318 -0.672540
2 1.067880 0.108100 1.027069 0.199715 -0.015815 -0.652300
3 0.274870 0.103310 0.781859 0.120675 -0.011964 -0.881100
4 0.067400 0.066415 0.219676 0.145876 -0.009304 -0.748320
5 0.498070 0.073325 0.116950 0.201181 0.002315 0.153920
6 0.150240 0.066900 0.518339 0.100228 -0.005034 -0.743040
7 0.091240 0.057575 0.271772 0.152215 -0.004828 -0.523480
8 0.911980 0.040450 0.692309 0.270438 -0.004961 -0.345560
10 0.897630 0.064445 0.916489 0.137840 -0.004715 -0.466370
12 0.300220 0.041355 -0.004515 0.215903 0.001955 0.173270
13 0.734000 0.016390 -0.041467 0.243731 0.000394 0.095236
15 0.136050 0.038730 -0.738887 0.608994 -0.002690 -0.063913
16 0.741260 0.053100 0.825059 0.146590 -0.004308 -0.460310
18 0.359210 0.085225 0.305655 0.149392 -0.008667 -0.702200
19 -0.010340 0.087130 0.143271 0.187548 -0.013185 -0.809340
20 -0.019180 0.059555 -0.113381 0.208495 -0.003461 -0.234040
21 0.199490 0.062760 0.573329 0.092080 -0.004540 -0.795840
22 1.816979 0.045400 1.975589 0.157360 -0.004570 -0.602080
23 -0.073800 0.066290 0.092122 0.127725 -0.006562 -0.652060
24 0.246810 0.095525 0.020299 0.193566 -0.002803 -0.148560
25 0.819830 0.050410 0.922429 0.131665 -0.005234 -0.630900
26 1.320880 0.038600 1.180589 0.144290 0.000553 0.071237
27 0.858370 0.035450 0.837939 0.173895 -0.002412 -0.312860
28 1.269979 0.068200 1.018339 0.162720 -0.001264 -0.113460
29 1.667080 0.107400 1.212439 0.174065 -0.002684 -0.148460
30 0.348820 0.060655 0.435409 0.174252 -0.009737 -0.767340
32 0.796260 0.028590 0.547289 0.168241 -0.001355 -0.196230
33 0.423389 0.060895 0.630579 0.132405 -0.006477 -0.814860
34 -0.031680 0.051110 0.022107 0.146872 -0.004905 -0.551140
35 0.107340 0.079180 0.247469 0.160624 -0.009931 -0.653920
38 0.566090 0.066570 0.245184 0.258773 0.004058 0.249120
39 -0.122090 0.071360 0.351749 0.095381 -0.005157 -0.776060
40 0.569690 0.035085 0.632189 0.095230 -0.002401 -0.663320
41 0.165750 0.071395 0.377380 0.146696 -0.009991 -0.899000
42 0.257790 0.042460 0.265629 0.146746 -0.002299 -0.306950
44 -0.330410 0.078445 0.226963 0.091489 -0.006498 -0.850760
45 0.363290 0.049100 0.649539 0.110390 -0.004598 -0.805970
48 0.401609 0.045495 0.511499 0.125258 -0.004490 -0.733800
50 0.181410 0.064370 0.468969 0.119106 -0.007035 -0.842440
53 0.145410 0.045815 0.687599 0.062390 -0.002048 -0.707550
54 -0.925600 0.147300 -0.277974 0.121976 -0.016549 -0.883190
55 0.085380 0.069750 0.301859 0.166337 -0.009217 -0.743260
58 1.083480 0.095750 1.314209 0.209025 -0.028955 -0.828320
62 0.907680 0.039560 0.653019 0.293409 -0.000198 -0.014043
63 0.711750 0.067625 0.065807 0.169161 0.002760 0.252460
64 -0.035830 0.120575 0.462619 0.119899 -0.012860 -0.914770
65 -0.150630 0.147280 0.158875 0.184861 -0.024730 -0.866110
68 0.597780 0.048145 -0.051906 0.281651 0.004016 0.255700
69 0.007710 0.054365 0.204165 0.110804 -0.005551 -0.831420
73 0.171280 0.067600 0.381600 0.146852 -0.006440 -0.610760
74 0.093530 0.074190 0.187977 0.149837 -0.007434 -0.621240
75 0.705729 0.056995 0.933539 0.125600 -0.003454 -0.466530
77 1.634380 0.040600 0.493059 0.703367 -0.000510 -0.010515
79 1.264680 0.064150 0.963199 0.163800 -0.000477 -0.043511
81 0.603209 0.040110 0.571419 0.149176 -0.002647 -0.392540
84 0.872290 0.052615 1.215719 0.090800 -0.002857 -0.622610
85 0.464620 0.037650 0.665609 0.091365 -0.002974 -0.815570
86 1.116580 0.109100 1.040079 0.151475 -0.011164 -0.672230
87 0.803289 0.048115 0.968009 0.134935 -0.003577 -0.462120
88 1.166280 0.061950 1.252329 0.132630 -0.002982 -0.322750
89 0.240109 0.098010 -0.202741 0.175679 -0.014872 -0.908260
90 0.027730 0.079060 -0.138276 0.204627 -0.007462 -0.433540
91 1.046580 0.043400 1.104379 0.194915 -0.009721 -0.565730
92 0.165920 0.058755 0.271867 0.141478 -0.006749 -0.864710
93 0.476769 0.070450 0.630099 0.124145 -0.007143 -0.754170
94 0.983479 0.023950 0.459049 0.312207 0.002039 0.203900
96 0.763390 0.049875 0.926419 0.122335 -0.003570 -0.555320
98 0.112250 0.101600 0.798319 0.082715 -0.007532 -0.883890
101 0.838290 0.045875 0.850399 0.132605 -0.005332 -0.833460
104 0.020080 0.069030 0.402382 0.124515 -0.005153 -0.626260
106 -0.102961 0.074655 -0.614319 0.342772 0.001762 0.068320
108 0.911180 0.047570 0.944279 0.131835 -0.001370 -0.198360
109 0.281320 0.081220 0.057640 0.166363 -0.001849 -0.128860
110 0.966579 0.045950 0.912739 0.158010 -0.001562 -0.180660
112 0.182850 0.076935 0.656029 0.132620 -0.026222 -0.890060
113 0.532160 0.061290 0.410351 0.135864 -0.002338 -0.267870
119 0.913980 0.047025 1.014569 0.119145 -0.002992 -0.495320
120 1.540780 0.096000 0.906639 0.151930 -0.009137 -0.711090
123 -0.037230 0.083370 -0.175897 0.182697 -0.003315 -0.213200
124 -0.342731 0.051875 -0.230357 0.142559 -0.005365 -0.694470
125 0.622070 0.041570 0.642219 0.159330 -0.003652 -0.441750
129 -0.413720 0.071900 -0.140730 0.130483 -0.006130 -0.597900
130 0.661230 0.040910 0.567069 0.180998 -0.002177 -0.253320
132 -0.832601 0.170525 -0.333388 0.245970 -0.035802 -0.853770
133 1.367980 0.057550 1.517889 0.120900 -0.002877 -0.384910
134 0.642159 0.044980 0.736559 0.169040 -0.004562 -0.512590
135 1.968380 0.046500 1.217819 0.457945 -0.001394 -0.040242
139 0.750330 0.093665 0.999339 0.136185 -0.010611 -0.802020
140 -0.024780 0.087185 0.316019 0.137009 -0.010546 -0.798610
142 -0.365770 0.062430 0.259828 0.056715 -0.002814 -0.843120
143 0.472270 0.034270 0.430619 0.109126 -0.002463 -0.634350
144 -0.507640 0.175730 0.101112 0.154805 -0.024378 -0.934650
145 1.227780 0.028800 1.062659 0.242790 -0.003358 -0.315460
146 1.184880 0.025550 0.746439 0.296500 -0.001977 -0.119940
147 0.062099 0.066380 0.106035 0.156620 -0.007184 -0.546890
148 0.587080 0.042785 0.661449 0.125150 -0.004168 -0.731790
149 0.610470 0.047765 0.369015 0.229380 0.000965 0.088252
150 0.582590 0.088995 0.716329 0.133470 -0.010455 -0.890260
152 0.349710 0.072430 -0.050724 0.211695 0.000696 0.045066
153 0.415820 0.042690 0.300819 0.223255 -0.005120 -0.476330
154 -0.187690 0.093590 0.266736 0.105040 -0.008906 -0.918270
158 -0.121720 0.086175 -0.132191 0.175844 -0.008416 -0.499370
159 1.198280 0.022300 0.904699 0.129690 -0.001452 -0.455680
160 0.188180 0.092990 0.309613 0.183690 -0.014371 -0.761060
161 0.235780 0.051490 0.399866 0.140039 -0.003651 -0.499250
162 0.911480 0.074520 0.828369 0.308385 -0.026995 -0.690770
163 0.173640 0.065440 0.428370 0.130626 -0.007110 -0.885750
167 0.343010 0.050765 0.517979 0.120166 -0.005838 -0.793400
169 0.705160 0.049655 0.820829 0.133670 -0.005056 -0.767710
171 0.500110 0.047825 0.614989 0.159425 -0.004413 -0.527210
172 0.460950 0.060645 0.758529 0.105195 -0.006057 -0.837270
175 1.756780 0.021200 1.072499 0.455260 0.003719 0.320550
176 0.117120 0.039255 0.008910 0.174365 -0.002812 -0.345100
177 0.534170 0.082895 0.996159 0.110950 -0.006872 -0.729050
180 0.149890 0.053655 0.539849 0.104870 -0.004386 -0.747420
181 0.818910 0.057810 0.971589 0.128770 -0.006991 -0.692480
182 0.929880 0.050365 0.925679 0.142925 -0.002544 -0.306100
183 -0.193260 0.083880 -0.354811 0.184739 -0.003865 -0.233650
188 0.383970 0.085535 0.739419 0.142965 -0.009549 -0.810790
189 0.520070 0.047415 0.647779 0.115995 -0.004898 -0.869570
190 0.757700 0.025830 0.524519 0.186670 -0.000976 -0.171900
191 0.360510 0.075240 0.669439 0.125100 -0.006512 -0.670440
192 0.397500 0.054260 0.277386 0.233203 -0.006287 -0.425650
194 -0.006810 0.028070 -0.495779 0.388517 -0.002278 -0.161230
195 0.629510 0.046325 0.704099 0.132560 -0.003420 -0.491320
196 1.636580 0.061450 1.045879 0.128535 -0.005516 -0.606380
197 0.404320 0.050415 0.774059 0.084575 -0.003593 -0.814100
199 0.654460 0.035230 0.481049 0.197373 -0.001901 -0.210420
200 -0.176280 0.054690 -0.193792 0.218225 -0.007409 -0.544570
201 0.878040 0.047625 0.912569 0.127965 -0.003541 -0.474110
205 0.855510 0.081935 1.434439 0.082660 -0.005546 -0.824870
206 0.365370 0.085690 0.405462 0.181701 -0.010632 -0.601710
207 0.133100 0.039620 -0.020374 0.207064 -0.001549 -0.155040
208 0.293250 0.054160 0.545049 0.113526 -0.004601 -0.740360
209 0.033000 0.102850 0.166880 0.151153 -0.012943 -0.840280
210 0.958179 0.060900 1.169849 0.122420 -0.006116 -0.771290
211 0.051810 0.065970 0.434189 0.096433 -0.004791 -0.741820
212 -0.139940 0.088680 0.046691 0.137057 -0.010965 -0.792130
214 -0.223620 0.087900 -0.033616 0.164440 -0.010874 -0.688420
216 0.776170 0.136430 0.931329 0.198635 -0.024909 -0.973290
218 -0.320991 0.056170 -0.040315 0.118316 -0.004612 -0.669910
219 -0.012450 0.073355 0.089840 0.176941 -0.009595 -0.692820
220 0.643990 0.034615 0.564859 0.169671 -0.002786 -0.414670
221 0.401870 0.056775 0.339187 0.149271 -0.000478 -0.055546
223 0.431040 0.073165 0.648829 0.125270 -0.005956 -0.612490
224 0.411270 0.083865 0.285529 0.151927 -0.004421 -0.323100
226 0.404690 0.036960 0.513959 0.101237 -0.002928 -0.752600
227 0.284120 0.083890 0.622629 0.136855 -0.010353 -0.840910
228 0.174540 0.056905 0.263225 0.142822 -0.007265 -0.838610
229 0.424490 0.062535 0.604149 0.155235 -0.007785 -0.726180
230 0.935980 0.032200 0.794039 0.128530 -0.002306 -0.548270
232 0.856709 0.048060 0.869849 0.147665 -0.003173 -0.361870
233 -1.493930 0.319455 -0.476585 0.185948 -0.058283 -0.893200
234 0.505919 0.043850 0.465129 0.225960 -0.023415 -0.706950
238 0.552629 0.033825 0.306776 0.242091 -0.003432 -0.358850
241 -1.438610 0.160655 -1.462442 0.375240 -0.041801 -0.564440
242 -1.339730 0.158405 -0.631033 0.127471 -0.017595 -0.841020
243 -0.291010 0.071170 -0.111513 0.142337 -0.008360 -0.723010
245 -0.593180 0.192960 -0.425762 0.305647 -0.053162 -0.728420
246 -0.685101 0.034255 -0.675940 0.130434 -0.002132 -0.452360
249 -0.050530 0.095770 0.329301 0.139711 -0.010889 -0.836590
252 -0.074710 0.042185 0.283514 0.084667 -0.002772 -0.789410
253 -1.337930 0.120765 -0.730345 0.118172 -0.012243 -0.807920
254 -0.431800 0.093990 -0.150611 0.129862 -0.011293 -0.726560
255 -0.280210 0.077880 -0.057046 0.131592 -0.007938 -0.713160
256 0.087749 0.055370 0.289354 0.143854 -0.006240 -0.646810
259 -1.012660 0.136910 -0.978851 0.261621 -0.031616 -0.597900
260 -0.544220 0.038705 -0.868767 0.316322 -0.001815 -0.118520
262 -0.013041 0.038735 -0.183543 0.208559 -0.002979 -0.276820
264 -0.503420 0.023145 -1.137635 0.294196 0.003738 0.384370
265 0.453910 0.036495 0.299444 0.179060 -0.003124 -0.382860
266 -0.242320 0.056305 -0.027199 0.129879 -0.006021 -0.794640
268 -0.254310 0.065450 -0.333505 0.198454 -0.007158 -0.543760
269 0.664230 0.068655 0.727709 0.164570 -0.006855 -0.526590
270 -1.346500 0.263015 -0.780053 0.252141 -0.061366 -0.723940
271 -1.382820 0.304005 -0.530434 0.213741 -0.056100 -0.856580
272 -0.596020 0.043015 -0.454619 0.130944 -0.004429 -0.762960
273 -1.493350 0.224025 -1.204250 0.225379 -0.044427 -0.761540
274 -0.835930 0.165680 -0.321036 0.169064 -0.026141 -0.856710
277 0.475760 0.076040 0.460359 0.154482 -0.005058 -0.401040
278 -2.022670 0.182160 -0.838361 0.089828 -0.012997 -0.791130
280 0.576550 0.039340 0.601659 0.106450 -0.002880 -0.680910
281 -0.547370 0.060135 -0.407537 0.135309 -0.005187 -0.594030
283 0.412430 0.023795 0.086118 0.172592 -0.000036 -0.006795
284 0.149360 0.088425 0.770189 0.082495 -0.006217 -0.856120
286 -0.879530 0.046570 -0.860175 0.173564 -0.004545 -0.534030
287 -0.541940 0.062280 -0.256904 0.109185 -0.005958 -0.810560
288 -0.525190 0.053395 -0.162398 0.092329 -0.003257 -0.629500
289 -0.979540 0.077960 -0.889832 0.144977 -0.007900 -0.693070
290 -1.128050 0.077395 -0.872695 0.154873 -0.008603 -0.658020
291 0.657870 0.041840 0.822249 0.102400 -0.003464 -0.780350
292 0.291260 0.060310 0.073409 0.226906 -0.004080 -0.252030
293 1.350980 0.053950 0.714589 0.103320 -0.005420 -0.837750
294 -1.226060 0.127730 -1.318944 0.278552 -0.019547 -0.476210
295 -0.289930 0.051515 -0.307325 0.183444 -0.003687 -0.308830
296 -1.121490 0.254760 -0.580438 0.237883 -0.055558 -0.891150
297 -0.271791 0.025950 -0.542680 0.214474 -0.001806 -0.270280
298 -1.182620 0.138575 -0.780288 0.175178 -0.019524 -0.712750
299 -0.494900 0.062085 -0.732413 0.218085 -0.001334 -0.099862
300 -0.676510 0.021020 -1.611131 0.332318 0.003202 0.418160
302 0.302850 0.076005 0.647259 0.113585 -0.007240 -0.750560
304 -1.263540 0.150835 -1.020300 0.190610 -0.025492 -0.733100
305 -0.650890 0.023375 -1.351063 0.301435 0.003814 0.446320
306 -0.960120 0.049185 -1.120371 0.290955 -0.004071 -0.235920
307 -0.774950 0.148205 -0.324013 0.168037 -0.023549 -0.860200
308 -1.580680 0.106570 -0.628862 0.068186 -0.005606 -0.788660
309 0.180270 0.033870 0.131382 0.145940 -0.002029 -0.382150
310 -0.772141 0.138205 -0.452036 0.180872 -0.022753 -0.867580
311 0.644230 0.056880 0.817369 0.107290 -0.011563 -0.767290
312 -0.702610 0.060040 -0.963200 0.405954 -0.009390 -0.303510
313 -1.083560 0.088530 -1.590661 0.541959 -0.002783 -0.046444
314 0.879700 0.038875 0.900599 0.122665 -0.002780 -0.486600
316 0.532200 0.035455 0.520239 0.157924 -0.003786 -0.653640
317 -0.640310 0.086695 -0.020759 0.091826 -0.007332 -0.924350
318 -0.886790 0.145115 -0.491081 0.169076 -0.020880 -0.832510
319 -0.103820 0.060750 -0.085997 0.197868 -0.010380 -0.853550
321 0.223870 0.042115 0.346084 0.128563 -0.003759 -0.644970
322 0.108580 0.032750 -0.034881 0.255972 -0.003445 -0.345190
324 -0.605340 0.104050 -0.542741 0.142763 -0.014503 -0.876100
325 0.209510 0.082260 0.229413 0.319172 -0.020781 -0.635570
326 0.057750 0.046960 -0.160488 0.331267 -0.016256 -0.701850
327 -1.258460 0.150985 -1.252155 0.315437 -0.032948 -0.702240
328 -1.130210 0.053335 -0.486577 0.065703 -0.001977 -0.588400
329 0.813829 0.072655 1.164399 0.139745 -0.017080 -0.799120
330 -0.464160 0.090810 -0.454195 0.350489 -0.035733 -0.560710
332 -0.226541 0.053505 -0.182614 0.135765 -0.004764 -0.543360
333 0.072810 0.051995 0.032874 0.146561 -0.002487 -0.276450
335 0.768300 0.061585 0.999109 0.112985 -0.005061 -0.680510
336 -1.416600 0.245155 -0.149572 0.133221 -0.054113 -0.698640
339 -0.026220 0.077150 -0.019135 0.133955 -0.008078 -0.636550
340 -0.888140 0.164000 -0.515469 0.195064 -0.028563 -0.821270
341 0.839990 0.104960 0.765549 0.154695 -0.008408 -0.554180
342 0.892430 0.022220 0.384843 0.223092 0.001524 0.232390
344 -1.456990 0.127740 -1.532435 0.632762 -0.053067 -0.535350
345 0.239300 0.062320 0.432249 0.169096 -0.008319 -0.813610
347 1.170780 0.114800 1.329039 0.249320 -0.023732 -0.714960
349 -1.144980 0.171340 -0.060884 0.093473 -0.015588 -0.904370
350 -0.373450 0.040080 -0.565087 0.237192 -0.007038 -0.657190
351 -0.446000 0.071710 -0.775335 0.221151 -0.000152 -0.009885
352 -0.467590 0.114485 0.527909 0.073475 -0.008432 -0.902270
353 0.415510 0.080390 0.671199 0.144570 -0.007907 -0.688790
355 -0.650940 0.112045 -0.161787 0.112651 -0.011654 -0.845310
356 0.000680 0.044175 -0.513011 0.415174 0.000455 0.022570
357 -1.037580 0.090130 -1.571171 0.502958 0.003995 0.077355
358 -0.658850 0.058495 -0.602940 0.182107 -0.006737 -0.618040
359 -1.097890 0.074900 -0.783935 0.119006 -0.007134 -0.765820
360 -1.303310 0.096355 -1.351191 0.290281 -0.017382 -0.497400
361 -0.991320 0.083185 -0.560269 0.108934 -0.007103 -0.762960
362 -1.071390 0.141070 -0.676314 0.174245 -0.023380 -0.869600
363 0.208220 0.086635 -0.048352 0.201749 -0.000026 -0.001450
364 -0.302740 0.082250 0.019487 0.136074 -0.008726 -0.747170
365 -1.763680 0.126190 -1.156217 0.142834 -0.015286 -0.895420
366 -0.744050 0.030320 -1.065559 0.313724 -0.001608 -0.133650
367 -1.457650 0.110900 -1.450866 0.254878 -0.022201 -0.670180
368 -0.895720 0.127590 -0.662893 0.177419 -0.019215 -0.780080
369 -1.005010 0.094385 -0.922175 0.144357 -0.009306 -0.677940
370 -1.038410 0.068635 -0.611328 0.091606 -0.005950 -0.887120
371 -0.233720 0.073060 0.065987 0.124706 -0.008097 -0.886200
373 -1.449660 0.175805 -0.899026 0.176015 -0.027178 -0.882550
377 -0.716430 0.040115 -1.137339 0.461565 -0.002975 -0.130230
379 -0.129570 0.029035 -0.308136 0.194715 -0.000769 -0.111870
380 0.301010 0.074760 0.716259 0.095520 -0.004659 -0.625440
382 -1.558780 0.268190 -1.071880 0.286285 -0.065316 -0.814310
383 -0.294311 0.034065 -1.013018 0.385072 -0.000348 -0.019945
384 0.045000 0.037185 0.037355 0.133053 -0.003559 -0.689040
385 -1.266650 0.119305 -1.019811 0.252140 -0.027542 -0.758090
386 -0.426810 0.026070 -1.176271 0.541028 -0.003286 -0.169970
387 0.347270 0.039360 0.552399 0.094170 -0.003251 -0.828000
390 0.878300 0.028960 0.362495 0.215611 0.001956 0.247670
391 -0.989540 0.088910 -0.898047 0.156314 -0.010256 -0.718140
392 -0.543221 0.090375 -0.269924 0.185680 -0.013796 -0.819820
393 -0.025930 0.037425 -0.114002 0.205135 -0.002423 -0.259400
394 -0.410851 0.210320 0.136396 0.186909 -0.032873 -0.954910
396 -1.482120 0.117300 -1.103184 0.179276 -0.017253 -0.842890
397 -0.749930 0.069705 -0.705239 0.149625 -0.006613 -0.595710
398 -0.215070 0.053100 -0.156346 0.146967 -0.006700 -0.869910
399 -0.230970 0.187440 -0.298492 0.285444 -0.037819 -0.919110
401 -0.917191 0.083075 -0.479661 0.121827 -0.009235 -0.816580
402 -0.774460 0.090100 -1.217025 0.387761 -0.002932 -0.069259
404 -0.077490 0.052425 0.170210 0.132341 -0.004964 -0.664730
405 -1.077971 0.221885 -0.722964 0.297723 -0.055684 -0.719590
408 -0.923790 0.293905 -0.204830 0.220188 -0.050205 -0.957240
409 -1.559570 0.231510 -0.832172 0.251515 -0.047596 -0.888180
410 -0.733191 0.192945 -0.354670 0.208922 -0.034252 -0.929020
411 -2.460010 0.350025 -1.497162 0.216422 -0.063253 -0.861880
413 -0.398320 0.051135 -0.395409 0.204747 -0.005927 -0.490960
414 -0.477580 0.033025 -0.717076 0.214656 -0.003292 -0.383050
415 -0.409781 0.105055 -0.243009 0.162093 -0.014329 -0.757150
416 -0.832931 0.086375 -1.188501 0.257719 -0.005693 -0.215240
418 -1.192740 0.174655 -0.761214 0.194866 -0.030896 -0.847450
419 -0.727110 0.122885 0.077336 0.083681 -0.009624 -0.879640
421 -0.643390 0.144880 0.131670 0.101474 -0.012903 -0.903840
422 -0.538100 0.071115 -0.782908 0.245818 -0.004206 -0.180660
427 -0.835200 0.034035 -1.831391 0.560499 0.004166 0.214290
428 -0.944241 0.083590 -0.958079 0.158216 -0.006628 -0.504440
429 -1.254870 0.067525 -1.440906 0.228151 -0.003242 -0.194470
430 -0.575080 0.151375 0.003018 0.133085 -0.017417 -0.939080
431 0.855790 0.041835 0.729579 0.151760 -0.004726 -0.759150
432 -0.905780 0.054895 -1.230109 0.369798 -0.011004 -0.391280
433 0.227250 0.099310 0.397391 0.155310 -0.012865 -0.756630
435 -1.652250 0.233175 -0.374816 0.104244 -0.023263 -0.875960
437 0.120260 0.017720 -0.599759 0.241733 0.000817 0.173730
438 0.581620 0.114965 0.477469 0.202204 -0.012784 -0.555770
439 0.266940 0.038940 0.745639 0.063205 -0.001611 -0.609410
444 -0.898251 0.080355 -0.575485 0.132088 -0.009313 -0.822690
445 -0.710620 0.105285 -0.160981 0.112625 -0.011180 -0.852740
446 -0.981860 0.127405 -0.131375 0.086768 -0.009342 -0.837760
447 -1.417980 0.119170 -0.993123 0.194154 -0.018535 -0.777640
450 0.338790 0.045025 0.511139 0.115153 -0.003982 -0.778830
452 -1.553360 0.193915 -0.171061 0.114763 -0.020425 -0.817640
453 -1.768090 0.192860 -0.925657 0.155410 -0.023747 -0.852870
455 0.042580 0.044370 0.062531 0.136592 -0.004541 -0.733830
457 -0.230560 0.041920 -0.274322 0.171161 -0.003302 -0.352250
459 -0.087510 0.062410 -0.002847 0.186197 -0.009558 -0.778690
460 0.049650 0.042975 -0.038094 0.154772 -0.000783 -0.097404
461 1.143780 0.039150 1.214389 0.140825 -0.002762 -0.432040
463 -1.565010 0.256450 -0.750994 0.183676 -0.039666 -0.750300
465 -0.944830 0.066730 -0.671952 0.119539 -0.006140 -0.786520
466 -0.841030 0.056475 -0.891265 0.269436 -0.007078 -0.401940
468 -1.212280 0.061290 -1.269503 0.258659 -0.009994 -0.603870
471 -0.875960 0.205005 -0.212253 0.170749 -0.030920 -0.880860
474 -1.460870 0.066340 -1.298445 0.174852 -0.008295 -0.675820
475 -0.863930 0.100580 -0.967271 0.214063 -0.015912 -0.755610
476 -1.303030 0.240455 -0.840727 0.254677 -0.057174 -0.750360
478 0.074730 0.022185 -0.316812 0.241201 0.000069 0.010152
479 -0.708570 0.057105 -0.925806 0.399269 -0.004211 -0.150350
482 -1.552800 0.135420 -1.366292 0.243188 -0.028146 -0.826270
483 -1.057330 0.069710 -1.484228 0.333764 -0.002492 -0.092543
485 0.120709 0.064105 0.186964 0.143021 -0.005306 -0.506980
486 -1.834150 0.143550 -0.296772 0.063010 -0.007935 -0.875950
489 0.430320 0.040770 0.526249 0.149069 -0.003830 -0.605550
492 -1.682960 0.225620 -1.111539 0.213425 -0.041383 -0.813180
493 -1.476950 0.123230 -1.582751 0.277202 -0.023447 -0.671790
494 -1.023130 0.099170 -0.927366 0.153820 -0.011666 -0.800990
496 -1.230600 0.094505 -1.661001 0.616008 -0.040224 -0.410450
498 -0.899620 0.098880 -1.238476 0.257603 0.001127 0.041359
499 -0.683880 0.131835 0.221157 0.077708 -0.009819 -0.935820
502 -0.309980 0.059905 -0.175051 0.117057 -0.004808 -0.618840
503 -1.669490 0.209695 -0.971720 0.162886 -0.026988 -0.900360
505 -1.417180 0.211210 -0.801143 0.185392 -0.035132 -0.872970
510 0.043139 0.050535 -0.350546 0.236885 0.000647 0.054083
511 -1.301080 0.113670 -1.186345 0.219498 -0.022154 -0.843970
512 -0.680110 0.050105 -0.396305 0.115083 -0.004455 -0.733570
513 0.650740 0.051475 0.849469 0.090550 -0.003661 -0.600800
514 -1.650030 0.092815 -1.475726 0.212695 -0.015954 -0.672110
515 -0.550810 0.043945 -1.374548 0.345286 0.008421 0.510420
516 -1.987440 0.242300 -1.115755 0.157295 -0.032932 -0.855190
517 -0.715710 0.067220 -0.606165 0.172491 -0.009050 -0.651050
518 -0.839050 0.055530 -0.860869 0.166702 -0.003313 -0.326670
519 -0.484060 0.109820 -0.016301 0.137642 -0.012066 -0.822130
520 -0.917820 0.085515 -0.702466 0.122673 -0.009970 -0.908250
521 -0.984860 0.046805 -0.944960 0.137543 -0.004240 -0.596690
526 0.591269 0.071550 0.866459 0.132455 -0.008287 -0.812520
528 0.550960 0.064445 0.781379 0.174605 -0.019836 -0.766150
529 -0.191850 0.043775 -0.144022 0.120339 -0.003951 -0.710870
530 -1.653580 0.215185 -1.485986 0.306071 -0.056086 -0.832880
533 -1.352180 0.050460 -1.291762 0.124854 -0.003082 -0.404040
535 -0.794920 0.045425 -1.024408 0.268930 -0.002586 -0.194550
536 -2.068710 0.345530 -1.467504 0.307297 -0.085471 -0.858200
537 -0.000680 0.067940 -0.539784 0.251478 -0.000004 -0.000211
538 -0.300870 0.076870 0.338042 0.073113 -0.004682 -0.854760
541 -0.695530 0.087975 -0.438159 0.144285 -0.012174 -0.900420
542 -1.719380 0.101305 -1.195395 0.123114 -0.010947 -0.875260
544 -0.159550 0.067740 0.210188 0.117162 -0.007258 -0.877650
549 0.595070 0.047785 0.749529 0.131265 -0.002702 -0.378670
550 -1.721290 0.264190 -0.334287 0.127562 -0.033419 -0.878360
552 -0.403120 0.052285 -1.010500 0.287247 0.004530 0.304310
554 -0.809310 0.116670 -0.818054 0.232907 -0.021383 -0.628470
555 -1.170990 0.079825 -1.035228 0.198999 -0.012194 -0.683570
556 -1.726480 0.085230 -1.500729 0.140548 -0.009700 -0.710240
557 -0.145180 0.072950 0.327266 0.089730 -0.005677 -0.818450
558 -1.675560 0.191220 -1.033448 0.161454 -0.027071 -0.863760
559 -2.185370 0.254570 -1.174703 0.202972 -0.045345 -0.917670
562 -0.957300 0.242115 -0.083827 0.154040 -0.030821 -0.911200
563 0.168360 0.064345 -0.038458 0.166191 -0.003179 -0.292250
566 0.391250 0.036375 0.160278 0.158167 0.000849 0.119030
569 0.067870 0.046330 0.191808 0.127688 -0.002786 -0.413050
570 -1.347820 0.215080 -0.596753 0.165238 -0.035761 -0.887800
571 0.799980 0.048565 0.944769 0.143415 -0.004943 -0.670930
573 -1.420840 0.151690 -0.676762 0.111100 -0.015619 -0.898600
574 -0.761661 0.050380 -0.789534 0.127668 -0.002823 -0.372210
575 -1.252810 0.070630 -1.101712 0.118504 -0.005763 -0.682950
577 -0.819770 0.072660 -1.013393 0.196456 -0.003595 -0.246170
578 0.431170 0.026020 0.002847 0.210736 0.000885 0.119170
579 -0.574491 0.036445 -0.795170 0.232440 -0.004704 -0.465190
581 -1.407570 0.304155 -1.268817 0.472485 -0.113340 -0.699930
582 -0.632040 0.050185 -0.487715 0.132816 -0.003689 -0.491820
583 -1.272210 0.113595 -1.326046 0.378228 -0.032440 -0.574760
584 -0.865430 0.131640 -0.475325 0.156246 -0.018922 -0.813850
586 0.595310 0.058050 0.985479 0.094625 -0.004518 -0.821190
587 -0.362270 0.058795 -0.161851 0.108941 -0.004427 -0.583740
588 0.451560 0.032515 0.402195 0.126344 -0.002772 -0.646100
589 -0.268170 0.088325 -0.288046 0.127007 -0.007981 -0.728800
590 -1.222590 0.131535 -0.855830 0.171258 -0.019800 -0.814580
592 0.267460 0.043055 0.376383 0.120150 -0.003033 -0.569480
594 -1.725570 0.263610 -1.084194 0.228834 -0.053478 -0.869460
595 -0.897430 0.070710 -0.840425 0.163438 -0.008294 -0.631710
596 1.012180 0.029250 0.889159 0.169965 -0.001086 -0.156270
600 -0.951780 0.128265 -0.436883 0.143759 -0.015763 -0.849170
601 -1.852920 0.208715 -1.185176 0.171053 -0.029511 -0.802970
602 -1.537420 0.226740 -0.880718 0.254710 -0.049749 -0.929750
603 -0.662110 0.083900 -1.278161 0.394553 0.004299 0.116460
604 -0.379190 0.067360 0.033637 0.088395 -0.005522 -0.908280
606 -0.710040 0.077490 -1.246282 0.455777 0.005769 0.144840
607 -0.511670 0.060275 -0.354921 0.148203 -0.006134 -0.510000
608 -0.281000 0.051530 -0.055810 0.096009 -0.003665 -0.640400
610 -1.306040 0.050855 -1.416301 0.275840 -0.006770 -0.429040
611 0.500999 0.036290 0.477909 0.181341 -0.002839 -0.360330
614 -1.540780 0.156160 -1.426898 0.388056 -0.050206 -0.649660
616 0.261700 0.062705 0.527149 0.095080 -0.006391 -0.676650
617 -1.008680 0.088615 -1.323992 0.469196 -0.011367 -0.199610
618 -0.236650 0.110760 0.257934 0.116539 -0.012463 -0.895760
619 0.406560 0.043965 0.800439 0.079130 -0.001982 -0.529890
620 -0.841331 0.105490 -1.075222 0.155887 -0.016457 -0.893860
621 -0.681380 0.065095 -0.569611 0.144006 -0.006810 -0.675180
622 -1.900370 0.435575 -1.020463 0.302143 -0.127760 -0.768930
624 0.425980 0.027725 0.326569 0.150003 -0.001555 -0.327500
629 -1.157300 0.136505 -0.531043 0.120010 -0.015445 -0.942230
630 0.256100 0.076285 0.253892 0.142142 -0.005743 -0.467720
631 -1.946530 0.171965 -1.927391 0.322620 -0.057618 -0.665010
633 0.278490 0.059500 0.474339 0.125657 -0.005930 -0.860460
635 -1.742870 0.106320 -1.548504 0.189930 -0.017589 -0.754930
636 -0.012000 0.091645 0.453459 0.098550 -0.008070 -0.913950
638 -0.413960 0.053555 -0.129865 0.102238 -0.004818 -0.844670
639 -2.152460 0.190565 -1.745031 0.263824 -0.040998 -0.827010
643 -0.281700 0.039800 -0.371036 0.177392 -0.005718 -0.773930
644 -0.717080 0.081170 -0.595702 0.205353 -0.015005 -0.663190
645 0.353630 0.024195 0.155718 0.189288 -0.002464 -0.480370
647 0.897840 0.029530 0.751179 0.185005 -0.002930 -0.431570
649 -0.988680 0.056485 -1.104798 0.271190 -0.008801 -0.468580
650 -0.704750 0.158965 -0.452877 0.203839 -0.033772 -0.862870
653 -0.681050 0.064435 -0.917244 0.224929 -0.005059 -0.326760
654 -1.216000 0.046245 -1.887691 0.423232 0.003266 0.137000
656 0.310980 0.030550 -0.151074 0.194457 0.001278 0.163050
657 0.627680 0.054940 0.460159 0.119746 -0.000976 -0.134280
658 -1.082160 0.107740 -0.856482 0.198252 -0.019242 -0.818020
659 1.093280 0.037450 1.056009 0.100590 -0.001017 -0.177560
660 -1.144150 0.151595 -1.291634 0.270253 -0.035549 -0.826330
662 -0.909610 0.073730 -0.876708 0.252307 -0.014461 -0.680540
665 -0.289490 0.015545 -1.136465 0.292204 0.000011 0.002057
666 -0.760900 0.069500 -0.756070 0.240546 -0.012789 -0.771240
669 -1.091610 0.075085 -0.860773 0.139433 -0.008546 -0.730510
672 -0.090301 0.051885 -0.017972 0.129604 -0.003431 -0.451770
673 -1.543300 0.193405 -1.157547 0.232424 -0.037966 -0.853150
674 -1.180940 0.084975 -0.483676 0.072053 -0.004831 -0.830150
675 -1.330740 0.033940 -1.960191 0.330820 0.002784 0.220280
676 -0.024470 0.040950 -0.153385 0.216391 -0.007789 -0.794830
677 -1.716270 0.262525 -1.641781 0.397017 -0.088758 -0.672580
678 1.530180 0.029550 1.098349 0.194260 -0.000993 -0.121150
679 -1.795100 0.177525 -0.848145 0.102526 -0.017224 -0.885090
680 0.645400 0.031450 0.506159 0.143745 -0.002904 -0.631470
682 -0.840470 0.122605 -0.684691 0.201600 -0.022648 -0.715650
683 1.011480 0.050000 0.424731 0.247233 -0.000319 -0.021022
685 -0.136790 0.059195 0.045735 0.142409 -0.005711 -0.661140
686 -0.024981 0.042645 0.090133 0.126469 -0.004177 -0.767110
687 -0.748140 0.051410 -0.515953 0.124591 -0.004342 -0.609910
688 -0.451000 0.016635 -1.256039 0.281615 0.001129 0.248250
689 -0.287610 0.035570 -0.637464 0.258222 0.001493 0.120160
690 -0.837530 0.084425 -0.905750 0.149864 -0.007129 -0.554500
691 0.216440 0.042155 0.331877 0.135105 -0.003936 -0.544280
692 -0.361670 0.074380 -0.273919 0.183589 -0.011013 -0.661470
695 0.435280 0.044370 0.278261 0.171356 -0.000440 -0.043551
696 -1.445540 0.216265 -1.084304 0.277566 -0.052833 -0.791360
697 -1.108400 0.090915 -1.247955 0.419166 -0.032272 -0.612450
701 -1.611860 0.100525 -2.010221 0.497855 -0.021157 -0.329180
702 0.056109 0.061095 -0.587192 0.172488 -0.001891 -0.174300
703 -1.736410 0.272035 -0.975408 0.204045 -0.052267 -0.856140
706 -1.500940 0.145345 -1.379485 0.278987 -0.034255 -0.750420
708 0.776629 0.053105 1.130129 0.109610 -0.003777 -0.628440
709 -0.940021 0.085685 -0.821091 0.158728 -0.009590 -0.657860
710 -1.201000 0.067110 -1.872991 0.542112 0.000680 0.015761
711 0.910480 0.055600 1.072269 0.112880 -0.004531 -0.593390
712 -1.911110 0.226925 -1.241851 0.245522 -0.050124 -0.898980
714 -1.157730 0.080005 -1.049518 0.183260 -0.010498 -0.636900
716 -2.322050 0.341430 -1.610001 0.262625 -0.069892 -0.849030
718 0.841579 0.022830 0.075384 0.288499 0.002471 0.298520
722 0.329040 0.038830 0.540659 0.090565 -0.002785 -0.814210
723 0.519760 0.034740 0.553249 0.121605 -0.003164 -0.504010
725 -1.368570 0.054040 -2.165111 0.677388 0.000854 0.020248
726 -0.445360 0.057700 -0.529777 0.201149 -0.006415 -0.422700
727 -1.923690 0.289435 -1.520096 0.320313 -0.077478 -0.805670
729 0.151020 0.102245 0.401287 0.145242 -0.013692 -0.769930
730 -0.876980 0.079180 -0.831480 0.215185 -0.014454 -0.658100
731 -0.011370 0.034605 -0.434224 0.251132 0.003358 0.327560
732 0.946380 0.044900 0.940169 0.131455 -0.008145 -0.671940
733 0.886070 0.046220 1.027809 0.125300 -0.004890 -0.662230
738 -1.171650 0.081270 -1.406198 0.250672 -0.007414 -0.353920
740 -1.080120 0.171605 -0.853349 0.243723 -0.037128 -0.866420
741 0.794380 0.034185 0.755889 0.126540 -0.003391 -0.574040
747 -1.348200 0.121065 -1.164745 0.224545 -0.022539 -0.749170
748 0.547520 0.067755 0.654529 0.170820 -0.008685 -0.725170
750 -1.709570 0.096210 -2.084321 0.361200 -0.006806 -0.156350
753 0.767400 0.051905 0.750919 0.216770 -0.007167 -0.480900
755 -1.985490 0.231290 -1.437632 0.219000 -0.042005 -0.858710
756 -0.661230 0.044765 -0.932311 0.336865 -0.009751 -0.465320
757 1.356680 0.061250 1.416489 0.206860 -0.007408 -0.571800
758 -1.803550 0.097880 -1.194122 0.101938 -0.008163 -0.840940
759 -2.059030 0.451245 -1.306436 0.338124 -0.116770 -0.907310
760 0.616250 0.047795 0.635329 0.147615 -0.004855 -0.686420
761 0.595449 0.078730 0.471079 0.158790 -0.006741 -0.515270
762 0.693890 0.051185 0.799159 0.117595 -0.003055 -0.422660
763 -0.334500 0.049845 -0.118058 0.106574 -0.003995 -0.673900
764 0.925080 0.093635 0.720039 0.130765 -0.005501 -0.478090
766 -0.539180 0.056250 -0.557830 0.123664 -0.003853 -0.525950
767 -2.207380 0.220970 -1.168861 0.166997 -0.030847 -0.830570
768 0.934580 0.045705 1.189469 0.086950 -0.004012 -0.659420
769 -0.404260 0.068060 -0.813069 0.196533 0.003014 0.222780
770 0.307700 0.025875 -0.416983 0.298714 0.003714 0.357010
771 0.261410 0.046225 0.272932 0.129205 -0.004165 -0.687110
772 -1.087990 0.127645 -0.292593 0.085253 -0.009281 -0.901020
773 0.426840 0.075375 0.564799 0.171970 -0.010814 -0.653630
777 -0.842370 0.072515 -0.908350 0.157293 -0.006304 -0.558100
778 0.248650 0.068585 0.192869 0.197681 -0.003437 -0.248670
780 -1.092751 0.135035 -0.937313 0.264038 -0.033807 -0.741430
781 -0.342100 0.029810 -0.963037 0.278305 0.002462 0.242730
782 0.578210 0.024680 0.215324 0.225559 0.000448 0.057002
784 -0.829440 0.087895 -0.869331 0.183335 -0.010897 -0.682490
785 -1.769920 0.322745 -1.102768 0.255278 -0.067719 -0.898790
786 0.819220 0.038385 0.681429 0.161660 -0.005128 -0.772000
788 0.021170 0.023535 -0.411441 0.456895 -0.000377 -0.025848
792 -1.451570 0.229270 -0.690838 0.159276 -0.030990 -0.927660
793 -0.109010 0.082590 0.113434 0.168002 -0.011835 -0.863900
797 -1.356970 0.130140 -0.843041 0.170830 -0.019838 -0.838970
798 -0.986200 0.078515 -1.081263 0.283222 -0.015507 -0.538630
799 0.184640 0.033385 -0.269674 0.201928 0.001393 0.181480
800 0.056710 0.041075 0.128621 0.110054 -0.003484 -0.685620
803 -0.197570 0.071485 0.261552 0.089682 -0.005262 -0.763710
806 -1.452600 0.164120 -1.346374 0.259039 -0.037398 -0.764100
809 0.770570 0.055390 0.948499 0.113045 -0.004089 -0.592410
810 -0.042950 0.042410 -1.058524 0.308361 0.007751 0.514320
811 -1.730030 0.294220 -1.144093 0.259144 -0.070953 -0.806330
812 0.171380 0.051275 0.514599 0.098608 -0.003107 -0.601300
814 1.217480 0.036100 1.216969 0.121155 -0.000504 -0.097690
815 -0.921940 0.062600 -1.535574 0.627324 0.003741 0.073566
816 1.030780 0.042300 1.061039 0.161960 -0.003316 -0.411240
817 -0.646190 0.172215 -0.384384 0.238643 -0.038569 -0.757460
821 -1.074800 0.077560 -1.077353 0.159619 -0.008837 -0.717920
822 -0.072260 0.052815 -0.066451 0.164514 -0.003336 -0.337530
824 -0.200080 0.098535 0.028651 0.149064 -0.011471 -0.715100
826 0.100830 0.067825 0.267620 0.163692 -0.008533 -0.782570
827 -1.519500 0.032720 -2.224321 0.362245 0.000658 0.048258
828 1.351880 0.031000 1.101689 0.180560 -0.003611 -0.356630
829 -0.480081 0.030210 -0.905658 0.263847 0.001721 0.174450
830 0.367160 0.058745 0.645939 0.112305 -0.004165 -0.635410
831 1.326780 0.085450 1.736039 0.122420 -0.010184 -0.833720
832 -0.428350 0.048995 -1.299657 0.295615 0.006061 0.392510
835 -0.350830 0.045500 -0.283386 0.140337 -0.003551 -0.455960
836 -0.969610 0.141030 -0.484941 0.142294 -0.021670 -0.813080
837 0.570310 0.039115 0.411402 0.185656 -0.000709 -0.081935
838 0.316790 0.019565 -0.180329 0.252003 0.002005 0.274950
841 0.474380 0.062550 0.815089 0.097170 -0.005985 -0.892170
842 0.107670 0.092285 -0.342824 0.187656 -0.002679 -0.163720
845 -1.173230 0.106370 -1.209476 0.245369 -0.028263 -0.723210
848 -0.218910 0.052835 -0.168672 0.143843 -0.003010 -0.350480
849 0.337310 0.052310 0.286614 0.189696 -0.006684 -0.589980
850 -0.785920 0.092730 -0.658279 0.193510 -0.019303 -0.766350
851 -1.078490 0.066290 -2.007771 0.463894 0.017755 0.561330
852 -0.823800 0.097990 -1.423047 0.446367 0.013189 0.273820
853 1.024280 0.050050 1.104949 0.134400 -0.004449 -0.550560
855 0.935080 0.063520 1.351039 0.099525 -0.005011 -0.705700
856 -0.216420 0.021470 -1.338747 0.337418 0.004951 0.540750
857 0.080450 0.043730 0.199480 0.100776 -0.003667 -0.787470
858 -0.711240 0.054215 -0.685917 0.214150 -0.006554 -0.429730
860 -1.405100 0.163660 -0.353144 0.093838 -0.012903 -0.812280
862 1.303180 0.034900 1.082669 0.226270 -0.002320 -0.183970
863 0.679880 0.052435 0.742359 0.113935 -0.002057 -0.299400
864 -0.172990 0.060240 0.079328 0.116431 -0.006100 -0.793250
865 0.537590 0.025540 0.007620 0.282295 0.001572 0.186190
866 0.028460 0.025650 -0.321640 0.252521 -0.000367 -0.040994
867 1.502379 0.052200 0.608279 0.128275 -0.004208 -0.601890
868 -0.228661 0.070555 0.094262 0.110527 -0.005961 -0.728520
870 -1.008320 0.159410 -0.898391 0.445753 -0.053589 -0.579040
872 0.584180 0.040735 -0.429216 0.369101 0.004706 0.269760
875 0.288680 0.030890 -0.250601 0.392704 0.003762 0.273640
876 -1.409150 0.210325 -0.109563 0.191811 -0.151570 -0.827110
879 0.422009 0.050250 0.215464 0.208048 -0.001322 -0.111580
880 0.404230 0.035345 -0.626695 0.427330 -0.005790 -0.146140
881 0.555380 0.029525 0.303330 0.213153 -0.001433 -0.178800
883 0.445570 0.098815 0.631169 0.153825 -0.011270 -0.721430
884 0.656400 0.043105 0.650279 0.129685 -0.002578 -0.340060
885 0.037210 0.039935 0.002914 0.158722 -0.003766 -0.439900
886 0.427640 0.075025 0.669829 0.149740 -0.011940 -0.769850
887 -0.160410 0.059685 -0.330060 0.210621 -0.000924 -0.069849
888 0.692130 0.037580 0.659019 0.134310 -0.003702 -0.721730
890 1.255280 0.080950 1.493829 0.090675 -0.006727 -0.820980
891 0.177310 0.078425 -0.103248 0.206779 -0.007363 -0.454800
893 -0.214990 0.068105 -0.817537 0.423277 0.002796 0.094078
894 1.100880 0.030300 0.876289 0.209990 0.000183 0.022876
897 0.742990 0.034265 0.379890 0.203084 -0.001005 -0.118040
898 1.304680 0.034200 0.438599 0.444705 -0.007650 -0.477800
899 0.646270 0.064185 0.620119 0.151760 -0.004364 -0.447500
901 0.846889 0.031365 0.846469 0.152110 -0.001469 -0.249020
902 0.827800 0.054310 0.751709 0.136540 -0.005014 -0.441060
903 -0.628320 0.163530 -0.281847 0.192457 -0.027661 -0.824920
904 0.113470 0.024645 -0.166552 0.183106 -0.002487 -0.485400
906 0.293580 0.050545 0.293165 0.137709 -0.002776 -0.345760
907 0.311570 0.055575 0.633909 0.099540 -0.004202 -0.760660
909 -0.195610 0.078410 -0.136118 0.142284 -0.007808 -0.599070
910 0.559790 0.057185 1.081059 0.081730 -0.003120 -0.600930
911 0.714710 0.055855 0.744729 0.117035 -0.002112 -0.278770
912 0.046100 0.073585 0.045488 0.138136 -0.004290 -0.390570
913 0.087500 0.063005 0.302620 0.122350 -0.004672 -0.560440
917 1.058080 0.041500 0.905499 0.178740 -0.000898 -0.092453
919 0.203279 0.039230 0.077537 0.194898 -0.003708 -0.434800
922 0.797570 0.041645 0.883849 0.096525 -0.002527 -0.575580
923 0.935180 0.059325 1.017719 0.152685 -0.006265 -0.699450
924 1.165480 0.074950 1.536569 0.115980 -0.010762 -0.716100
925 0.178110 0.055855 -0.038239 0.193826 -0.001488 -0.137720
926 0.413210 0.035805 0.258649 0.191697 -0.001133 -0.130560
930 1.283480 0.039050 1.170399 0.172775 -0.000749 -0.084127
931 0.153140 0.104145 0.995079 0.076875 -0.007051 -0.890880
933 1.803880 0.055350 1.074369 0.192220 0.002012 0.201220
934 0.428850 0.048335 0.303743 0.249580 -0.007867 -0.588440
936 0.001950 0.103565 -0.300506 0.183338 -0.007029 -0.376460
937 0.537640 0.087025 0.523259 0.178070 -0.009585 -0.552090
939 -0.037100 0.065065 -0.112914 0.247793 -0.009375 -0.510780
940 0.426090 0.033880 0.121869 0.247176 -0.006658 -0.728510
942 0.529150 0.076075 0.831389 0.146845 -0.008082 -0.786640
944 0.278740 0.053520 0.195184 0.206109 -0.003534 -0.290700
946 0.476060 0.055725 0.780259 0.102880 -0.005346 -0.873500
947 0.617520 0.043265 0.542389 0.158176 -0.001477 -0.188080
948 0.532810 0.052905 0.616109 0.151895 -0.004412 -0.462050
949 1.575780 0.048750 0.392738 0.638704 0.008436 0.223560
950 1.200980 0.026800 0.695439 0.259615 0.001735 0.179900
952 0.598340 0.093730 0.899239 0.156220 -0.012556 -0.768910
956 0.092580 0.152205 -0.122024 0.235130 -0.024387 -0.678480
958 0.320400 0.066890 -0.181799 0.222055 -0.000744 -0.048512
960 1.782280 0.031500 0.545409 0.154990 0.003262 0.267960
961 1.305480 0.054400 1.323319 0.115905 -0.001749 -0.253770
964 0.135400 0.066990 0.246559 0.161432 -0.009500 -0.819680
968 1.443180 0.044950 0.130498 0.510298 -0.045761 -0.505190
969 0.673680 0.031390 -0.125944 0.255782 0.003725 0.400020
970 0.244390 0.056895 0.501179 0.121850 -0.005438 -0.694570
975 0.410410 0.052945 0.780849 0.096040 -0.004932 -0.841020
976 1.593679 0.043350 1.645569 0.217000 -0.007616 -0.742700
978 0.988379 0.045000 1.221719 0.091300 -0.002874 -0.600140
979 1.332180 0.055100 0.749509 0.325956 -0.003974 -0.185460
981 0.712990 0.065260 0.857009 0.188985 -0.008857 -0.672650
982 0.098390 0.092965 0.461519 0.132711 -0.010496 -0.802980
983 0.936379 0.091590 0.765789 0.163435 -0.008205 -0.516960
984 1.043980 0.043900 1.316799 0.080975 -0.004937 -0.717630
986 -0.479480 0.112615 -0.029636 0.134033 -0.012764 -0.812840
988 0.758060 0.034310 0.635119 0.144490 -0.000951 -0.145070
989 0.201509 0.100355 -0.186487 0.160657 -0.006735 -0.439660
991 0.818769 0.061130 0.871159 0.131945 -0.003271 -0.393710
995 0.935980 0.043295 0.959439 0.148235 -0.002595 -0.311680
996 -0.362781 0.051400 0.161045 0.078225 -0.003103 -0.763330
997 0.264050 0.062340 0.648149 0.095250 -0.005831 -0.884350
999 1.029079 0.056050 1.293929 0.117555 -0.014076 -0.787730
1003 1.085680 0.034800 0.999619 0.133720 -0.001478 -0.265010
1005 1.040780 0.070800 1.025029 0.132060 -0.006547 -0.719040
1006 0.917180 0.089775 0.827579 0.177315 -0.008525 -0.403630
1007 -0.911571 0.187465 0.211837 0.144804 -0.025530 -0.956540
1012 -0.042970 0.071330 0.372209 0.104442 -0.006886 -0.878950
1013 1.350679 0.042450 1.179239 0.268620 -0.004457 -0.346490
1015 1.103680 0.041400 0.305063 0.286340 0.005256 0.407350
1016 1.009080 0.028500 0.014963 0.371947 -0.013522 -0.358000
1017 0.139430 0.096200 0.393821 0.168901 -0.013537 -0.815510
1018 -0.337740 0.058945 -0.653731 0.336670 0.001061 0.049127
1019 -0.374970 0.091430 0.007625 0.145411 -0.010799 -0.768170
1022 1.758080 0.054650 0.794019 0.498289 -0.027996 -0.372640
1024 1.745580 0.088100 1.730889 0.177220 -0.013400 -0.810240
1027 0.662670 0.062530 0.875779 0.123645 -0.006251 -0.735330
1028 0.981380 0.035450 0.095108 0.303237 0.006708 0.491870
1030 0.767980 0.052730 0.161841 0.290522 0.003482 0.204540
1031 1.421780 0.061500 0.641109 0.318837 0.005714 0.273840
1032 0.887840 0.094005 1.370709 0.118035 -0.009640 -0.842660
1034 0.128680 0.089995 0.280343 0.191977 -0.014866 -0.740130
1035 0.588150 0.039765 0.382456 0.294542 -0.023440 -0.619450
1037 1.766780 0.035250 1.101909 0.300725 -0.020492 -0.460070
1040 0.121230 0.057400 0.606689 0.086835 -0.003443 -0.624500
