# x xerr y yerr ymodel yresidual
0.552299 0.091880 1.179935 0.130245 0.266384 0.913551
0.111950 0.088585 0.490046 0.179532 -0.106379 0.596425
1.441179 0.062950 2.113555 0.096575 1.018836 1.094719
0.624419 0.133160 1.400955 0.188695 0.327435 1.073520
-0.047601 0.037525 0.432909 0.091019 -0.241441 0.674350
-0.459351 0.129095 -0.342418 0.202138 -0.589994 0.247576
1.656480 0.064250 -0.272017 1.014303 1.201092 -1.473109
-0.069230 0.080725 -1.359335 0.574862 -0.259751 -1.099584
0.047840 0.030090 0.177434 0.144153 -0.160649 0.338083
0.244619 0.091230 0.166841 0.242780 0.005928 0.160913
1.583580 0.065150 -0.349974 1.057864 1.139381 -1.489354
-0.630580 0.051540 0.706513 0.046489 -0.734943 1.441456
0.973880 0.063350 1.434865 0.160390 0.623259 0.811606
0.617949 0.045000 0.958845 0.125870 0.321958 0.636887
0.925580 0.054525 0.953725 0.351047 0.582373 0.371352
0.001120 0.025000 -0.534421 0.378978 -0.200199 -0.334222
-0.743541 0.094285 -0.211696 0.199822 -0.830566 0.618870
-0.145640 0.092125 0.304440 0.172714 -0.324433 0.628873
-0.062150 0.028380 -0.005637 0.169569 -0.253757 0.248120
-0.345780 0.082185 0.166616 0.187393 -0.493855 0.660471
0.181849 0.103815 0.722727 0.173073 -0.047208 0.769935
0.306290 0.036620 0.187947 0.169262 0.058133 0.129814
-0.009570 0.024005 -0.289216 0.242508 -0.209248 -0.079969
0.313510 0.028825 0.534621 0.114911 0.064245 0.470376
-0.419940 0.059320 -2.364375 0.978360 -0.556633 -1.807742
-0.195971 0.070770 0.242292 0.169632 -0.367039 0.609331
1.252979 0.032550 0.760105 0.425178 0.859522 -0.099417
0.911880 0.015300 0.378570 0.283577 0.570775 -0.192205
0.729020 0.066015 1.199545 0.187705 0.415981 0.783563
-1.034010 0.123945 -1.028393 0.442787 -1.076453 0.048060
0.063849 0.101745 0.021735 0.178417 -0.147097 0.168832
-0.227551 0.039990 -0.023863 0.158233 -0.393772 0.369909
-0.399500 0.082475 -0.293842 0.190462 -0.539330 0.245488
-0.243000 0.095095 0.319107 0.173434 -0.406850 0.725957
0.770370 0.043015 0.773525 0.219604 0.450984 0.322541
0.309930 0.054050 -1.322215 0.663540 0.061214 -1.383430
-0.096991 0.068075 -0.621006 0.345838 -0.283251 -0.337755
0.273170 0.095540 0.107701 0.224365 0.030096 0.077605
-0.362571 0.067770 -0.424573 0.198418 -0.508069 0.083496
-0.110460 0.034700 -0.531123 0.382035 -0.294653 -0.236470
1.688479 0.023500 1.763425 0.318045 1.228180 0.535245
0.079920 0.080775 0.579490 0.158034 -0.133493 0.712983
-1.515630 0.135325 -0.484291 0.149100 -1.484153 0.999862
-0.281381 0.031235 -3.022345 0.854215 -0.439340 -2.583005
-0.172880 0.033780 -0.138227 0.234860 -0.347492 0.209265
-1.038260 0.121290 -0.497012 0.220383 -1.080051 0.583039
0.870649 0.035615 0.346852 0.319993 0.535873 -0.189021
0.599760 0.121645 0.525913 0.217905 0.306561 0.219352
0.521490 0.025240 -3.358075 1.898765 0.240304 -3.598379
0.856970 0.049115 1.077685 0.231230 0.524293 0.553392
0.207160 0.063475 0.623083 0.201864 -0.025782 0.648865
-0.616100 0.022120 -0.715972 0.207605 -0.722686 0.006714
0.903979 0.051025 1.299945 0.122200 0.564087 0.735858
0.000060 0.074565 0.025178 0.268984 -0.201096 0.226274
0.293190 0.033280 0.489237 0.156734 0.047044 0.442193
-1.544790 0.062410 -0.540549 0.059558 -1.508837 0.968288
0.462500 0.032135 0.691272 0.208439 0.190367 0.500905
0.660700 0.074405 0.682870 0.240569 0.358147 0.324723
0.256260 0.060145 -0.280004 0.338093 0.015782 -0.295786
0.512630 0.053585 0.957315 0.145195 0.232803 0.724512
1.267480 0.021700 0.338149 0.439055 0.871797 -0.533648
-0.140301 0.038970 0.433411 0.092841 -0.319913 0.753324
0.267220 0.040215 -2.413715 1.214754 0.025059 -2.438774
-0.702030 0.064230 -0.817487 0.242735 -0.795427 -0.022060
-0.212350 0.058205 0.148468 0.187748 -0.380904 0.529372
0.003389 0.025650 -0.753720 0.383305 -0.198277 -0.555443
0.352910 0.019125 0.268827 0.177101 0.097598 0.171229
1.360479 0.034000 1.345085 0.159990 0.950522 0.394563
-0.519240 0.040830 -0.093828 0.138763 -0.640692 0.546864
0.557690 0.025335 0.654600 0.151365 0.270947 0.383653
0.900780 0.025255 0.965455 0.144565 0.561379 0.404076
0.101069 0.062255 0.881235 0.093205 -0.115589 0.996824
0.358230 0.036185 0.007662 0.969866 0.102101 -0.094439
-1.166090 0.076270 -0.479919 0.118758 -1.188262 0.708343
0.486710 0.053345 0.860775 0.169212 0.210861 0.649914
0.606709 0.052330 0.945815 0.164790 0.312443 0.633372
-0.663020 0.190295 -0.329111 0.306538 -0.762404 0.433293
1.123480 0.079800 1.126975 0.222740 0.749898 0.377077
0.148240 0.060530 -0.328179 0.259825 -0.075659 -0.252520
-1.232151 0.113000 -0.727537 0.255614 -1.244182 0.516645
1.218980 0.080600 0.696429 0.262462 0.830741 -0.134312
0.957479 0.033500 -0.800138 0.484420 0.609376 -1.409514
0.679219 0.032030 0.819945 0.254250 0.373824 0.446121
0.944180 0.040000 1.355155 0.182200 0.598117 0.757038
0.484119 0.069370 0.885115 0.196590 0.208669 0.676446
0.305090 0.056825 0.637193 0.152878 0.057117 0.580076
0.350260 0.024270 0.004174 0.361586 0.095354 -0.091180
0.811660 0.049575 1.052395 0.175340 0.485937 0.566458
0.032169 0.061915 0.469552 0.154020 -0.173915 0.643467
-0.655710 0.059375 0.241502 0.070270 -0.756216 0.997718
0.282080 0.065465 0.693966 0.202566 0.037639 0.656327
0.469760 0.019340 0.158600 0.280535 0.196513 -0.037913
-0.397901 0.089230 -0.559082 0.235756 -0.537976 -0.021106
0.102520 0.067760 0.448302 0.173536 -0.114362 0.562663
0.919080 0.068445 0.586819 0.348577 0.576870 0.009949
0.047460 0.048345 0.369203 0.133730 -0.160971 0.530174
0.084390 0.071205 0.072546 0.194259 -0.129709 0.202255
0.066859 0.086180 0.244870 0.178636 -0.144549 0.389419
-0.303190 0.099260 0.385668 0.137338 -0.457802 0.843470
1.262280 0.040300 1.672685 0.130045 0.867394 0.805290
-0.166390 0.028295 0.068868 0.095514 -0.341999 0.410867
0.389339 0.071320 0.097192 0.293986 0.128436 -0.031244
0.103930 0.055565 0.360894 0.157991 -0.113168 0.474062
-1.019630 0.168170 -0.520101 0.318873 -1.064281 0.544180
-0.575351 0.065730 -0.079551 0.154726 -0.688190 0.608639
-0.219960 0.034780 -0.049901 0.136290 -0.387346 0.337445
-1.568491 0.082115 0.058564 0.055307 -1.528900 1.587464
1.005580 0.029600 0.195655 0.412221 0.650094 -0.454439
0.484240 0.032290 0.727548 0.170197 0.208771 0.518777
0.051290 0.073700 -0.944215 0.546376 -0.157729 -0.786486
0.364320 0.028490 0.483233 0.235357 0.107256 0.375977
-0.083890 0.051350 0.450944 0.125599 -0.272161 0.723105
0.695049 0.078250 1.061205 0.147820 0.387224 0.673980
1.026279 0.016150 0.750165 0.180948 0.667616 0.082549
-0.753230 0.102930 -0.976422 0.250410 -0.838768 -0.137654
-0.466801 0.115210 -0.934811 0.298956 -0.596301 -0.338510
-0.740450 0.080195 0.263096 0.092225 -0.827950 1.091046
1.006080 0.039650 0.187148 0.494917 0.650517 -0.463369
-0.241190 0.042305 -0.178304 0.217859 -0.405318 0.227014
-0.158610 0.108025 0.414979 0.194743 -0.335413 0.750392
0.008460 0.077520 0.506452 0.157094 -0.193985 0.700437
-0.788590 0.102215 -0.905218 0.249607 -0.868701 -0.036517
0.162009 0.043545 -0.233187 0.315771 -0.064003 -0.169184
-0.151080 0.035535 0.348345 0.096507 -0.329038 0.677383
-0.099430 0.052325 0.188837 0.164497 -0.285316 0.474153
1.046180 0.041200 1.403805 0.194415 0.684462 0.719343
0.325769 0.016745 0.108102 0.218024 0.074623 0.033479
1.551579 0.050300 1.204725 0.346385 1.112292 0.092433
0.501010 0.023105 0.478977 0.163633 0.222967 0.256010
0.675920 0.056165 1.104615 0.163910 0.371031 0.733584
-0.892751 0.201525 -0.756871 0.335328 -0.956875 0.200004
0.594440 0.041815 -2.246075 2.165674 0.302057 -2.548131
0.381430 0.064345 0.131758 0.361814 0.121740 0.010018
0.271660 0.037265 0.464028 0.150606 0.028818 0.435210
0.034960 0.040285 0.550466 0.097107 -0.171552 0.722018
0.701610 0.108810 1.179095 0.144050 0.392778 0.786317
-0.093451 0.066630 0.531457 0.119732 -0.280254 0.811711
0.124829 0.043085 -0.591932 0.420179 -0.095476 -0.496456
0.452519 0.099245 0.679515 0.168600 0.181919 0.497596
0.054210 0.034335 0.348248 0.119474 -0.155257 0.503505
0.379869 0.026685 0.508147 0.146005 0.120419 0.387728
-0.284010 0.031105 -0.237812 0.150440 -0.441566 0.203753
0.978780 0.054800 0.937975 0.189406 0.627407 0.310568
0.104770 0.073170 -0.470223 0.357373 -0.112457 -0.357766
-0.015671 0.041895 0.146731 0.161804 -0.214412 0.361143
1.408580 0.053600 -1.991815 2.318843 0.991240 -2.983055
0.013920 0.083825 -0.251910 0.232193 -0.189363 -0.062547
-0.286910 0.069240 0.020867 0.210955 -0.444021 0.464888
1.428880 0.105350 1.500585 0.192095 1.008424 0.492161
0.503200 0.055625 -0.311764 0.409497 0.224820 -0.536584
0.250420 0.036765 0.601157 0.210856 0.010838 0.590319
0.659850 0.046435 1.095355 0.178860 0.357428 0.737927
0.659850 0.046435 1.095355 0.178860 0.357428 0.737927
0.815639 0.024450 0.434523 0.261847 0.489306 -0.054783
0.317329 0.041110 0.158444 0.162856 0.067478 0.090966
0.189680 0.096870 0.111981 0.237438 -0.040579 0.152560
0.414300 0.025925 0.310415 0.262917 0.149565 0.160850
-0.511781 0.032320 -0.500423 0.198601 -0.634377 0.133954
1.170079 0.075800 0.831665 0.198795 0.789345 0.042320
0.170469 0.059445 0.702738 0.133448 -0.056841 0.759579
0.165820 0.064635 0.135797 0.234741 -0.060777 0.196574
0.970079 0.019550 0.871015 0.168742 0.620042 0.250973
-0.258110 0.053555 -0.788728 0.411180 -0.419641 -0.369087
0.291929 0.054745 0.882365 0.130347 0.045977 0.836388
-0.734620 0.088800 -0.268014 0.170108 -0.823015 0.555001
-0.080960 0.039420 -0.870164 0.424639 -0.269681 -0.600483
-0.072170 0.107725 0.281120 0.188423 -0.262240 0.543360
0.201460 0.050295 0.619379 0.144182 -0.030607 0.649986
0.775459 0.037425 0.761985 0.345234 0.455293 0.306692
0.780649 0.053645 1.403285 0.102960 0.459686 0.943599
0.125440 0.096420 -0.409447 0.187217 -0.094960 -0.314487
1.417979 0.023500 0.514654 0.391581 0.999197 -0.484543
0.766190 0.017425 0.532398 0.201134 0.447446 0.084952
-0.506761 0.052135 -0.292686 0.179801 -0.630128 0.337442
-0.095440 0.043470 -0.176251 0.158594 -0.281938 0.105687
0.268250 0.081485 0.984715 0.115360 0.025931 0.958784
-0.706341 0.132825 -1.050337 0.240254 -0.799076 -0.251261
0.024270 0.055130 0.585386 0.127319 -0.180601 0.765987
0.276879 0.079715 0.758715 0.156162 0.033237 0.725478
1.104179 0.054900 1.593155 0.132955 0.733560 0.859595
0.658899 0.059580 0.979775 0.131420 0.356623 0.623152
-0.360690 0.110710 -0.417487 0.398919 -0.506477 0.088990
0.569030 0.019230 0.583459 0.134485 0.280547 0.302912
0.451460 0.140495 0.420618 0.212247 0.181022 0.239596
0.987880 0.064050 0.684062 0.322206 0.635110 0.048952
-0.894530 0.100280 -1.057364 0.310863 -0.958381 -0.098983
0.018539 0.096550 0.214999 0.184344 -0.185452 0.400451
-0.519550 0.069880 -0.061681 0.159263 -0.640954 0.579273
-0.213181 0.068255 0.195137 0.138306 -0.381607 0.576744
0.204610 0.066870 0.418408 0.163514 -0.027941 0.446349
-0.426081 0.068360 -0.299106 0.179476 -0.561831 0.262725
0.040009 0.070520 0.489829 0.133990 -0.167278 0.657107
-0.208040 0.025780 -0.115446 0.126365 -0.377256 0.261810
-0.551540 0.062005 0.050107 0.093546 -0.668035 0.718142
0.072789 0.060285 0.465605 0.185190 -0.139529 0.605134
0.534519 0.072700 0.496261 0.263420 0.251333 0.244928
1.268280 0.027400 -1.797905 2.012601 0.872474 -2.670379
-0.434530 0.046000 0.023421 0.116747 -0.568984 0.592405
-0.377630 0.107115 -0.230790 0.194337 -0.520817 0.290027
0.362539 0.040165 0.555999 0.296308 0.105749 0.450250
-0.234580 0.067760 0.274514 0.125355 -0.399722 0.674236
-0.709230 0.045065 -0.375531 0.150072 -0.801522 0.425991
1.128480 0.063350 1.475665 0.190405 0.754131 0.721534
-0.054200 0.052170 -2.091195 0.990946 -0.247028 -1.844167
0.564170 0.029445 0.910915 0.096445 0.276433 0.634482
-0.049030 0.075450 -1.298965 0.599027 -0.242651 -1.056314
0.792820 0.109005 1.253885 0.207320 0.469989 0.783896
0.240330 0.049850 -8.080595 5.219645 0.002297 -8.082891
-0.460561 0.081785 -0.415667 0.172403 -0.591019 0.175352
0.183769 0.032380 0.460212 0.130193 -0.045583 0.505795
0.305440 0.074260 0.737426 0.170135 0.057414 0.680012
0.779870 0.016415 0.088886 0.321685 0.459027 -0.370141
-0.077781 0.099390 -0.277315 0.277732 -0.266989 -0.010326
0.735900 0.019450 0.615287 0.171205 0.421805 0.193482
0.007250 0.063655 -0.085858 0.269031 -0.195009 0.109151
-1.243420 0.026625 -1.370985 0.208912 -1.253722 -0.117263
1.075979 0.112200 1.308325 0.245430 0.709688 0.598637
0.671350 0.035450 0.391241 0.177937 0.367162 0.024079
-0.989870 0.127235 -0.230540 0.190113 -1.039088 0.808548
1.172979 0.051450 1.006505 0.194715 0.791800 0.214705
-0.099390 0.037910 -0.460482 0.538672 -0.285282 -0.175200
1.441480 0.080250 -0.080063 0.732701 1.019090 -1.099153
-0.003820 0.015215 -0.943408 0.296670 -0.204380 -0.739028
0.625430 0.025385 0.877395 0.133288 0.328291 0.549104
0.903080 0.033480 1.067505 0.157090 0.563326 0.504179
0.661839 0.105055 0.681326 0.231037 0.359112 0.322214
-0.291121 0.081625 0.236058 0.169846 -0.447585 0.683643
0.967279 0.083650 0.370483 0.228566 0.617672 -0.247189
-0.289861 0.046905 0.129430 0.127158 -0.446518 0.575948
-0.695451 0.121105 0.368770 0.134448 -0.789857 1.158627
0.135070 0.081240 -0.310215 0.404124 -0.086808 -0.223407
1.547879 0.025450 -0.029419 1.228134 1.109159 -1.138578
-0.255361 0.088300 -1.174525 0.568492 -0.417313 -0.757212
-0.967950 0.079335 -0.129716 0.089919 -1.020532 0.890816
0.412370 0.074925 0.491940 0.172492 0.147932 0.344008
-0.065041 0.082310 0.185348 0.172771 -0.256204 0.441552
-0.115371 0.062445 -0.392707 0.243264 -0.298810 -0.093897
0.168830 0.115710 0.437589 0.207154 -0.058229 0.495818
0.322160 0.047855 0.559158 0.191218 0.071567 0.487591
-0.396410 0.059765 -0.012931 0.131403 -0.536714 0.523783
0.309090 0.021135 0.340227 0.117232 0.060503 0.279724
-0.178451 0.019970 -0.869182 0.329062 -0.352208 -0.516974
-0.220031 0.033625 0.061766 0.114431 -0.387406 0.449172
-0.421781 0.061225 -0.406283 0.230806 -0.558191 0.151908
-0.189930 0.060500 0.200047 0.103332 -0.361925 0.561972
0.579220 0.018905 0.579791 0.122730 0.289173 0.290618
0.676829 0.019750 0.684990 0.139336 0.371801 0.313189
0.895180 0.091815 1.258195 0.206700 0.556638 0.701557
0.879610 0.050875 0.836955 0.199623 0.543458 0.293497
0.216510 0.071555 -0.380985 0.059889 -0.017867 -0.363118
-0.022370 0.076265 -0.290480 0.271090 -0.220083 -0.070397
0.241460 0.016950 -0.352146 0.273663 0.003253 -0.355399
-1.799911 0.097755 -0.540895 0.115441 -1.724801 1.183906
-0.054860 0.074710 0.095117 0.138882 -0.247586 0.342703
-0.917470 0.066100 -0.468360 0.160309 -0.977800 0.509440
1.044880 0.063100 0.016327 0.430898 0.683362 -0.667035
-0.540831 0.063785 0.023901 0.113834 -0.658969 0.682870
0.235620 0.070365 0.686055 0.192173 -0.001690 0.687745
-1.081000 0.063325 -0.089641 0.072574 -1.116231 1.026590
-0.100380 0.102000 0.195500 0.206178 -0.286120 0.481620
0.108629 0.034260 0.417644 0.103775 -0.109190 0.526834
0.523999 0.020770 0.494254 0.174909 0.242428 0.251826
-0.210240 0.062815 0.183038 0.119483 -0.379118 0.562156
0.632040 0.036060 0.990085 0.162860 0.333886 0.656199
-0.236250 0.026920 -0.211715 0.176351 -0.401136 0.189421
0.041430 0.052720 -1.216949 0.565500 -0.166076 -1.050873
0.620560 0.028385 0.807795 0.124099 0.324168 0.483627
0.249829 0.050630 0.754515 0.156221 0.010338 0.744177
-0.134521 0.064640 0.079030 0.162104 -0.315020 0.394050
0.595590 0.084870 -0.319702 0.237837 0.303030 -0.622732
0.510469 0.016485 0.161492 0.256742 0.230975 -0.069483
0.558570 0.021740 0.570866 0.193419 0.271692 0.299174
0.147300 0.023000 -0.291969 0.265058 -0.076455 -0.215515
0.456010 0.060300 -0.744308 0.540059 0.184874 -0.929182
0.990979 0.028500 1.099835 0.145425 0.637734 0.462101
-0.709661 0.108310 -0.868764 0.178408 -0.801886 -0.066878
1.080879 0.063650 0.863205 0.765553 0.713836 0.149369
0.690840 0.018170 0.680166 0.127674 0.383661 0.296505
0.528880 0.049540 0.234471 0.244701 0.246560 -0.012089
0.613899 0.069990 0.065339 0.304161 0.318530 -0.253191
0.792230 0.021030 0.673760 0.287909 0.469489 0.204271
1.339580 0.039750 1.178105 0.240395 0.932830 0.245275
-0.009851 0.090455 -0.284645 0.229018 -0.209485 -0.075160
0.224050 0.042320 0.543383 0.154136 -0.011485 0.554868
-0.673030 0.039845 -0.380834 0.137228 -0.770877 0.390043
0.213490 0.058575 0.596575 0.154723 -0.020424 0.616999
1.747379 0.050200 0.656247 0.309128 1.278040 -0.621793
0.657060 0.049450 1.031345 0.149270 0.355066 0.676279
0.717790 0.028485 0.882305 0.130080 0.406475 0.475830
0.983279 0.028500 1.196405 0.136185 0.631216 0.565189
0.506180 0.016735 0.215198 0.230214 0.227343 -0.012145
0.591829 0.079660 0.681781 0.191648 0.299847 0.381934
-0.258150 0.077265 -0.155846 0.182069 -0.419675 0.263829
0.042860 0.058940 0.507392 0.156960 -0.164865 0.672257
0.998879 0.056300 1.459665 0.157955 0.644422 0.815243
0.728960 0.052535 0.437583 0.185754 0.415931 0.021652
0.281529 0.055210 -0.164591 0.287694 0.037173 -0.201763
-0.231740 0.089055 -0.834527 0.239710 -0.397318 -0.437209
-0.515410 0.097880 -0.290206 0.180493 -0.637450 0.347244
0.665660 0.083200 0.610308 0.207598 0.362346 0.247962
-0.087120 0.084120 0.007059 0.179941 -0.274895 0.281954
0.105989 0.020145 0.083080 0.143956 -0.111425 0.194505
1.021879 0.023750 1.119535 0.167975 0.663892 0.455643
-0.248960 0.081425 0.156921 0.194027 -0.411896 0.568817
0.842449 0.028275 -1.663535 1.237274 0.512001 -2.175536
0.242280 0.023970 0.283592 0.176488 0.003948 0.279644
-0.280110 0.038025 -0.023153 0.145492 -0.438265 0.415112
-1.355140 0.060165 -2.632815 0.739690 -1.348295 -1.284520
-1.008640 0.082800 -1.479805 0.474309 -1.054977 -0.424828
-0.636730 0.022825 -1.345665 0.319766 -0.740149 -0.605516
-0.065781 0.026665 -0.452662 0.277114 -0.256831 -0.195831
-0.531811 0.075475 -0.071797 0.126743 -0.651333 0.579536
-1.165781 0.088240 -0.953851 0.199617 -1.187999 0.234148
-0.589420 0.072235 0.596552 0.072441 -0.700101 1.296653
-0.178041 0.058260 -0.342936 0.387887 -0.351861 0.008925
-1.855110 0.067260 -1.936325 0.278795 -1.771528 -0.164797
0.165170 0.028735 0.258001 0.156872 -0.061327 0.319328
0.797970 0.061495 2.087135 0.060830 0.474348 1.612787
-1.594960 0.075730 -4.016085 1.642100 -1.551307 -2.464778
0.672569 0.061105 0.507584 0.188750 0.368195 0.139389
0.494300 0.022615 0.564974 0.147082 0.217287 0.347687
0.769060 0.030520 0.638388 0.282797 0.449876 0.188512
0.519730 0.065805 0.738327 0.283829 0.238813 0.499514
-0.728150 0.107795 -0.734254 0.216756 -0.817538 0.083284
-0.702160 0.032750 -0.684891 0.253641 -0.795537 0.110646
-0.228601 0.085920 -0.422181 0.235642 -0.394661 -0.027520
-0.346880 0.113380 -0.414506 0.192903 -0.494786 0.080280
0.010890 0.042065 -0.207501 0.274853 -0.191928 -0.015573
-0.290060 0.032725 -0.144885 0.159035 -0.446687 0.301802
-0.568240 0.040570 -0.264033 0.171491 -0.682171 0.418138
-0.960020 0.092145 -1.652085 0.290960 -1.013819 -0.638266
-1.000880 0.107130 -1.190247 0.238899 -1.048408 -0.141839
0.652189 0.038495 0.538334 0.153358 0.350943 0.187391
-0.707561 0.107385 -0.812575 0.278062 -0.800108 -0.012467
-1.241310 0.099520 -1.530295 0.289066 -1.251936 -0.278359
-0.187640 0.021185 -0.387903 0.247945 -0.359987 -0.027916
-0.721550 0.124515 0.104427 0.166745 -0.811951 0.916378
1.482380 0.064600 1.456485 0.461250 1.053713 0.402772
0.172090 0.057600 0.873565 0.107395 -0.055470 0.929035
0.517030 0.033910 -2.024895 1.427747 0.236528 -2.261423
-1.079650 0.113855 -1.625635 0.216090 -1.115088 -0.510547
0.058189 0.092505 0.591022 0.160689 -0.151888 0.742910
-0.320490 0.082650 0.035820 0.162299 -0.472446 0.508266
-1.207020 0.058610 -2.108465 0.500395 -1.222909 -0.885556
-1.479720 0.083070 -1.313245 0.310109 -1.453754 0.140509
0.429680 0.033350 0.242846 0.211064 0.162585 0.080261
-0.257450 0.027485 -0.135878 0.139813 -0.419082 0.283204
-0.555901 0.092315 -0.892238 0.261504 -0.671726 -0.220512
-1.070550 0.071445 -2.249115 0.586465 -1.107385 -1.141730
-1.741621 0.074805 -2.534785 0.705210 -1.675457 -0.859328
0.112320 0.058895 -0.396022 0.191496 -0.106066 -0.289956
-0.877561 0.075440 -1.073534 0.198529 -0.944016 -0.129518
-0.636520 0.037095 -0.930873 0.306527 -0.739972 -0.190901
-0.889960 0.075535 -0.686727 0.108230 -0.954513 0.267786
0.618939 0.056830 1.094915 0.140700 0.322796 0.772119
-0.680210 0.022335 -0.557213 0.102109 -0.776956 0.219743
-0.048890 0.030960 0.034382 0.160439 -0.242533 0.276915
-0.260800 0.074320 -12.694594 9.140770 -0.421918 -12.272676
0.612200 0.022440 0.695046 0.130056 0.317091 0.377955
0.437550 0.020750 -0.143045 0.322145 0.169247 -0.312292
-1.573350 0.195940 -0.817776 0.271221 -1.533014 0.715238
-1.088301 0.075060 -0.529384 0.186496 -1.122411 0.593027
-2.183720 0.073520 -1.746255 0.173610 -2.049702 0.303447
-0.530850 0.050125 -1.599405 0.559521 -0.650520 -0.948885
-1.761281 0.103410 -2.305105 0.454360 -1.692100 -0.613005
-0.875080 0.030985 -1.225566 0.346498 -0.941916 -0.283650
-2.056201 0.115435 -1.603715 0.190300 -1.941755 0.338040
-0.190770 0.064120 0.246360 0.115645 -0.362637 0.608997
-1.493490 0.062325 -1.698945 0.303500 -1.465411 -0.233534
0.286779 0.027955 0.029745 0.271257 0.041617 -0.011872
0.062160 0.090720 0.361613 0.199203 -0.148527 0.510140
1.023379 0.023000 1.062535 0.146590 0.665161 0.397374
-1.461700 0.103425 -1.253715 0.178480 -1.438500 0.184785
-1.358760 0.161135 -1.143266 0.353741 -1.351360 0.208094
-1.253380 0.061585 -3.312545 1.050560 -1.262154 -2.050391
-0.208080 0.040750 0.350174 0.095224 -0.377290 0.727464
-0.912451 0.098040 -1.259625 0.257298 -0.973551 -0.286074
0.310369 0.024905 0.497730 0.179359 0.061587 0.436143
-0.734900 0.019690 -0.937315 0.189597 -0.823252 -0.114063
-0.167260 0.037775 0.284483 0.093262 -0.342735 0.627218
-0.000060 0.042305 -0.333021 0.185623 -0.201197 -0.131824
-0.145500 0.066155 0.293468 0.160183 -0.324315 0.617783
-1.679700 0.103475 -2.295175 0.703100 -1.623041 -0.672134
-1.854160 0.228955 -1.626965 0.411697 -1.770724 0.143759
-0.949540 0.075930 -1.800935 0.612450 -1.004948 -0.795987
0.609960 0.039785 0.959975 0.192675 0.315195 0.644780
0.660069 0.074220 1.055375 0.159875 0.357613 0.697762
-0.826611 0.097185 -1.316085 0.308830 -0.900886 -0.415199
-0.094590 0.060775 0.444494 0.139547 -0.281219 0.725713
0.243350 0.027465 0.390828 0.125503 0.004853 0.385974
0.159989 0.029825 -0.750807 0.153802 -0.065713 -0.685094
-0.386210 0.114810 0.249672 0.180128 -0.528080 0.777752
-0.095261 0.088220 -0.047181 0.316480 -0.281786 0.234605
-1.208941 0.093895 -2.104465 0.525620 -1.224535 -0.879930
0.405990 0.078835 0.413604 0.302404 0.142531 0.271073
-0.626620 0.028830 -0.373135 0.094734 -0.731591 0.358456
0.593229 0.074695 0.476893 0.171089 0.301032 0.175861
0.267210 0.073880 0.433451 0.130926 0.025051 0.408400
0.147120 0.091530 -0.117980 0.252035 -0.076607 -0.041373
-1.633890 0.076620 -1.793195 0.299610 -1.584262 -0.208933
-2.089890 0.226430 -0.449574 0.150895 -1.970274 1.520700
-0.573720 0.025685 -0.664678 0.216145 -0.686810 0.022132
-0.962200 0.072955 -1.645895 0.303840 -1.015665 -0.630230
-0.623671 0.021060 -1.030330 0.299619 -0.729094 -0.301236
-1.141280 0.059850 -2.903825 1.027110 -1.167259 -1.736566
-1.489320 0.114690 -1.717805 0.232545 -1.461881 -0.255924
-1.371580 0.080955 -2.102085 0.469430 -1.362212 -0.739873
-1.796751 0.088570 -2.272135 0.582205 -1.722126 -0.550009
-1.161740 0.079740 -1.490575 0.219100 -1.184579 -0.305996
-0.748200 0.086830 -0.629317 0.198561 -0.834511 0.205194
0.532470 0.019060 0.434279 0.176259 0.249598 0.184681
-0.406800 0.027030 -0.235541 0.120269 -0.545510 0.309969
-1.040000 0.141120 -1.538425 0.259315 -1.081524 -0.456901
-1.924881 0.215360 -0.767307 0.174307 -1.830590 1.063283
0.073199 0.076350 0.112980 0.185467 -0.139182 0.252162
0.361139 0.075050 0.902215 0.153200 0.104564 0.797651
0.567360 0.022935 0.645884 0.149005 0.279133 0.366751
-0.654181 0.091025 -0.788465 0.257331 -0.754921 -0.033544
-0.022820 0.079115 0.424590 0.164479 -0.220464 0.645054
-0.402511 0.021705 -0.706090 0.265470 -0.541878 -0.164212
-1.660940 0.154815 -1.632765 0.515863 -1.607160 -0.025605
-1.531530 0.118510 -1.885465 0.347000 -1.497613 -0.387852
-1.638640 0.047660 -2.225705 0.440510 -1.588283 -0.637422
-0.362161 0.093810 -0.193351 0.220037 -0.507721 0.314370
-1.117810 0.119150 -1.513805 0.279444 -1.147392 -0.366413
-1.604460 0.066510 -1.373195 0.232663 -1.559349 0.186154
0.551490 0.049560 1.078455 0.085450 0.265699 0.812756
-1.189380 0.056145 -1.479255 0.251500 -1.207977 -0.271278
-1.867661 0.088260 -0.932855 0.105039 -1.782152 0.849297
-0.045530 0.085710 0.354280 0.165796 -0.239689 0.593969
-0.216910 0.063975 -0.638156 0.334937 -0.384765 -0.253391
-0.049331 0.063390 -0.863625 0.382615 -0.242906 -0.620719
1.152980 0.124100 1.528505 0.367245 0.774870 0.753635
0.599970 0.045315 -0.053788 0.361234 0.306738 -0.360526
0.223519 0.017455 -0.113259 0.221113 -0.011934 -0.101325
-0.389740 0.030205 -0.997828 0.294046 -0.531068 -0.466760
-0.244531 0.070135 -0.189041 0.179724 -0.408146 0.219105
-0.529990 0.082570 -0.591180 0.271503 -0.649792 0.058612
-1.494040 0.085410 -1.691205 0.260450 -1.465877 -0.225328
-0.610810 0.051465 -0.286906 0.148787 -0.718208 0.431302
-0.499081 0.155780 -1.028933 0.227579 -0.623627 -0.405306
-1.402280 0.155430 -0.612211 0.244994 -1.388200 0.775989
-1.247750 0.071945 -2.986475 1.042640 -1.257388 -1.729087
-1.500520 0.106770 -1.311535 0.232058 -1.471362 0.159827
-1.427990 0.192440 -0.483070 0.232495 -1.409964 0.926894
-1.441781 0.074090 -2.963225 1.089235 -1.421638 -1.541587
-0.620251 0.030710 -0.557338 0.235904 -0.726199 0.168861
-1.675830 0.091330 -1.497715 0.214535 -1.619765 0.122050
0.453400 0.097145 0.906315 0.189703 0.182664 0.723651
-0.403790 0.133425 -0.234888 0.230944 -0.542962 0.308074
-0.810910 0.070025 -2.188875 0.533070 -0.887596 -1.301279
-1.586500 0.102505 -1.910215 0.399440 -1.544145 -0.366070
-1.406840 0.098300 -1.799935 0.401485 -1.392060 -0.407875
0.446950 0.040320 0.644288 0.159121 0.177204 0.467084
-1.960120 0.138190 -2.809645 1.372810 -1.860421 -0.949224
0.412350 0.018575 0.386776 0.153591 0.147915 0.238861
-1.692230 0.037780 -6.008305 2.012400 -1.633648 -4.374658
-1.166151 0.110465 -1.373315 0.242533 -1.188312 -0.185003
0.324440 0.057300 0.860985 0.138628 0.073498 0.787487
-1.532530 0.165585 -0.715727 0.214243 -1.498459 0.782732
-0.390950 0.079240 -0.890066 0.315049 -0.532092 -0.357974
-0.381480 0.081230 0.075928 0.133528 -0.524076 0.600004
-0.808661 0.084755 -0.434450 0.233545 -0.885691 0.451241
0.086519 0.034995 0.495951 0.107005 -0.127906 0.623857
-0.505450 0.072545 -0.588451 0.160122 -0.629019 0.040568
-0.944551 0.059645 -1.147225 0.492591 -1.000724 -0.146501
-1.448000 0.066440 -0.972237 0.155575 -1.426903 0.454666
-1.058491 0.064350 -1.040958 0.330668 -1.097177 0.056219
0.347560 0.037820 0.338013 0.180243 0.093069 0.244944
-0.177561 0.024220 -0.509051 0.275247 -0.351455 -0.157596
-0.645391 0.026440 -0.778387 0.415437 -0.747480 -0.030907
-0.184171 0.016720 -0.620135 0.269031 -0.357050 -0.263085
-1.839510 0.114960 -2.107255 0.566445 -1.758323 -0.348932
-1.339380 0.056770 -2.776175 0.725450 -1.334954 -1.441221
-0.691630 0.080575 -1.137138 0.248516 -0.786623 -0.350515
-0.485130 0.042195 -0.158824 0.147523 -0.611817 0.452993
0.291080 0.062815 -0.873689 0.546836 0.045257 -0.918946
1.001679 0.038800 0.775955 0.208766 0.646792 0.129163
-0.193830 0.056260 -0.612488 0.172763 -0.365227 -0.247261
-1.215900 0.113865 -1.437405 0.153555 -1.230426 -0.206979
-0.400721 0.067905 -0.252802 0.157158 -0.540363 0.287561
0.589129 0.033900 0.876345 0.124900 0.297562 0.578783
0.013760 0.094020 -0.473344 0.197079 -0.189499 -0.283845
1.516279 0.030850 -1.659065 1.778248 1.082410 -2.741475
0.268320 0.039860 0.517426 0.176497 0.025991 0.491435
-1.012100 0.079440 -1.197038 0.383749 -1.057906 -0.139132
0.080150 0.041380 -2.680245 1.196945 -0.133298 -2.546947
-0.372070 0.043210 0.193913 0.104300 -0.516110 0.710023
1.253779 0.021450 1.270935 0.163955 0.860199 0.410736
0.082660 0.081115 -0.451435 0.221830 -0.131174 -0.320261
-1.504110 0.114705 -1.615785 0.156795 -1.474401 -0.141384
1.188379 0.117050 1.194405 0.193790 0.804837 0.389568
-1.720240 0.101005 -1.454035 0.210848 -1.657359 0.203323
-0.189390 0.036985 -0.200472 0.254396 -0.361468 0.160997
-0.478530 0.035115 0.062597 0.076110 -0.606230 0.668827
-0.170040 0.033930 0.084962 0.147530 -0.345088 0.430050
-1.870900 0.075725 -2.947155 0.797850 -1.784895 -1.162260
-0.812140 0.078945 -1.097049 0.145270 -0.888637 -0.208412
0.624249 0.034830 1.124135 0.085395 0.327291 0.796844
-1.676410 0.025685 -2.119155 0.275260 -1.620256 -0.498899
-1.044810 0.064230 -1.084858 0.159080 -1.085596 0.000738
0.866280 0.019635 0.519948 0.274916 0.532174 -0.012226
-0.027730 0.089170 0.152089 0.190793 -0.224620 0.376709
-0.081560 0.090945 0.544016 0.122878 -0.270188 0.814204
0.312570 0.020525 0.312733 0.131994 0.063449 0.249284
1.224179 0.041000 1.630815 0.139525 0.835142 0.795673
-1.790020 0.128430 -1.837375 0.301445 -1.716429 -0.120946
-0.155210 0.080880 -1.114985 0.143484 -0.332535 -0.782450
-2.015080 0.097985 -1.538125 0.201895 -1.906946 0.368821
-1.099151 0.075390 -1.655975 0.626344 -1.131596 -0.524379
-0.827351 0.031005 -0.632139 0.113999 -0.901513 0.269374
-0.161100 0.046005 0.010430 0.277248 -0.337521 0.347951
-1.533660 0.058765 -0.876933 0.090852 -1.499416 0.622483
-1.140930 0.027500 -1.315315 0.205567 -1.166963 -0.148352
-0.232330 0.084990 -0.296513 0.209783 -0.397818 0.101305
0.136889 0.030680 0.301005 0.201786 -0.085267 0.386272
-1.369020 0.065440 -2.197935 0.539445 -1.360045 -0.837890
-0.302960 0.070515 -0.009037 0.145627 -0.457607 0.448570
-0.448650 0.156140 -0.385058 0.285212 -0.580936 0.195878
-0.083791 0.062445 0.299263 0.120989 -0.272077 0.571340
-1.678730 0.097260 -2.340055 0.591435 -1.622220 -0.717835
-0.454990 0.022895 -1.005541 0.311736 -0.586303 -0.419238
-1.578180 0.077890 -1.216397 0.114377 -1.537102 0.320705
-1.815230 0.087945 -2.055715 0.406105 -1.737769 -0.317946
-1.782590 0.066200 -2.301635 0.569085 -1.710139 -0.591496
-1.010970 0.080135 -0.909885 0.265429 -1.056950 0.147065
-0.136340 0.029855 -3.501435 1.786820 -0.316561 -3.184874
-0.597361 0.027690 -0.762492 0.302547 -0.706822 -0.055670
-1.649040 0.092645 -1.341205 0.190144 -1.597087 0.255882
0.459479 0.086205 -0.343641 0.298003 0.187811 -0.531452
1.295380 0.030750 -0.121084 0.307303 0.895414 -1.016498
0.844359 0.023360 0.983795 0.209900 0.513618 0.470177
-1.090540 0.058960 -1.420065 0.261746 -1.124307 -0.295758
0.436589 0.034435 0.758655 0.232735 0.168434 0.590221
0.486010 0.045855 -0.011501 0.311243 0.210269 -0.221770
-0.310250 0.054875 -7.505455 5.183110 -0.463778 -7.041677
-0.957931 0.026975 -7.572285 3.704355 -1.012051 -6.560235
0.275960 0.030125 0.492618 0.125642 0.032458 0.460160
-1.461740 0.144780 -1.036735 0.335952 -1.438534 0.401799
-0.117721 0.023065 -0.037640 0.158055 -0.300799 0.263159
-1.507970 0.035590 -1.917405 0.378660 -1.477669 -0.439736
-0.768910 0.029490 -1.713505 0.408085 -0.852042 -0.861463
-0.742701 0.109545 -0.434514 0.184104 -0.829855 0.395341
-0.072551 0.072190 0.425112 0.175268 -0.262562 0.687674
-0.167100 0.049450 0.214534 0.184464 -0.342599 0.557133
0.719430 0.079830 -0.522656 0.496511 0.407863 -0.930519
-0.785951 0.023125 -0.882923 0.275290 -0.866467 -0.016456
-0.334260 0.087315 -1.082834 0.216883 -0.484103 -0.598731
0.768180 0.018155 0.792985 0.201485 0.449131 0.343854
-0.403320 0.023940 -0.503459 0.246426 -0.542564 0.039105
-1.527400 0.097030 -2.721825 0.886730 -1.494117 -1.227708
-0.318030 0.081680 -0.161526 0.157790 -0.470364 0.308838
-1.865160 0.115725 -1.310155 0.239523 -1.780036 0.469881
-0.224771 0.072425 -0.925010 0.367485 -0.391418 -0.533592
-0.840140 0.052215 -0.787254 0.123342 -0.912339 0.125085
-0.392080 0.054555 -0.828141 0.058458 -0.533049 -0.295092
-0.437470 0.053375 -1.771415 0.203000 -0.571472 -1.199943
-1.206740 0.034170 -1.468955 0.244261 -1.222672 -0.246283
-0.511790 0.036360 -0.193686 0.153877 -0.634385 0.440699
-0.098500 0.019365 -0.265818 0.227153 -0.284528 0.018711
-1.263430 0.069985 -0.733764 0.131688 -1.270661 0.536897
-1.391280 0.065380 -2.677705 0.838735 -1.378888 -1.298816
0.003790 0.031775 -0.607667 0.371352 -0.197938 -0.409729
-1.226470 0.074420 -1.500685 0.402739 -1.239374 -0.261311
-0.807470 0.040575 -1.977645 0.663200 -0.884684 -1.092961
-0.893790 0.035765 -0.769954 0.240657 -0.957755 0.187801
-0.747880 0.040050 -1.103572 0.428046 -0.834239 -0.269333
-1.497450 0.039890 -1.268955 0.146766 -1.468763 0.199808
-0.220110 0.060095 -0.173050 0.186494 -0.387473 0.214424
-1.114250 0.054525 -1.517515 0.246855 -1.144378 -0.373137
-1.470660 0.077395 -1.516135 0.204485 -1.446085 -0.070050
0.438330 0.069965 -0.485594 0.554030 0.169907 -0.655501
-1.055500 0.087010 -1.315885 0.249353 -1.094645 -0.221240
-0.651350 0.015825 -0.920330 0.210292 -0.752525 -0.167805
0.386900 0.037950 0.616558 0.124509 0.126371 0.490187
0.641089 0.024880 0.836745 0.094353 0.341547 0.495198
-0.785750 0.052220 -0.334442 0.136300 -0.866297 0.531856
-0.473170 0.068360 -0.199482 0.131216 -0.601693 0.402211
0.765229 0.081785 0.353754 0.152387 0.446633 -0.092879
-0.203091 0.092405 0.308207 0.168234 -0.373066 0.681273
-1.875480 0.124545 -1.266685 0.189314 -1.788772 0.522087
-0.531990 0.017365 -1.165188 0.245827 -0.651485 -0.513703
0.783440 0.035095 0.907295 0.157070 0.462048 0.445247
-0.502251 0.071000 -1.070180 0.245369 -0.626310 -0.443870
-0.269200 0.070740 -0.416341 0.306774 -0.429029 0.012688
-1.329610 0.141200 -1.735365 0.199195 -1.326684 -0.408681
-2.270370 0.134920 -1.380955 0.172071 -2.123053 0.742098
-1.021621 0.062390 -2.383855 0.762285 -1.065966 -1.317889
-1.259891 0.047665 -2.363535 0.587545 -1.267665 -1.095870
-1.105781 0.032190 -8.078645 5.121360 -1.137208 -6.941437
0.027100 0.018315 -0.008642 0.162935 -0.178206 0.169564
-1.037860 0.031740 -1.231777 0.312442 -1.079712 -0.152065
1.321980 0.047050 0.804745 0.151681 0.917931 -0.113186
1.054179 0.034750 0.613144 0.183365 0.691234 -0.078090
0.032599 0.121850 0.672848 0.208194 -0.173550 0.846398
-1.214251 0.068580 -1.105368 0.224430 -1.229030 0.123662
-0.714160 0.053160 -0.171184 0.085869 -0.805695 0.634511
-0.644481 0.128450 -0.613802 0.243414 -0.746710 0.132908
-0.043800 0.023995 -0.106613 0.199778 -0.238224 0.131611
-1.290950 0.094390 -1.451725 0.326715 -1.293957 -0.157768
-0.494300 0.052210 -0.367684 0.238928 -0.619580 0.251896
0.050600 0.033745 0.519505 0.095247 -0.158313 0.677818
-1.566900 0.037330 -0.927737 0.085113 -1.527554 0.599817
0.842669 0.073460 0.605437 0.236064 0.512187 0.093250
0.461630 0.055930 0.256004 0.143342 0.189631 0.066373
-1.190050 0.112370 -1.205483 0.203227 -1.208544 0.003061
-0.153470 0.108865 -0.457833 0.163205 -0.331061 -0.126772
-0.569700 0.058845 -1.270205 0.253520 -0.683407 -0.586798
-0.910060 0.032725 -1.902645 0.487215 -0.971527 -0.931118
-1.154480 0.060475 -0.194412 0.066955 -1.178434 0.984022
0.821650 0.040175 1.185445 0.172960 0.494394 0.691051
0.104819 0.022980 -0.003207 0.164503 -0.112415 0.109208
0.622640 0.028890 0.701969 0.140496 0.325929 0.376040
0.138530 0.024760 0.246012 0.146436 -0.083879 0.329891
0.207649 0.029645 0.359493 0.178891 -0.025368 0.384861
-0.456070 0.080665 -0.442776 0.355950 -0.587217 0.144441
0.104609 0.019750 0.047281 0.186329 -0.112593 0.159874
-1.306690 0.053040 -2.721975 0.791805 -1.307282 -1.414693
0.874280 0.038775 0.298442 0.318631 0.538946 -0.240504
-0.451310 0.069125 -0.097517 0.131024 -0.583188 0.485671
0.415150 0.035605 0.680822 0.152454 0.150285 0.530537
-0.295530 0.092065 -0.706595 0.354510 -0.451318 -0.255277
-1.479530 0.101070 -1.557015 0.342119 -1.453594 -0.103421
-0.183721 0.033595 0.412611 0.083212 -0.356669 0.769280
-0.373180 0.031960 -0.483604 0.149633 -0.517050 0.033446
-0.807840 0.151415 -0.872989 0.226744 -0.884997 0.012008
0.163400 0.022800 -0.100697 0.273265 -0.062826 -0.037871
-0.154760 0.109630 -0.572787 0.275363 -0.332154 -0.240633
-1.639360 0.057630 -2.705845 0.615800 -1.588892 -1.116952
-0.389740 0.027055 -0.516955 0.181014 -0.531068 0.014113
-0.018520 0.094900 0.341438 0.149925 -0.216824 0.558262
0.197400 0.070605 -0.764224 0.432219 -0.034044 -0.730180
-1.176641 0.041795 -1.043251 0.193744 -1.197192 0.153941
0.896580 0.025835 0.871875 0.185906 0.557823 0.314052
-0.509090 0.029800 -0.449274 0.173916 -0.632100 0.182826
-0.911270 0.098620 -1.354765 0.215424 -0.972552 -0.382213
-0.411130 0.021965 -0.676528 0.274670 -0.549175 -0.127353
-0.522930 0.118965 -0.623400 0.203340 -0.643816 0.020416
-1.525550 0.047510 -3.134525 0.761985 -1.492550 -1.641974
-0.345790 0.036805 -5.421955 3.066875 -0.493863 -4.928092
0.490890 0.017170 0.274762 0.200602 0.214400 0.060362
0.114409 0.018250 0.117022 0.129821 -0.104297 0.221319
-1.330821 0.099340 -0.671441 0.160717 -1.327708 0.656267
0.094689 0.023035 0.076270 0.174534 -0.120990 0.197260
0.750850 0.096885 0.316726 0.217112 0.434460 -0.117734
1.114280 0.043600 0.267635 0.360005 0.742110 -0.474475
1.114280 0.043600 0.267635 0.360005 0.742110 -0.474475
-1.264370 0.105510 -1.543645 0.223510 -1.271457 -0.272188
-1.245310 0.108845 -1.317475 0.298431 -1.255322 -0.062153
-1.133550 0.068440 -1.587485 0.306535 -1.160716 -0.426769
-0.711841 0.020265 -1.161493 0.291880 -0.803731 -0.357762
0.956980 0.124965 0.450201 0.175517 0.608953 -0.158752
-0.835650 0.025850 -6.706485 4.214685 -0.908539 -5.797947
-0.463050 0.077405 -0.378325 0.167362 -0.593126 0.214801
0.861990 0.022470 0.675501 0.177275 0.528543 0.146958
-0.308870 0.061660 -2.220065 0.937935 -0.462610 -1.757455
-1.985470 0.068455 -1.759175 0.140225 -1.881880 0.122705
-0.102210 0.083770 0.446094 0.156012 -0.287669 0.733763
-0.783610 0.019075 -1.533245 0.348806 -0.864486 -0.668759
-1.178391 0.027200 -1.103402 0.176436 -1.198674 0.095272
0.444520 0.019990 0.451266 0.144621 0.175147 0.276119
0.063100 0.064920 0.495341 0.193896 -0.147731 0.643072
0.056439 0.058760 -1.440675 0.540465 -0.153369 -1.287306
-0.373341 0.094335 -0.593762 0.212083 -0.517185 -0.076577
-0.704300 0.068010 -0.974093 0.169846 -0.797348 -0.176745
0.727920 0.056080 -0.535500 0.651137 0.415050 -0.950550
0.494659 0.044840 1.095105 0.104650 0.217591 0.877514
-0.566140 0.047890 0.085748 0.101234 -0.680394 0.766142
-0.814711 0.083080 -0.682870 0.188057 -0.890813 0.207943
-1.240891 0.030315 -5.780245 2.885430 -1.251581 -4.528665
0.470240 0.053045 0.858715 0.159962 0.196919 0.661796
-0.853801 0.043885 -1.200422 0.184800 -0.923903 -0.276519
0.048630 0.064820 -1.906665 1.014135 -0.159980 -1.746685
0.524429 0.026935 0.752825 0.105923 0.242792 0.510033
-0.660351 0.024240 -1.007615 0.325249 -0.760144 -0.247470
-0.702550 0.065980 -0.272108 0.149904 -0.795867 0.523759
-1.480320 0.134245 -0.527590 0.154637 -1.454262 0.926672
0.153190 0.024735 0.259095 0.151204 -0.071469 0.330564
0.168580 0.067965 -0.023754 0.211233 -0.058441 0.034687
-0.821760 0.096180 -0.043842 0.134819 -0.896780 0.852938
1.345779 0.067000 1.050315 0.239425 0.938079 0.112236
-0.591710 0.037030 -0.755470 0.267091 -0.702039 -0.053431
-1.124510 0.135775 -0.628049 0.251424 -1.153063 0.525014
0.061299 0.029855 0.200300 0.224909 -0.149255 0.349555
1.269079 0.050900 1.680625 0.167305 0.873150 0.807474
0.645849 0.035985 1.031825 0.132705 0.345576 0.686249
1.359079 0.029400 -0.105407 0.280400 0.949337 -1.054744
-0.302270 0.052285 0.090746 0.162915 -0.457023 0.547769
0.774469 0.026425 0.860185 0.162659 0.454455 0.405730
-0.830940 0.028600 -0.900509 0.159557 -0.904551 0.004042
0.859480 0.065400 -2.836845 4.181355 0.526418 -3.363263
0.852850 0.048285 -5.344585 3.921985 0.520805 -5.865390
-0.170541 0.054390 -1.170701 0.475566 -0.345512 -0.825189
-0.010771 0.071825 -0.303941 0.259264 -0.210264 -0.093677
0.311359 0.015470 -0.222596 0.263496 0.062425 -0.285020
-0.212971 0.063400 -0.876174 0.197267 -0.381430 -0.494744
0.182930 0.025350 0.171033 0.192481 -0.046293 0.217326
0.814919 0.022270 0.972335 0.141550 0.488697 0.483638
-1.012980 0.054175 -0.819312 0.073492 -1.058651 0.239339
-1.238530 0.061340 -0.924296 0.125153 -1.249583 0.325287
-1.295510 0.055005 -1.979345 0.485655 -1.297818 -0.681527
-0.071820 0.025210 0.153246 0.117053 -0.261943 0.415189
0.467700 0.035720 0.512095 0.203382 0.194770 0.317325
-0.682310 0.042210 -0.948208 0.326726 -0.778733 -0.169475
0.552760 0.020960 0.454593 0.191695 0.266774 0.187819
1.026680 0.019550 -4.045705 2.238540 0.667955 -4.713660
-1.046471 0.066085 -0.128652 0.084177 -1.087001 0.958349
-1.405180 0.065600 -2.898225 1.443795 -1.390655 -1.507570
0.410219 0.073180 0.421839 0.225989 0.146111 0.275728
0.450220 0.026335 0.291851 0.199775 0.179972 0.111879
0.689369 0.031970 0.710659 0.185281 0.382416 0.328243
0.396640 0.050375 0.851495 0.110088 0.134616 0.716879
1.146580 0.045250 0.003207 0.547562 0.769453 -0.766246
0.333799 0.078965 0.368954 0.257507 0.081420 0.287534
-1.140831 0.094160 -0.621458 0.147502 -1.166879 0.545421
0.699900 0.057490 0.538424 0.286622 0.391330 0.147094
-0.658280 0.114595 -0.170446 0.218579 -0.758392 0.587946
0.420190 0.017725 0.068716 0.226990 0.154551 -0.085835
0.589660 0.045775 1.301935 0.094975 0.298010 1.003924
0.755219 0.053665 -0.507108 0.627108 0.438160 -0.945268
-0.038671 0.033920 -0.646307 0.245275 -0.233882 -0.412425
-0.568211 0.096805 -0.272183 0.181047 -0.682146 0.409963
0.934580 0.019450 0.834285 0.177795 0.589991 0.244294
-0.664940 0.021905 -1.147656 0.282584 -0.764029 -0.383627
1.316080 0.022350 1.353405 0.140635 0.912938 0.440467
0.238490 0.031165 0.495548 0.128573 0.000739 0.494808
0.119969 0.049010 0.251758 0.218962 -0.099590 0.351348
0.384900 0.033910 0.633853 0.173073 0.124678 0.509175
-0.147110 0.110815 -0.468906 0.214727 -0.325677 -0.143229
0.771090 0.079025 0.958715 0.251177 0.451594 0.507121
0.139600 0.026390 -0.431390 0.259758 -0.082973 -0.348417
-0.261500 0.066000 0.209548 0.166779 -0.422511 0.632059
-1.582800 0.092215 -1.957195 0.439565 -1.541013 -0.416182
0.278640 0.023805 0.244737 0.166837 0.034727 0.210010
-0.363740 0.046945 -0.653947 0.281445 -0.509058 -0.144889
0.391649 0.187230 0.565602 0.252704 0.130391 0.435211
0.155519 0.026010 0.421086 0.112962 -0.069497 0.490583
-0.369061 0.029760 -0.380873 0.222025 -0.513562 0.132689
0.364480 0.058750 0.700522 0.105431 0.107392 0.593130
0.742660 0.023145 0.671214 0.167826 0.427527 0.243687
0.445189 0.040200 -0.102202 0.275772 0.175714 -0.277916
0.896979 0.039025 1.174075 0.153870 0.558162 0.615913
0.199140 0.021925 0.245373 0.136305 -0.032571 0.277944
0.479660 0.039260 0.775535 0.139883 0.204894 0.570641
0.790120 0.031490 0.969315 0.176740 0.467704 0.501611
1.106979 0.021650 1.172455 0.126070 0.735930 0.436525
0.954880 0.040650 1.136615 0.195985 0.607175 0.529440
0.658270 0.027425 0.812855 0.147508 0.356090 0.456765
-0.155120 0.092195 0.636566 0.130480 -0.332458 0.969024
0.392859 0.024035 0.493321 0.126716 0.131416 0.361905
0.063490 0.025325 -0.094989 0.227824 -0.147401 0.052412
0.557190 0.021800 0.616561 0.125566 0.270524 0.346037
0.122940 0.048825 0.656685 0.125736 -0.097076 0.753761
0.647309 0.037965 0.804805 0.223634 0.346812 0.457993
0.111210 0.024945 0.120865 0.185026 -0.107005 0.227870
0.168639 0.064450 0.631938 0.192899 -0.058390 0.690328
0.287889 0.081930 0.233282 0.229036 0.042557 0.190725
-0.306550 0.051580 0.565076 0.063448 -0.460646 1.025722
-0.580140 0.071805 -0.070675 0.110935 -0.692245 0.621570
1.645980 0.032200 1.719705 0.326100 1.192203 0.527502
-0.346730 0.035125 -0.396314 0.369965 -0.494659 0.098345
-0.397950 0.092980 0.207186 0.159169 -0.538018 0.745204
0.086110 0.038745 0.102866 0.226768 -0.128253 0.231119
0.903080 0.053900 0.945455 0.191300 0.563326 0.382129
-0.854091 0.086390 0.301826 0.081485 -0.924149 1.225975
-0.368260 0.059015 -1.163265 0.458154 -0.512885 -0.650380
-0.668390 0.045915 -1.453145 0.470506 -0.766950 -0.686195
0.314890 0.050555 0.776315 0.116641 0.065413 0.710902
0.210830 0.059605 -2.076385 1.202585 -0.022675 -2.053710
0.991280 0.055250 0.271206 0.328268 0.637988 -0.366782
0.275180 0.027705 0.495659 0.129331 0.031798 0.463861
-0.029810 0.021595 -0.086970 0.210353 -0.226381 0.139411
-0.393081 0.060925 -0.046229 0.103512 -0.533896 0.487667
1.545179 0.050700 -2.612375 2.114856 1.106874 -3.719249
0.039209 0.024905 0.078799 0.147530 -0.167955 0.246754
-0.086750 0.062160 0.307608 0.143878 -0.274582 0.582190
0.758730 0.019735 0.467163 0.229613 0.441131 0.026032
-0.304541 0.043535 0.205679 0.098193 -0.458945 0.664624
0.253220 0.018210 0.071561 0.216557 0.013208 0.058353
0.706300 0.028345 0.857415 0.124606 0.396748 0.460667
1.171679 0.034900 1.162325 0.255145 0.790700 0.371625
-0.307330 0.075600 -0.767757 0.631725 -0.461307 -0.306451
-0.704821 0.052495 -2.283745 0.722600 -0.797789 -1.485956
1.000380 0.030050 0.263665 0.387893 0.645692 -0.382027
-0.671761 0.090190 -0.131090 0.194558 -0.769803 0.638713
-0.351891 0.042530 0.084817 0.103518 -0.499028 0.583845
0.439019 0.042500 0.459354 0.206151 0.170491 0.288863
0.586710 0.022100 0.364463 0.278176 0.295513 0.068950
-1.006841 0.084470 -1.243828 0.481285 -1.053454 -0.190374
0.711229 0.042960 1.138685 0.136305 0.400921 0.737764
0.296400 0.027340 0.587216 0.090148 0.049761 0.537455
0.751980 0.061535 -1.228522 0.921162 0.435417 -1.663939
0.310410 0.034260 0.478540 0.195056 0.061621 0.416919
-0.339890 0.027660 -0.291972 0.193567 -0.488869 0.196897
0.514979 0.063540 -0.132209 0.523362 0.234792 -0.367001
0.089230 0.024160 -0.203808 0.277454 -0.125612 -0.078195
0.610100 0.017105 0.421049 0.202168 0.315313 0.105736
0.953580 0.045650 -1.335885 1.248450 0.606075 -1.941960
0.517690 0.023495 0.513690 0.224837 0.237087 0.276603
0.517690 0.023495 0.513690 0.224837 0.237087 0.276603
-0.120440 0.046160 -0.555306 0.338901 -0.303101 -0.252205
0.145840 0.079525 -0.220223 0.319526 -0.077691 -0.142532
0.269219 0.019320 -4.405535 1.984690 0.026752 -4.432288
-0.736060 0.063525 -0.109866 0.119329 -0.824234 0.714368
-0.115311 0.045920 -0.775791 0.396260 -0.298759 -0.477032
-0.508491 0.056520 -1.164602 0.439785 -0.631592 -0.533010
-0.112540 0.057435 0.233569 0.177613 -0.296414 0.529983
0.270410 0.049665 -0.987672 0.560829 0.027760 -1.015432
-0.160010 0.024255 -0.190162 0.220347 -0.336598 0.146436
0.552500 0.058505 1.123435 0.102565 0.266554 0.856881
0.122060 0.063510 -1.367415 0.107745 -0.097821 -1.269594
0.102799 0.022875 0.087824 0.194712 -0.114125 0.201949
-0.096220 0.030990 0.031361 0.148566 -0.282598 0.313959
1.486580 0.043350 1.759085 0.150545 1.057269 0.701817
-0.287530 0.100800 0.438526 0.148906 -0.444545 0.883071
-0.580360 0.058100 -1.043077 0.350542 -0.692431 -0.350646
0.700450 0.019575 0.711096 0.145709 0.391796 0.319300
0.105360 0.032360 0.133485 0.177596 -0.111957 0.245442
-0.161941 0.102225 -0.184724 0.157153 -0.338232 0.153508
0.637939 0.062255 0.166829 0.676292 0.338880 -0.172051
0.924780 0.037250 -2.515565 1.744303 0.581695 -3.097260
1.350780 0.021400 0.849505 0.319694 0.942311 -0.092806
-0.266420 0.072960 -0.158746 0.238896 -0.426676 0.267929
0.531759 0.069815 -0.268717 0.129720 0.248997 -0.517714
0.042490 0.024725 -0.358043 0.335067 -0.165178 -0.192865
-0.142820 0.072505 0.047941 0.211393 -0.322046 0.369987
-0.358410 0.056165 0.290241 0.124587 -0.504546 0.794787
1.361179 0.081450 0.541056 0.486858 0.951115 -0.410059
0.817280 0.039045 0.647382 0.393320 0.490695 0.156687
-1.654830 0.074830 0.247161 0.060151 -1.601988 1.849149
0.115479 0.055250 -0.241617 0.532193 -0.103391 -0.138226
-0.158601 0.085095 0.254010 0.166384 -0.335405 0.589415
-0.155360 0.038595 0.230012 0.148183 -0.332661 0.562673
0.557260 0.059855 0.694274 0.374696 0.270583 0.423691
0.621130 0.087395 0.709378 0.346343 0.324651 0.384727
0.689240 0.025240 0.639416 0.181818 0.382306 0.257110
0.259080 0.085615 0.100359 0.157969 0.018169 0.082190
0.263380 0.040810 0.657497 0.106072 0.021809 0.635688
0.400929 0.064445 0.269954 0.201960 0.138247 0.131707
-0.554111 0.084605 0.361827 0.098588 -0.670210 1.032037
-0.669570 0.039170 0.022920 0.088750 -0.767949 0.790869
-0.206850 0.140225 -0.121822 0.186340 -0.376248 0.254426
-0.464610 0.115425 0.248538 0.166073 -0.594447 0.842985
0.083270 0.139180 -0.443456 0.302786 -0.130657 -0.312799
-0.473371 0.075775 0.462318 0.099990 -0.601863 1.064180
-0.597000 0.044370 -0.282884 0.128587 -0.706517 0.423633
1.012980 0.074250 0.656461 0.156934 0.656358 0.000103
0.703079 0.049335 0.981365 0.143580 0.394022 0.587343
-0.250310 0.080195 -0.547000 0.238727 -0.413038 -0.133962
-1.158910 0.083720 0.221865 0.087384 -1.182183 1.404048
-0.840310 0.162880 0.362635 0.155727 -0.912483 1.275118
0.312420 0.070625 -1.072914 0.784876 0.063322 -1.136236
-0.038530 0.082065 0.698032 0.128805 -0.233763 0.931795
0.416269 0.037875 0.750485 0.136789 0.151233 0.599252
-0.358130 0.102450 0.178959 0.187841 -0.504310 0.683269
0.070950 0.104890 0.660913 0.180162 -0.141086 0.801999
0.043880 0.084315 -0.249171 0.319629 -0.164002 -0.085170
1.338079 0.053800 0.401963 0.502141 0.931560 -0.529597
0.588360 0.040950 0.913125 0.168965 0.296910 0.616215
-0.795100 0.094015 -0.377580 0.193000 -0.874212 0.496632
0.522289 0.118645 0.367814 0.150872 0.240980 0.126834
-0.244040 0.051625 -0.515791 0.253650 -0.407731 -0.108060
1.188479 0.078050 1.429315 0.189050 0.804921 0.624394
0.735000 0.021320 0.545450 0.285542 0.421043 0.124407
0.091049 0.079055 0.436097 0.181660 -0.124072 0.560169
1.608880 0.072200 1.987655 0.109855 1.160798 0.826857
-0.729920 0.112420 -0.901734 0.247387 -0.819036 -0.082698
0.475160 0.039455 0.901595 0.116285 0.201084 0.700511
-0.249670 0.093500 -0.098662 0.158557 -0.412496 0.313834
0.955179 0.088685 0.349259 0.195866 0.607429 -0.258170
0.054120 0.088560 0.555679 0.149641 -0.155333 0.711012
-0.472430 0.084990 0.158538 0.139635 -0.601066 0.759604
0.529210 0.039990 -0.044109 0.630899 0.246839 -0.290948
0.614820 0.029590 0.696072 0.242636 0.319309 0.376763
-0.271880 0.030165 -0.186553 0.181541 -0.431298 0.244744
0.594069 0.051950 0.021481 0.318396 0.301743 -0.280262
1.548180 0.078650 1.245995 0.399005 1.109414 0.136581
0.777390 0.050130 -1.433205 1.331839 0.456927 -1.890132
1.280080 0.020600 0.647224 0.344840 0.882463 -0.235239
0.433809 0.058660 0.897825 0.120525 0.166080 0.731745
0.384669 0.027680 0.592778 0.096088 0.124483 0.468295
-1.037960 0.074400 -0.487902 0.160955 -1.079797 0.591895
-1.192770 0.162585 -0.533007 0.313458 -1.210847 0.677840
0.944480 0.035550 1.228805 0.166645 0.598372 0.630433
0.083300 0.077160 0.426523 0.157039 -0.130632 0.557155
0.267420 0.078315 0.954195 0.115880 0.025229 0.928966
0.063560 0.038180 0.480711 0.096414 -0.147342 0.628053
1.833779 0.044400 -0.665098 1.873625 1.351179 -2.016277
0.515389 0.034580 0.652404 0.119682 0.235139 0.417265
0.039639 0.062680 0.032166 0.270156 -0.167591 0.199757
1.376679 0.077050 1.353885 0.346240 0.964236 0.389649
0.539140 0.020845 0.583373 0.135329 0.255244 0.328128
0.380270 0.027115 0.595768 0.122282 0.120759 0.475009
-1.125540 0.095535 0.044227 0.085675 -1.153935 1.198162
0.336320 0.026825 0.528801 0.133661 0.083554 0.445247
1.172379 0.019800 1.019065 0.192825 0.791293 0.227772
0.995880 0.062100 0.794495 0.229666 0.641883 0.152612
0.205500 0.049640 -0.539819 0.431317 -0.027187 -0.512632
0.966080 0.095740 0.576391 0.165717 0.616656 -0.040265
0.436110 0.057155 0.668649 0.186071 0.168028 0.500621
0.686040 0.060140 0.356403 0.476568 0.379598 -0.023195
-1.136720 0.145545 -0.282517 0.247662 -1.163399 0.880882
0.740000 0.027450 -3.700565 3.653133 0.425276 -4.125841
-0.722200 0.079455 0.141931 0.089704 -0.812501 0.954432
-0.655070 0.136800 -0.428329 0.306590 -0.755674 0.327345
0.408179 0.025240 0.493729 0.142380 0.144384 0.349345
-0.927820 0.111650 -0.810507 0.237377 -0.986562 0.176055
-0.323400 0.091650 -0.009286 0.156957 -0.474910 0.465624
0.766089 0.025470 0.878195 0.144826 0.447361 0.430834
0.086530 0.069470 0.496008 0.120978 -0.127898 0.623906
1.446079 0.023950 -3.230225 2.515435 1.022984 -4.253209
0.510420 0.025895 0.223142 0.236361 0.230933 -0.007791
0.927979 0.044350 0.835285 0.208004 0.584404 0.250881
0.254089 0.069475 0.611465 0.127843 0.013945 0.597520
-0.860980 0.091555 -1.695975 0.458566 -0.929980 -0.765995
0.228510 0.062175 -13.080595 8.301825 -0.007709 -13.072886
0.785870 0.038850 -1.951295 1.176779 0.464105 -2.415401
0.997980 0.026300 -3.780635 2.609845 0.643661 -4.424295
0.064290 0.032220 0.220622 0.133777 -0.146724 0.367346
0.785439 0.062540 0.816845 0.261950 0.463741 0.353104
-0.099180 0.038715 0.376406 0.099917 -0.285104 0.661510
1.209479 0.063800 0.889535 0.146395 0.822698 0.066837
0.730550 0.063455 0.641399 0.229922 0.417276 0.224123
-0.013761 0.054220 0.490799 0.136048 -0.212795 0.703594
-0.322440 0.038605 -0.420622 0.290074 -0.474097 0.053475
0.307079 0.027860 -0.474937 0.455943 0.058801 -0.533738
0.476700 0.044715 0.891385 0.160773 0.202388 0.688997
0.238379 0.028790 0.496636 0.126982 0.000646 0.495990
0.227730 0.021130 -0.162004 0.322048 -0.008369 -0.153635
0.389859 0.029320 0.495862 0.186871 0.128876 0.366986
0.258920 0.022990 0.024618 0.291801 0.018033 0.006585
0.377550 0.038855 0.693578 0.192856 0.118456 0.575122
0.202690 0.091410 0.585684 0.164751 -0.029566 0.615250
1.669379 0.028500 0.681490 0.260595 1.212011 -0.530521
-0.205621 0.057805 0.095575 0.136155 -0.375208 0.470783
0.065040 0.070615 -0.213628 0.266517 -0.146089 -0.067539
-0.022760 0.078720 0.334437 0.194537 -0.220413 0.554850
0.515280 0.047265 0.485346 0.206533 0.235047 0.250299
0.379300 0.073025 0.904315 0.148905 0.119938 0.784377
0.302979 0.081925 0.468798 0.194570 0.055331 0.413467
-0.211781 0.089125 -0.462576 0.261572 -0.380422 -0.082154
0.348360 0.028980 0.325774 0.287374 0.093746 0.232028
0.827000 0.071670 1.372015 0.172665 0.498923 0.873092
0.387259 0.050905 0.528843 0.230263 0.126675 0.402168
0.350360 0.097105 0.640789 0.196880 0.095439 0.545350
-2.425520 0.140765 -0.563322 0.085736 -2.254390 1.691068
-1.652530 0.101990 -2.235375 0.639300 -1.600041 -0.635334
-1.906661 0.183215 -1.305995 0.299860 -1.815167 0.509172
-2.697440 0.129915 -1.191435 0.092773 -2.484575 1.293140
-1.880000 0.103555 -1.422305 0.181554 -1.792598 0.370293
-1.647171 0.119660 -1.815255 0.462225 -1.595504 -0.219751
-2.179590 0.268630 -0.898829 0.215101 -2.046206 1.147377
-1.342310 0.293870 -0.408710 0.374525 -1.337435 0.928725
-1.906150 0.167790 -1.736045 0.394870 -1.814735 0.078690
-2.305050 0.116365 -1.306005 0.137042 -2.152410 0.846405
-1.589140 0.112535 -1.196871 0.279714 -1.546380 0.349509
-1.656690 0.129100 -1.292135 0.268209 -1.603562 0.311427
-2.971460 0.151470 -1.669475 0.110925 -2.716537 1.047062
