# id outlier x sx y sy covxy corrxy
2 0 9.667720 0.091880 1.430930 0.130245 -0.010605 -0.765830
4 0 9.227370 0.088585 0.741041 0.179532 -0.010655 -0.626280
5 0 10.556600 0.062950 2.364550 0.096575 -0.004898 -0.617170
6 0 9.739840 0.133160 1.651950 0.188695 -0.025465 -0.881460
7 0 9.067820 0.037525 0.683904 0.091019 -0.002678 -0.801240
8 0 8.656070 0.129095 -0.091423 0.202138 -0.016888 -0.754740
9 0 10.771900 0.064250 -0.021022 1.014303 -0.003858 -0.031222
10 0 9.046190 0.080725 -1.108340 0.574862 0.027213 0.642520
12 0 9.163260 0.030090 0.428429 0.144153 -0.001588 -0.327560
13 0 9.360040 0.091230 0.417836 0.242780 -0.008588 -0.377190
14 0 10.699000 0.065150 -0.098979 1.057864 0.019749 0.193320
15 0 8.484840 0.051540 0.957508 0.046489 -0.002213 -0.852860
17 0 10.089300 0.063350 1.685860 0.160390 -0.007390 -0.641160
20 0 9.733370 0.045000 1.209840 0.125870 -0.004792 -0.808440
21 0 10.041000 0.054525 1.204720 0.351047 -0.004054 -0.178120
22 0 9.116540 0.025000 -0.283426 0.378978 0.003074 0.262290
23 0 8.371880 0.094285 0.039299 0.199822 -0.014415 -0.698160
24 0 8.969780 0.092125 0.555435 0.172714 -0.012181 -0.769960
25 0 9.053270 0.028380 0.245358 0.169569 -0.002301 -0.350020
26 0 8.769640 0.082185 0.417611 0.187393 -0.012005 -0.690940
28 0 9.297270 0.103815 0.973722 0.173073 -0.015353 -0.831330
29 0 9.421710 0.036620 0.438942 0.169262 0.001204 0.125220
30 0 9.105850 0.024005 -0.038221 0.242508 0.001995 0.250560
32 0 9.428930 0.028825 0.785616 0.114911 -0.002241 -0.691100
33 1 8.695480 0.059320 -2.113380 0.978360 0.026223 0.456410
35 0 8.919450 0.070770 0.493287 0.169632 -0.008521 -0.590960
36 0 10.368400 0.032550 1.011100 0.425178 0.005747 0.332220
37 0 10.027300 0.015300 0.629565 0.283577 0.001284 0.286010
38 0 9.844440 0.066015 1.450540 0.187705 -0.010883 -0.656230
41 0 8.081410 0.123945 -0.777398 0.442787 -0.032119 -0.461970
43 0 9.179270 0.101745 0.272730 0.178417 -0.000922 -0.051234
44 0 8.887870 0.039990 0.227132 0.158233 -0.001107 -0.144740
45 0 8.715920 0.082475 -0.042847 0.190462 -0.004723 -0.292960
46 0 8.872420 0.095095 0.570102 0.173434 -0.015313 -0.844150
50 0 9.885790 0.043015 1.024520 0.219604 0.001178 0.110980
51 0 9.425350 0.054050 -1.071220 0.663540 0.033319 0.576120
52 0 9.018430 0.068075 -0.370011 0.345838 0.011084 0.467260
53 0 9.388590 0.095540 0.358696 0.224365 0.003691 0.153620
55 0 8.752850 0.067770 -0.173578 0.198418 -0.002957 -0.218710
56 0 9.004960 0.034700 -0.280128 0.382035 0.004282 0.265920
57 0 10.803900 0.023500 2.014420 0.318045 -0.000825 -0.083170
58 0 9.195340 0.080775 0.830485 0.158034 -0.009174 -0.604010
59 0 7.599790 0.135325 -0.233296 0.149100 -0.019973 -0.906130
62 1 8.834040 0.031235 -2.771350 0.854215 0.009345 0.389630
64 0 8.942540 0.033780 0.112768 0.234860 -0.000804 -0.083830
66 0 8.077160 0.121290 -0.246017 0.220383 -0.022123 -0.870480
67 0 9.986070 0.035615 0.597847 0.319993 0.006815 0.472510
68 0 9.715180 0.121645 0.776908 0.217905 -0.004765 -0.172710
69 1 9.636910 0.025240 -3.107080 1.898765 -0.026873 -0.199620
70 0 9.972390 0.049115 1.328680 0.231230 -0.006389 -0.444880
71 0 9.322580 0.063475 0.874078 0.201864 -0.009395 -0.598540
72 0 8.499320 0.022120 -0.464977 0.207605 -0.002833 -0.586870
73 0 10.019400 0.051025 1.550940 0.122200 -0.002485 -0.311170
75 0 9.115480 0.074565 0.276173 0.268984 -0.005137 -0.201210
77 0 9.408610 0.033280 0.740232 0.156734 -0.001133 -0.146340
78 0 7.570630 0.062410 -0.289554 0.059558 -0.002183 -0.614250
79 0 9.577920 0.032135 0.942267 0.208439 -0.003849 -0.490720
81 0 9.776120 0.074405 0.933865 0.240569 -0.001456 -0.070887
82 0 9.371680 0.060145 -0.029009 0.338093 0.009888 0.498580
83 0 9.628050 0.053585 1.208310 0.145195 -0.006764 -0.835750
84 0 10.382900 0.021700 0.589144 0.439055 0.005778 0.480250
86 0 8.975120 0.038970 0.684406 0.092841 -0.003252 -0.869770
87 1 9.382640 0.040215 -2.162720 1.214754 0.008502 0.182040
88 0 8.413390 0.064230 -0.566492 0.242735 0.003482 0.198810
90 0 8.903070 0.058205 0.399463 0.187748 -0.008540 -0.695240
92 0 9.118810 0.025650 -0.502725 0.383305 0.007741 0.513330
93 0 9.468330 0.019125 0.519822 0.177101 -0.001309 -0.355770
94 0 10.475900 0.034000 1.596080 0.159990 0.000874 0.126880
95 0 8.596180 0.040830 0.157167 0.138763 -0.003865 -0.675170
96 0 9.673110 0.025335 0.905595 0.151365 -0.001475 -0.210090
97 0 10.016200 0.025255 1.216450 0.144565 0.000346 0.065158
98 0 9.216490 0.062255 1.132230 0.093205 -0.005137 -0.821940
99 0 9.473650 0.036185 0.258657 0.969866 -0.008892 -0.198040
103 0 7.949330 0.076270 -0.228924 0.118758 -0.007809 -0.878910
104 0 9.602130 0.053345 1.111770 0.169212 -0.004447 -0.392830
106 0 9.722130 0.052330 1.196810 0.164790 -0.004590 -0.481070
109 0 8.452400 0.190295 -0.078116 0.306538 -0.045429 -0.885070
110 0 10.238900 0.079800 1.377970 0.222740 0.001545 0.075920
112 0 9.263660 0.060530 -0.077184 0.259825 -0.014197 -0.505340
115 0 7.883270 0.113000 -0.476542 0.255614 -0.023091 -0.769290
117 0 10.334400 0.080600 0.947424 0.262462 0.004005 0.174790
118 0 10.072900 0.033500 -0.549143 0.484420 -0.031098 -0.241990
120 0 9.794640 0.032030 1.070940 0.254250 -0.000748 -0.073096
121 0 10.059600 0.040000 1.606150 0.182200 -0.007292 -0.610350
122 0 9.599540 0.069370 1.136110 0.196590 -0.010514 -0.722340
123 0 9.420510 0.056825 0.888188 0.152878 -0.002894 -0.314830
124 0 9.465680 0.024270 0.255169 0.361586 0.001789 0.174200
125 0 9.927080 0.049575 1.303390 0.175340 -0.001499 -0.143130
126 0 9.147590 0.061915 0.720547 0.154020 -0.005629 -0.501020
127 0 8.459710 0.059375 0.492497 0.070270 -0.002605 -0.624430
128 0 9.397500 0.065465 0.944961 0.202566 -0.009540 -0.567750
129 0 9.585180 0.019340 0.409595 0.280535 0.002054 0.251060
130 0 8.717520 0.089230 -0.308087 0.235756 0.006165 0.299410
131 0 9.217940 0.067760 0.699297 0.173536 -0.007676 -0.487960
132 0 10.034500 0.068445 0.837814 0.348577 0.002195 0.088703
133 0 9.162880 0.048345 0.620198 0.133730 -0.002714 -0.302670
135 0 9.199810 0.071205 0.323541 0.194259 -0.003861 -0.267190
137 0 9.182280 0.086180 0.495865 0.178636 -0.008608 -0.566330
138 0 8.812230 0.099260 0.636663 0.137338 -0.013521 -0.856130
139 0 10.377700 0.040300 1.923680 0.130045 -0.001640 -0.277690
141 0 8.949030 0.028295 0.319863 0.095514 -0.001832 -0.674920
142 0 9.504760 0.071320 0.348187 0.293986 -0.001920 -0.087171
143 0 9.219350 0.055565 0.611889 0.157991 -0.002982 -0.289670
144 0 8.095790 0.168170 -0.269106 0.318873 -0.041372 -0.724290
145 0 8.540070 0.065730 0.171444 0.154726 -0.008214 -0.732660
147 0 8.895460 0.034780 0.201094 0.136290 -0.003568 -0.711140
149 0 7.546930 0.082115 0.309559 0.055307 -0.004053 -0.806930
150 0 10.121000 0.029600 0.446650 0.412221 0.005716 0.335930
151 0 9.599660 0.032290 0.978543 0.170197 -0.002228 -0.338540
152 0 9.166710 0.073700 -0.693220 0.546376 0.024272 0.610220
153 0 9.479740 0.028490 0.734228 0.235357 -0.003926 -0.496430
155 0 9.031530 0.051350 0.701939 0.125599 -0.004787 -0.737700
156 0 9.810470 0.078250 1.312200 0.147820 -0.007086 -0.549690
157 0 10.141700 0.016150 1.001160 0.180948 -0.001302 -0.436070
158 0 8.362190 0.102930 -0.725427 0.250410 0.008615 0.329930
159 0 8.648620 0.115210 -0.683816 0.298956 0.010612 0.301110
160 0 8.374970 0.080195 0.514091 0.092225 -0.005652 -0.809050
162 0 10.121500 0.039650 0.438143 0.494917 0.015174 0.668440
163 0 8.874230 0.042305 0.072691 0.217859 -0.004072 -0.313190
165 0 8.956810 0.108025 0.665974 0.194743 -0.018240 -0.784780
166 0 9.123880 0.077520 0.757447 0.157094 -0.011068 -0.785070
167 0 8.326830 0.102215 -0.654223 0.249607 0.003420 0.127330
170 0 9.277430 0.043545 0.017808 0.315771 0.005772 0.346400
171 0 8.964340 0.035535 0.599340 0.096507 -0.002970 -0.865130
172 0 9.015990 0.052325 0.439832 0.164497 -0.001240 -0.128690
173 0 10.161600 0.041200 1.654800 0.194415 -0.003507 -0.405450
174 0 9.441190 0.016745 0.359097 0.218024 -0.001267 -0.314840
176 0 10.667000 0.050300 1.455720 0.346385 -0.015705 -0.360630
177 0 9.616430 0.023105 0.729972 0.163633 -0.001996 -0.476960
178 0 9.791340 0.056165 1.355610 0.163910 -0.007338 -0.815010
181 0 8.222670 0.201525 -0.505876 0.335328 -0.038410 -0.577500
183 1 9.709860 0.041815 -1.995080 2.165674 -0.046418 -0.208140
184 0 9.496850 0.064345 0.382753 0.361814 0.002673 0.101890
185 0 9.387080 0.037265 0.715023 0.150606 -0.003397 -0.559630
186 0 9.150380 0.040285 0.801461 0.097107 -0.002390 -0.626550
187 0 9.817030 0.108810 1.430090 0.144050 -0.011374 -0.685000
188 0 9.021970 0.066630 0.782452 0.119732 -0.007201 -0.826530
189 0 9.240250 0.043085 -0.340937 0.420179 0.009776 0.414750
190 0 9.567940 0.099245 0.930510 0.168600 -0.012740 -0.815780
191 0 9.169630 0.034335 0.599243 0.119474 -0.002721 -0.621350
192 0 9.495290 0.026685 0.759142 0.146005 -0.000717 -0.136510
195 0 8.831410 0.031105 0.013183 0.150440 -0.000383 -0.054453
196 0 10.094200 0.054800 1.188970 0.189406 -0.001214 -0.090050
197 0 9.220190 0.073170 -0.219228 0.357373 0.014188 0.532500
198 0 9.099750 0.041895 0.397726 0.161804 0.000182 0.020324
200 1 10.524000 0.053600 -1.740820 2.318843 -0.047660 -0.183070
201 0 9.129340 0.083825 -0.000915 0.232193 0.006316 0.301780
203 0 8.828510 0.069240 0.271862 0.210955 -0.009285 -0.489910
205 0 10.544300 0.105350 1.751580 0.192095 -0.018767 -0.946540
207 0 9.618620 0.055625 -0.060769 0.409497 0.011742 0.525970
209 0 9.365840 0.036765 0.852152 0.210856 -0.004097 -0.491740
210 0 9.775270 0.046435 1.346350 0.178860 -0.004293 -0.459040
211 0 9.775270 0.046435 1.346350 0.178860 -0.004293 -0.459040
213 0 9.931060 0.024450 0.685518 0.261847 0.004151 0.294620
215 0 9.432750 0.041110 0.409439 0.162856 0.001415 0.167380
216 0 9.305100 0.096870 0.362976 0.237438 -0.001192 -0.048881
217 0 9.529720 0.025925 0.561410 0.262917 -0.001663 -0.179220
218 0 8.603640 0.032320 -0.249428 0.198601 -0.003017 -0.324130
219 0 10.285500 0.075800 1.082660 0.198795 -0.010219 -0.678910
220 0 9.285890 0.059445 0.953733 0.133448 -0.005504 -0.623300
221 0 9.281240 0.064635 0.386792 0.234741 -0.000347 -0.023047
222 0 10.085500 0.019550 1.122010 0.168742 -0.000719 -0.078202
223 0 8.857310 0.053555 -0.537733 0.411180 0.006911 0.300170
225 0 9.407350 0.054745 1.133360 0.130347 -0.006480 -0.870640
226 0 8.380800 0.088800 -0.017019 0.170108 -0.012820 -0.818720
227 0 9.034460 0.039420 -0.619169 0.424639 0.011177 0.561510
228 0 9.043250 0.107725 0.532115 0.188423 -0.016217 -0.817750
229 0 9.316880 0.050295 0.870374 0.144182 -0.005527 -0.691470
231 0 9.890880 0.037425 1.012980 0.345234 -0.005726 -0.331290
234 0 9.896070 0.053645 1.654280 0.102960 -0.003819 -0.721700
235 0 9.240860 0.096420 -0.158452 0.187217 0.008604 0.390840
236 0 10.533400 0.023500 0.765649 0.391581 0.004396 0.212940
237 0 9.881610 0.017425 0.783393 0.201134 -0.002019 -0.528650
238 0 8.608660 0.052135 -0.041691 0.179801 -0.003307 -0.307850
239 0 9.019980 0.043470 0.074744 0.158594 0.000221 0.023888
240 0 9.383670 0.081485 1.235710 0.115360 -0.007833 -0.809170
241 0 8.409080 0.132825 -0.799342 0.240254 -0.019470 -0.569740
242 0 9.139690 0.055130 0.836381 0.127319 -0.005851 -0.818920
243 0 9.392300 0.079715 1.009710 0.156162 -0.011345 -0.696840
244 0 10.219600 0.054900 1.844150 0.132955 -0.003703 -0.445960
245 0 9.774320 0.059580 1.230770 0.131420 -0.002506 -0.287800
247 0 8.754730 0.110710 -0.166492 0.398919 -0.023705 -0.471440
248 0 9.684450 0.019230 0.834454 0.134485 -0.001274 -0.459970
249 0 9.566880 0.140495 0.671613 0.212247 -0.021222 -0.804100
250 0 10.103300 0.064050 0.935057 0.322206 0.003423 0.149550
251 0 8.220890 0.100280 -0.806369 0.310863 -0.003139 -0.084012
253 0 9.133960 0.096550 0.465994 0.184344 -0.007681 -0.408920
254 0 8.595870 0.069880 0.189314 0.159263 -0.008192 -0.639090
255 0 8.902240 0.068255 0.446132 0.138306 -0.007074 -0.722500
256 0 9.320030 0.066870 0.669403 0.163514 -0.001609 -0.136980
258 0 8.689340 0.068360 -0.048111 0.179476 -0.003493 -0.240090
259 0 9.155430 0.070520 0.740824 0.133990 -0.007206 -0.669910
260 0 8.907380 0.025780 0.135549 0.126365 -0.002172 -0.658240
261 0 8.563880 0.062005 0.301102 0.093546 -0.003746 -0.597090
263 0 9.188210 0.060285 0.716600 0.185190 -0.009471 -0.762120
265 0 9.649940 0.072700 0.747256 0.263420 0.000469 0.022499
266 1 10.383700 0.027400 -1.546910 2.012601 0.024066 0.133030
267 0 8.680890 0.046000 0.274416 0.116747 -0.004458 -0.813680
268 0 8.737790 0.107115 0.020205 0.194337 -0.012274 -0.624930
269 0 9.477960 0.040165 0.806994 0.296308 -0.006510 -0.435340
270 0 8.880840 0.067760 0.525509 0.125355 -0.007302 -0.791230
271 0 8.406190 0.045065 -0.124536 0.150072 -0.004964 -0.699000
272 0 10.243900 0.063350 1.726660 0.190405 -0.009178 -0.563030
273 1 9.061220 0.052170 -1.840200 0.990946 0.022190 0.453840
274 0 9.679590 0.029445 1.161910 0.096445 -0.002097 -0.742830
275 0 9.066390 0.075450 -1.047970 0.599027 0.028611 0.719160
276 0 9.908240 0.109005 1.504880 0.207320 -0.019741 -0.858600
277 1 9.355750 0.049850 -7.829600 5.219645 0.021256 0.086602
280 0 8.654860 0.081785 -0.164672 0.172403 -0.003166 -0.199910
281 0 9.299190 0.032380 0.711207 0.130193 -0.002452 -0.541730
283 0 9.420860 0.074260 0.988421 0.170135 -0.009794 -0.617850
284 0 9.895290 0.016415 0.339881 0.321685 0.001516 0.261670
285 0 9.037640 0.099390 -0.026320 0.277732 0.007970 0.288610
286 0 9.851320 0.019450 0.866282 0.171205 -0.006263 -0.566630
289 0 9.122670 0.063655 0.165137 0.269031 0.004789 0.262890
291 0 7.872000 0.026625 -1.119990 0.208912 0.000320 0.054936
293 0 10.191400 0.112200 1.559320 0.245430 -0.022641 -0.828880
294 0 9.786770 0.035450 0.642236 0.177937 0.001916 0.224460
295 0 8.125550 0.127235 0.020455 0.190113 -0.020784 -0.923340
297 0 10.288400 0.051450 1.257500 0.194715 0.001172 0.085939
298 0 9.016030 0.037910 -0.209487 0.538672 0.000304 0.011221
299 0 10.556900 0.080250 0.170932 0.732701 0.041496 0.669280
300 0 9.111600 0.015215 -0.692413 0.296670 0.001314 0.240000
301 0 9.740850 0.025385 1.128390 0.133288 -0.001534 -0.414060
302 0 10.018500 0.033480 1.318500 0.157090 -0.000151 -0.022719
304 0 9.777260 0.105055 0.932321 0.231037 -0.003658 -0.142040
305 0 8.824300 0.081625 0.487053 0.169846 -0.011849 -0.704500
306 0 10.082700 0.083650 0.621478 0.228566 0.009593 0.437660
307 0 8.825560 0.046905 0.380425 0.127158 -0.005048 -0.869280
308 0 8.419970 0.121105 0.619765 0.134448 -0.022686 -0.895700
309 0 9.250490 0.081240 -0.059220 0.404124 0.009224 0.249060
310 0 10.663300 0.025450 0.221576 1.228134 -0.038561 -0.282110
311 0 8.860060 0.088300 -0.923530 0.568492 0.032796 0.671110
312 0 8.147470 0.079335 0.121279 0.089919 -0.006295 -0.864610
313 0 9.527790 0.074925 0.742935 0.172492 0.001430 0.114550
314 0 9.050380 0.082310 0.436343 0.172771 -0.010656 -0.554930
315 0 9.000050 0.062445 -0.141712 0.243264 0.003458 0.192260
316 0 9.284250 0.115710 0.688584 0.207154 -0.016568 -0.778570
317 0 9.437580 0.047855 0.810153 0.191218 -0.001099 -0.102860
318 0 8.719010 0.059765 0.238064 0.131403 -0.005108 -0.608440
321 0 9.424510 0.021135 0.591222 0.117232 -0.001680 -0.633490
322 0 8.936970 0.019970 -0.618187 0.329062 0.001523 0.171070
323 0 8.895390 0.033625 0.312761 0.114431 -0.003361 -0.816240
325 0 8.693640 0.061225 -0.155288 0.230806 0.002225 0.154450
326 0 8.925490 0.060500 0.451042 0.103332 -0.004192 -0.645050
329 0 9.694640 0.018905 0.830786 0.122730 -0.001117 -0.466670
331 0 9.792250 0.019750 0.935985 0.139336 -0.001556 -0.543920
333 0 10.010600 0.091815 1.509190 0.206700 -0.015870 -0.846330
335 0 9.995030 0.050875 1.087950 0.199623 0.002397 0.212560
340 0 9.331930 0.071555 -0.129990 0.059889 0.001342 0.257480
341 0 9.093050 0.076265 -0.039485 0.271090 0.007636 0.339350
342 0 9.356880 0.016950 -0.101151 0.273663 0.002325 0.414760
343 0 7.315510 0.097755 -0.289900 0.115441 -0.011597 -0.875990
344 0 9.060560 0.074710 0.346112 0.138882 -0.003633 -0.339890
345 0 8.197950 0.066100 -0.217365 0.160309 -0.007848 -0.719700
347 0 10.160300 0.063100 0.267322 0.430898 0.017054 0.622580
352 0 8.574590 0.063785 0.274896 0.113834 -0.006104 -0.780730
355 0 9.351040 0.070365 0.937050 0.192173 -0.010473 -0.580860
356 0 8.034420 0.063325 0.161354 0.072574 -0.003813 -0.835860
357 0 9.015040 0.102000 0.446495 0.206178 -0.018064 -0.814100
358 0 9.224050 0.034260 0.668639 0.103775 -0.002874 -0.796150
363 0 9.639420 0.020770 0.745249 0.174909 -0.001131 -0.280970
364 0 8.905180 0.062815 0.434033 0.119483 -0.004643 -0.592010
365 0 9.747460 0.036060 1.241080 0.162860 -0.002566 -0.365560
366 0 8.879170 0.026920 0.039280 0.176351 -0.003490 -0.672020
367 0 9.156850 0.052720 -0.965954 0.565500 0.020063 0.696810
369 0 9.735980 0.028385 1.058790 0.124099 -0.002571 -0.721870
370 0 9.365250 0.050630 1.005510 0.156221 -0.006419 -0.687280
371 0 8.980900 0.064640 0.330025 0.162104 -0.003428 -0.275960
372 0 9.711010 0.084870 -0.068707 0.237837 0.016595 0.462350
373 0 9.625890 0.016485 0.412487 0.256742 -0.000730 -0.156760
374 0 9.673990 0.021740 0.821861 0.193419 -0.002359 -0.384130
376 0 9.262720 0.023000 -0.040974 0.265058 0.004250 0.296500
379 0 9.571430 0.060300 -0.493313 0.540059 0.016472 0.538790
380 0 10.106400 0.028500 1.350830 0.145425 -0.004756 -0.417550
381 0 8.405760 0.108310 -0.617769 0.178408 -0.006008 -0.327740
382 0 10.196300 0.063650 1.114200 0.765553 -0.022097 -0.380180
383 0 9.806260 0.018170 0.931161 0.127674 -0.001384 -0.564100
385 0 9.644300 0.049540 0.485466 0.244701 0.002131 0.162710
386 0 9.729320 0.069990 0.316334 0.304161 0.010990 0.498060
389 0 9.907650 0.021030 0.924755 0.287909 0.001282 0.151710
390 0 10.455000 0.039750 1.429100 0.240395 0.002097 0.171760
391 0 9.105570 0.090455 -0.033650 0.229018 0.007302 0.333140
392 0 9.339470 0.042320 0.794378 0.154136 -0.004778 -0.572610
393 0 8.442390 0.039845 -0.129839 0.137228 -0.004493 -0.794570
394 0 9.328910 0.058575 0.847570 0.154723 -0.005671 -0.504000
395 0 10.862800 0.050200 0.907242 0.309128 -0.006573 -0.145770
396 0 9.772480 0.049450 1.282340 0.149270 -0.006081 -0.844860
397 0 9.833210 0.028485 1.133300 0.130080 -0.002880 -0.755570
399 0 10.098700 0.028500 1.447400 0.136185 -0.003287 -0.470060
400 0 9.621600 0.016735 0.466193 0.230214 -0.001423 -0.333500
401 0 9.707250 0.079660 0.932776 0.191648 -0.002852 -0.183590
402 0 8.857270 0.077265 0.095149 0.182069 -0.008859 -0.625780
403 0 9.158280 0.058940 0.758387 0.156960 -0.007416 -0.847110
404 0 10.114300 0.056300 1.710660 0.157955 -0.007130 -0.863220
406 0 9.844380 0.052535 0.688578 0.185754 0.000496 0.049799
407 0 9.396950 0.055210 0.086405 0.287694 0.008475 0.396110
408 0 8.883680 0.089055 -0.583532 0.239710 0.011054 0.467090
409 0 8.600010 0.097880 -0.039211 0.180493 -0.007841 -0.457280
410 0 9.781080 0.083200 0.861303 0.207598 -0.004186 -0.231370
411 0 9.028300 0.084120 0.258054 0.179941 -0.009337 -0.620000
412 0 9.221410 0.020145 0.334075 0.143956 -0.000514 -0.101050
414 0 10.137300 0.023750 1.370530 0.167975 -0.002428 -0.560500
415 0 8.866460 0.081425 0.407916 0.194027 -0.012181 -0.631900
416 1 9.957870 0.028275 -1.412540 1.237274 -0.018594 -0.117800
418 0 9.357700 0.023970 0.534587 0.176488 -0.002720 -0.590660
419 0 8.835310 0.038025 0.227842 0.145492 -0.003896 -0.636060
420 0 7.760280 0.060165 -2.381820 0.739690 0.023348 0.518790
421 0 8.106780 0.082800 -1.228810 0.474309 0.015895 0.409910
424 0 8.478690 0.022825 -1.094670 0.319766 0.004182 0.466600
425 0 9.049640 0.026665 -0.201667 0.277114 0.004606 0.289300
427 0 8.583610 0.075475 0.179198 0.126743 -0.007775 -0.860570
428 0 7.949640 0.088240 -0.702856 0.199617 -0.008999 -0.495630
429 0 8.526000 0.072235 0.847547 0.072441 -0.004537 -0.877380
433 0 8.937380 0.058260 -0.091941 0.387887 -0.000308 -0.011635
434 0 7.260310 0.067260 -1.685330 0.278795 0.004064 0.192900
435 0 9.280590 0.028735 0.508996 0.156872 -0.001170 -0.153040
436 0 9.913390 0.061495 2.338130 0.060830 -0.004076 -0.921810
437 1 7.520460 0.075730 -3.765090 1.642100 -0.004785 -0.036385
438 0 9.787990 0.061105 0.758579 0.188750 -0.000920 -0.079518
439 0 9.609720 0.022615 0.815969 0.147082 -0.001759 -0.493200
442 0 9.884480 0.030520 0.889383 0.282797 -0.003418 -0.309490
444 0 9.635150 0.065805 0.989322 0.283829 -0.007634 -0.364390
448 0 8.387270 0.107795 -0.483259 0.216756 -0.007218 -0.292360
449 0 8.413260 0.032750 -0.433896 0.253641 -0.001818 -0.160800
452 0 8.886820 0.085920 -0.171186 0.235642 -0.000042 -0.001810
453 0 8.768540 0.113380 -0.163511 0.192903 -0.001834 -0.083218
455 0 9.126310 0.042065 0.043494 0.274853 0.004768 0.328510
456 0 8.825360 0.032725 0.106110 0.159035 -0.004084 -0.749940
458 0 8.547180 0.040570 -0.013039 0.171491 -0.005969 -0.792870
459 0 8.155400 0.092145 -1.401090 0.290960 0.019189 0.544770
461 0 8.114540 0.107130 -0.939252 0.238899 0.004154 0.152300
467 0 9.767610 0.038495 0.789329 0.153358 -0.002077 -0.116410
468 0 8.407860 0.107385 -0.561580 0.278062 -0.022453 -0.731240
469 0 7.874110 0.099520 -1.279300 0.289066 0.007773 0.249660
470 0 8.927780 0.021185 -0.136908 0.247945 -0.001017 -0.147170
471 0 8.393870 0.124515 0.355422 0.166745 -0.020406 -0.941440
472 0 10.597800 0.064600 1.707480 0.461250 0.000780 0.024109
476 0 9.287510 0.057600 1.124560 0.107395 -0.006127 -0.859520
477 1 9.632450 0.033910 -1.773900 1.427747 -0.006881 -0.055615
478 0 8.035770 0.113855 -1.374640 0.216090 0.005078 0.177350
479 0 9.173610 0.092505 0.842017 0.160689 -0.013125 -0.902180
480 0 8.794930 0.082650 0.286815 0.162299 -0.011362 -0.816760
481 0 7.908400 0.058610 -1.857470 0.500395 0.016216 0.503590
483 0 7.635700 0.083070 -1.062250 0.310109 -0.007307 -0.237960
484 0 9.545100 0.033350 0.493841 0.211064 0.001446 0.139630
485 0 8.857970 0.027485 0.115117 0.139813 -0.001949 -0.336350
486 0 8.559520 0.092315 -0.641243 0.261504 0.007810 0.303560
487 0 8.044870 0.071445 -1.998120 0.586465 0.025749 0.634110
488 0 7.373800 0.074805 -2.283790 0.705210 0.015729 0.279950
489 0 9.227740 0.058895 -0.145027 0.191496 -0.002852 -0.249270
491 0 8.237860 0.075440 -0.822539 0.198529 0.001818 0.114480
492 0 8.478900 0.037095 -0.679878 0.306527 0.005769 0.418240
494 0 8.225460 0.075535 -0.435732 0.108230 -0.003135 -0.422670
495 0 9.734360 0.056830 1.345910 0.140700 -0.008768 -0.602060
497 0 8.435210 0.022335 -0.306218 0.102109 -0.001469 -0.616900
498 0 9.066530 0.030960 0.285377 0.160439 0.000159 0.023143
499 1 8.854620 0.074320 -12.443600 9.140770 -0.079793 -0.134840
500 0 9.727620 0.022440 0.946041 0.130056 -0.001940 -0.648970
501 0 9.552970 0.020750 0.107950 0.322145 0.002522 0.261620
505 0 7.542070 0.195940 -0.566781 0.271221 -0.044978 -0.822870
506 0 8.027120 0.075060 -0.278389 0.186496 -0.011982 -0.721270
507 0 6.931700 0.073520 -1.495260 0.173610 -0.006134 -0.487060
508 0 8.584570 0.050125 -1.348410 0.559521 0.015638 0.527010
509 0 7.354140 0.103410 -2.054110 0.454360 0.021058 0.385430
510 0 8.240340 0.030985 -0.974571 0.346498 0.004107 0.305190
511 0 7.059220 0.115435 -1.352720 0.190300 -0.014931 -0.627910
512 0 8.924650 0.064120 0.497355 0.115645 -0.005616 -0.643980
513 0 7.621930 0.062325 -1.447950 0.303500 0.008925 0.511690
514 0 9.402200 0.027955 0.280740 0.271257 0.003194 0.214020
515 0 9.177580 0.090720 0.612608 0.199203 -0.012099 -0.642150
516 0 10.138800 0.023000 1.313530 0.146590 -0.000752 -0.196580
519 0 7.653720 0.103425 -1.002720 0.178480 -0.009838 -0.509870
520 0 7.756660 0.161135 -0.892271 0.353741 -0.043933 -0.776920
521 1 7.862040 0.061585 -3.061550 1.050560 0.016506 0.267280
522 0 8.907340 0.040750 0.601169 0.095224 -0.002794 -0.732420
523 0 8.202970 0.098040 -1.008630 0.257298 0.008325 0.320700
525 0 9.425790 0.024905 0.748725 0.179359 -0.002627 -0.563640
526 0 8.380520 0.019690 -0.686320 0.189597 0.000048 0.009733
528 0 8.948160 0.037775 0.535478 0.093262 -0.002664 -0.735350
529 0 9.115360 0.042305 -0.082026 0.185623 0.002807 0.282090
530 0 8.969920 0.066155 0.544463 0.160183 -0.007974 -0.623750
531 0 7.435720 0.103475 -2.044180 0.703100 0.009263 0.103310
532 0 7.261260 0.228955 -1.375970 0.411697 -0.060255 -0.685410
533 0 8.165880 0.075930 -1.549940 0.612450 0.015336 0.273510
535 0 9.725380 0.039785 1.210970 0.192675 -0.002442 -0.298790
536 0 9.775490 0.074220 1.306370 0.159875 -0.005199 -0.406140
537 0 8.288810 0.097185 -1.065090 0.308830 0.005840 0.172710
538 0 9.020830 0.060775 0.695489 0.139547 -0.006108 -0.667630
540 0 9.358770 0.027465 0.641823 0.125503 -0.002601 -0.768720
541 0 9.275410 0.029825 -0.499812 0.153802 0.001578 0.219750
542 0 8.729210 0.114810 0.500667 0.180128 -0.020364 -0.917240
543 0 9.020160 0.088220 0.203814 0.316480 -0.015104 -0.483300
544 0 7.906480 0.093895 -1.853470 0.525620 0.025301 0.425210
545 0 9.521410 0.078835 0.664599 0.302404 -0.013622 -0.484700
546 0 8.488800 0.028830 -0.122140 0.094734 -0.001801 -0.652670
547 0 9.708650 0.074695 0.727888 0.171089 -0.002462 -0.206000
548 0 9.382630 0.073880 0.684446 0.130926 -0.001837 -0.160090
549 0 9.262540 0.091530 0.133015 0.252035 0.005933 0.223100
550 0 7.481530 0.076620 -1.542200 0.299610 0.006329 0.257680
551 0 7.025530 0.226430 -0.198579 0.150895 -0.036273 -0.881740
552 0 8.541700 0.025685 -0.413683 0.216145 -0.003833 -0.586970
553 0 8.153220 0.072955 -1.394900 0.303840 0.004192 0.175150
554 0 8.491750 0.021060 -0.779335 0.299619 0.002672 0.365870
555 1 7.974140 0.059850 -2.652830 1.027110 0.016004 0.221540
556 0 7.626100 0.114690 -1.466810 0.232545 -0.000559 -0.017244
557 0 7.743840 0.080955 -1.851090 0.469430 0.022287 0.576510
558 0 7.318670 0.088570 -2.021140 0.582205 0.005001 0.082814
559 0 7.953680 0.079740 -1.239580 0.219100 0.006590 0.327680
560 0 8.367220 0.086830 -0.378322 0.198561 -0.011437 -0.664280
561 0 9.647890 0.019060 0.685274 0.176259 -0.002502 -0.664150
563 0 8.708620 0.027030 0.015454 0.120269 -0.002124 -0.614630
564 0 8.075420 0.141120 -1.287430 0.259315 0.002588 0.065769
565 0 7.190540 0.215360 -0.516312 0.174307 -0.038579 -0.915940
566 0 9.188620 0.076350 0.363975 0.185467 -0.005919 -0.420930
568 0 9.476560 0.075050 1.153210 0.153200 -0.009984 -0.818030
571 0 9.682780 0.022935 0.896879 0.149005 -0.002108 -0.555300
572 0 8.461240 0.091025 -0.537470 0.257331 0.000913 0.036971
574 0 9.092600 0.079115 0.675585 0.164479 -0.010749 -0.702320
576 0 8.712910 0.021705 -0.455095 0.265470 0.000969 0.101900
577 0 7.454480 0.154815 -1.381770 0.515863 -0.047778 -0.446510
578 0 7.583890 0.118510 -1.634470 0.347000 0.008616 0.155340
579 0 7.476780 0.047660 -1.974710 0.440510 0.010251 0.497770
580 0 8.753260 0.093810 0.057644 0.220037 -0.012202 -0.532310
583 0 7.997610 0.119150 -1.262810 0.279444 0.012522 0.347120
585 0 7.510960 0.066510 -1.122200 0.232663 -0.004801 -0.256430
587 0 9.666910 0.049560 1.329450 0.085450 -0.001615 -0.267280
588 0 7.926040 0.056145 -1.228260 0.251500 0.005252 0.301380
591 0 7.247760 0.088260 -0.681860 0.105039 -0.008117 -0.871950
592 0 9.069890 0.085710 0.605275 0.165796 -0.010510 -0.671480
593 0 8.898510 0.063975 -0.387161 0.334937 0.010830 0.507390
595 0 9.066090 0.063390 -0.612630 0.382615 0.013817 0.664460
596 0 10.268400 0.124100 1.779500 0.367245 -0.035451 -0.692270
597 0 9.715390 0.045315 0.197207 0.361234 0.010435 0.582080
598 0 9.338940 0.017455 0.137736 0.221113 -0.001384 -0.327710
599 0 8.725680 0.030205 -0.746833 0.294046 0.006185 0.548340
601 0 8.870890 0.070135 0.061954 0.179724 -0.001905 -0.129610
602 0 8.585430 0.082570 -0.340185 0.271503 -0.008873 -0.374610
603 0 7.621380 0.085410 -1.440210 0.260450 -0.002413 -0.075984
605 0 8.504610 0.051465 -0.035911 0.148787 -0.003092 -0.352840
607 0 8.616340 0.155780 -0.777938 0.227579 0.000455 0.015926
608 0 7.713140 0.155430 -0.361216 0.244994 -0.030895 -0.818400
609 1 7.867670 0.071945 -2.735480 1.042640 0.032201 0.368900
610 0 7.614900 0.106770 -1.060540 0.232058 -0.017863 -0.458950
611 0 7.687430 0.192440 -0.232075 0.232495 -0.035904 -0.872360
613 0 7.673640 0.074090 -2.712230 1.089235 0.008235 0.091890
614 0 8.495170 0.030710 -0.306343 0.235904 -0.001326 -0.132100
615 0 7.439590 0.091330 -1.246720 0.214535 -0.004927 -0.219050
616 0 9.568820 0.097145 1.157310 0.189703 -0.016153 -0.719570
618 0 8.711630 0.133425 0.016107 0.230944 -0.019893 -0.689760
621 0 8.304510 0.070025 -1.937880 0.533070 0.021235 0.391780
622 0 7.528920 0.102505 -1.659220 0.399440 0.005048 0.098715
624 0 7.708580 0.098300 -1.548940 0.401485 0.012203 0.272140
626 0 9.562370 0.040320 0.895283 0.159121 -0.004697 -0.644150
627 0 7.155300 0.138190 -2.558650 1.372810 -0.114200 -0.470090
629 0 9.527770 0.018575 0.637771 0.153591 -0.001505 -0.493180
630 1 7.423190 0.037780 -5.757310 2.012400 -0.011933 -0.157400
632 0 7.949270 0.110465 -1.122320 0.242533 0.001972 0.065145
634 0 9.439860 0.057300 1.111980 0.138628 -0.005690 -0.705460
635 0 7.582890 0.165585 -0.464732 0.214243 -0.030986 -0.890630
636 0 8.724470 0.079240 -0.639071 0.315049 0.006819 0.249680
637 0 8.733940 0.081230 0.326923 0.133528 -0.008349 -0.763200
638 0 8.306760 0.084755 -0.183455 0.233545 -0.015830 -0.629100
640 0 9.201940 0.034995 0.746946 0.107005 -0.002411 -0.641890
643 0 8.609970 0.072545 -0.337456 0.160122 -0.000963 -0.087676
644 0 8.170870 0.059645 -0.896230 0.492591 0.005669 0.184310
646 0 7.667420 0.066440 -0.721242 0.155575 -0.006516 -0.639160
647 0 8.056930 0.064350 -0.789963 0.330668 0.000760 0.031311
649 0 9.462980 0.037820 0.589008 0.180243 0.001592 0.161770
650 0 8.937860 0.024220 -0.258056 0.275247 0.001039 0.104450
651 0 8.470030 0.026440 -0.527392 0.415437 -0.005183 -0.326540
652 0 8.931250 0.016720 -0.369140 0.269031 0.001361 0.275360
655 0 7.275910 0.114960 -1.856260 0.566445 -0.034927 -0.354490
657 0 7.776040 0.056770 -2.525180 0.725450 0.025528 0.668880
658 0 8.423790 0.080575 -0.886143 0.248516 0.000102 0.005054
659 0 8.630290 0.042195 0.092171 0.147523 -0.004549 -0.663780
660 0 9.406500 0.062815 -0.622694 0.546836 0.023767 0.568080
661 0 10.117100 0.038800 1.026950 0.208766 0.001491 0.161720
663 0 8.921590 0.056260 -0.361493 0.172763 0.001477 0.159110
664 0 7.899520 0.113865 -1.186410 0.153555 -0.000489 -0.024104
665 0 8.714700 0.067905 -0.001807 0.157158 -0.007167 -0.690700
667 0 9.704550 0.033900 1.127340 0.124900 -0.003540 -0.810740
668 0 9.129180 0.094020 -0.222349 0.197079 0.007254 0.346920
669 1 10.631700 0.030850 -1.408070 1.778248 -0.009891 -0.083572
671 0 9.383740 0.039860 0.768421 0.176497 -0.002755 -0.269110
672 0 8.103320 0.079440 -0.946043 0.383749 0.010808 0.365880
673 1 9.195570 0.041380 -2.429250 1.196945 0.015874 0.327200
674 0 8.743350 0.043210 0.444908 0.104300 -0.003524 -0.826070
676 0 10.369200 0.021450 1.521930 0.163955 0.000049 0.009821
679 0 9.198080 0.081115 -0.200440 0.221830 0.009847 0.470100
684 0 7.611310 0.114705 -1.364790 0.156795 0.001066 0.047737
685 0 10.303800 0.117050 1.445400 0.193790 -0.017088 -0.854330
687 0 7.395180 0.101005 -1.203040 0.210848 -0.015129 -0.735280
688 0 8.926030 0.036985 0.050524 0.254396 -0.003025 -0.163680
689 0 8.636890 0.035115 0.313592 0.076110 -0.002167 -0.772730
690 0 8.945380 0.033930 0.335957 0.147530 -0.003117 -0.577340
691 0 7.244520 0.075725 -2.696160 0.797850 0.023503 0.406560
692 0 8.303280 0.078945 -0.846054 0.145270 -0.006187 -0.457580
694 0 9.739670 0.034830 1.375130 0.085395 -0.002524 -0.858150
695 0 7.439010 0.025685 -1.868160 0.275260 -0.000398 -0.049542
699 0 8.070610 0.064230 -0.833863 0.159080 0.000214 0.022270
700 0 9.981700 0.019635 0.770943 0.274916 0.000366 0.052847
701 0 9.087690 0.089170 0.403084 0.190793 -0.008468 -0.480560
702 0 9.033860 0.090945 0.795011 0.122878 -0.010623 -0.867050
704 0 9.427990 0.020525 0.563728 0.131994 -0.000148 -0.021416
706 0 10.339600 0.041000 1.881810 0.139525 -0.004042 -0.691490
707 0 7.325400 0.128430 -1.586380 0.301445 -0.007030 -0.152180
712 0 8.960210 0.080880 -0.863990 0.143484 -0.002843 -0.249530
713 0 7.100340 0.097985 -1.287130 0.201895 -0.015216 -0.642420
714 0 8.016270 0.075390 -1.404980 0.626344 0.019345 0.370520
715 0 8.288070 0.031005 -0.381144 0.113999 -0.000761 -0.174380
716 0 8.954320 0.046005 0.261425 0.277248 -0.005098 -0.301050
719 0 7.581760 0.058765 -0.625938 0.090852 -0.004613 -0.852550
720 0 7.974490 0.027500 -1.064320 0.205567 0.001532 0.214490
721 0 8.883090 0.084990 -0.045518 0.209783 0.001304 0.067665
725 0 9.252310 0.030680 0.552000 0.201786 -0.004578 -0.586320
726 0 7.746400 0.065440 -1.946940 0.539445 0.019856 0.584950
727 0 8.812460 0.070515 0.241958 0.145627 -0.006835 -0.611380
728 0 8.666770 0.156140 -0.134063 0.285212 -0.033733 -0.876050
729 0 9.031630 0.062445 0.550258 0.120989 -0.004842 -0.522160
731 0 7.436690 0.097260 -2.089060 0.591435 0.006062 0.067629
733 0 8.660430 0.022895 -0.754546 0.311736 0.002519 0.242230
735 0 7.537240 0.077890 -0.965402 0.114377 -0.004384 -0.486690
736 0 7.300190 0.087945 -1.804720 0.406105 0.005625 0.134510
740 0 7.332830 0.066200 -2.050640 0.569085 0.012938 0.345380
741 0 8.104450 0.080135 -0.658890 0.265429 -0.008278 -0.380770
742 1 8.979080 0.029855 -3.250440 1.786820 0.005381 0.094611
743 0 8.518060 0.027690 -0.511497 0.302547 0.002217 0.201680
744 0 7.466380 0.092645 -1.090210 0.190144 -0.012941 -0.802190
745 0 9.574900 0.086205 -0.092646 0.298003 0.016739 0.574980
746 0 10.410800 0.030750 0.129911 0.307303 0.007498 0.582640
748 0 9.959780 0.023360 1.234790 0.209900 -0.001318 -0.229430
750 0 8.024880 0.058960 -1.169070 0.261746 0.009037 0.558670
751 0 9.552010 0.034435 1.009650 0.232735 -0.004174 -0.438650
755 0 9.601430 0.045855 0.239494 0.311243 0.007166 0.359700
758 1 8.805170 0.054875 -7.254460 5.183110 0.115530 0.322120
763 1 8.157490 0.026975 -7.321290 3.704355 -0.012707 -0.135870
765 0 9.391380 0.030125 0.743613 0.125642 -0.002418 -0.555980
766 0 7.653680 0.144780 -0.785740 0.335952 -0.038862 -0.663600
768 0 8.997700 0.023065 0.213355 0.158055 -0.002799 -0.716050
770 0 7.607450 0.035590 -1.666410 0.378660 0.006487 0.414630
771 0 8.346510 0.029490 -1.462510 0.408085 0.008675 0.603070
773 0 8.372720 0.109545 -0.183519 0.184104 -0.014297 -0.749740
775 0 9.042870 0.072190 0.676107 0.175268 -0.010309 -0.682160
777 0 8.948320 0.049450 0.465529 0.184464 -0.007268 -0.805130
779 0 9.834850 0.079830 -0.271661 0.496511 0.029930 0.713060
781 0 8.329470 0.023125 -0.631928 0.275290 -0.001095 -0.138510
782 0 8.781160 0.087315 -0.831839 0.216883 0.002600 0.092910
783 0 9.883600 0.018155 1.043980 0.201485 -0.001466 -0.325230
785 0 8.712100 0.023940 -0.252464 0.246426 -0.001296 -0.126420
787 0 7.588020 0.097030 -2.470830 0.886730 0.035770 0.332060
788 0 8.797390 0.081680 0.089469 0.157790 -0.004963 -0.381390
789 0 7.250260 0.115725 -1.059160 0.239523 -0.022180 -0.756400
791 0 8.890650 0.072425 -0.674015 0.367485 0.014418 0.566740
792 0 8.275280 0.052215 -0.536259 0.123342 -0.000124 -0.016091
793 0 8.723340 0.054555 -0.577146 0.058458 -0.000487 -0.114910
794 0 8.677950 0.053375 -1.520420 0.203000 0.014453 0.454400
795 0 7.908680 0.034170 -1.217960 0.244261 0.003562 0.206650
797 0 8.603630 0.036360 0.057309 0.153877 -0.003872 -0.632860
798 0 9.016920 0.019365 -0.014823 0.227153 -0.001853 -0.375970
799 0 7.851990 0.069985 -0.482769 0.131688 -0.006507 -0.612070
800 0 7.724140 0.065380 -2.426710 0.838735 0.012577 0.203050
801 0 9.119210 0.031775 -0.356672 0.371352 0.008285 0.516500
802 0 7.888950 0.074420 -1.249690 0.402739 0.001584 0.047308
803 0 8.307950 0.040575 -1.726650 0.663200 0.011719 0.381910
804 0 8.221630 0.035765 -0.518959 0.240657 -0.000701 -0.068299
807 0 8.367540 0.040050 -0.852577 0.428046 0.006159 0.287260
809 0 7.617970 0.039890 -1.017960 0.146766 -0.005691 -0.621250
810 0 8.895310 0.060095 0.077945 0.186494 -0.001244 -0.111970
813 0 8.001170 0.054525 -1.266520 0.246855 0.004028 0.259300
814 0 7.644760 0.077395 -1.265140 0.204485 0.000242 0.014101
815 0 9.553750 0.069965 -0.234599 0.554030 0.000465 0.008179
818 0 8.059920 0.087010 -1.064890 0.249353 -0.005686 -0.257470
819 0 8.464070 0.015825 -0.669335 0.210292 -0.001791 -0.480090
820 0 9.502320 0.037950 0.867553 0.124509 -0.003597 -0.733550
821 0 9.756510 0.024880 1.087740 0.094353 -0.001699 -0.730370
823 0 8.329670 0.052220 -0.083447 0.136300 -0.004965 -0.566680
824 0 8.642250 0.068360 0.051513 0.131216 -0.005529 -0.645200
826 0 9.880650 0.081785 0.604749 0.152387 -0.001256 -0.103140
827 0 8.912330 0.092405 0.559202 0.168234 -0.014015 -0.775100
829 0 7.239940 0.124545 -1.015690 0.189314 -0.021375 -0.832020
831 0 8.583430 0.017365 -0.914193 0.245827 0.001235 0.298080
832 0 9.898860 0.035095 1.158290 0.157070 -0.004364 -0.801200
835 0 8.613170 0.071000 -0.819185 0.245369 -0.001836 -0.118290
836 0 8.846220 0.070740 -0.165346 0.306774 0.004922 0.229780
838 0 7.785810 0.141200 -1.484370 0.199195 0.012070 0.363780
840 0 6.845050 0.134920 -1.129960 0.172071 -0.018819 -0.802320
842 0 8.093800 0.062390 -2.132860 0.762285 0.019212 0.364510
844 0 7.855530 0.047665 -2.112540 0.587545 0.017277 0.564010
845 1 8.009640 0.032190 -7.827650 5.121360 -0.014678 -0.091626
846 0 9.142520 0.018315 0.242353 0.162935 -0.000036 -0.009089
848 0 8.077560 0.031740 -0.980782 0.312442 0.001771 0.140740
849 0 10.437400 0.047050 1.055740 0.151681 -0.001076 -0.141470
850 0 10.169600 0.034750 0.864139 0.183365 0.002191 0.297140
852 0 9.148020 0.121850 0.923843 0.208194 -0.022791 -0.930320
853 0 7.901170 0.068580 -0.854373 0.224430 -0.003693 -0.226820
855 0 8.401260 0.053160 0.079811 0.085869 -0.004161 -0.884700
856 0 8.470940 0.128450 -0.362807 0.243414 -0.019619 -0.719850
858 0 9.071620 0.023995 0.144382 0.199778 -0.003348 -0.634000
859 0 7.824470 0.094390 -1.200730 0.326715 -0.005316 -0.153300
861 0 8.621120 0.052210 -0.116689 0.238928 -0.003105 -0.227780
862 0 9.166020 0.033745 0.770500 0.095247 -0.002571 -0.819310
864 0 7.548520 0.037330 -0.676742 0.085113 -0.002491 -0.776700
868 0 9.958090 0.073460 0.856432 0.236064 0.001868 0.097184
869 0 9.577050 0.055930 0.506999 0.143342 -0.000268 -0.032926
870 0 7.925370 0.112370 -0.954488 0.203227 -0.010922 -0.499540
871 0 8.961950 0.108865 -0.206838 0.163205 -0.010210 -0.623390
872 0 8.545720 0.058845 -1.019210 0.253520 0.001934 0.116530
873 0 8.205360 0.032725 -1.651650 0.487215 0.010049 0.526290
874 0 7.960940 0.060475 0.056584 0.066955 -0.003267 -0.823860
875 0 9.937070 0.040175 1.436440 0.172960 -0.004220 -0.492690
876 0 9.220240 0.022980 0.247788 0.164503 0.000142 0.030388
878 0 9.738060 0.028890 0.952964 0.140496 -0.003046 -0.697510
880 0 9.253950 0.024760 0.497007 0.146436 -0.000786 -0.156520
881 0 9.323070 0.029645 0.610488 0.178891 -0.002453 -0.267120
883 0 8.659350 0.080665 -0.191781 0.355950 -0.014460 -0.480460
886 0 9.220030 0.019750 0.298276 0.186329 -0.000891 -0.212280
887 0 7.808730 0.053040 -2.470980 0.791805 0.021175 0.527450
889 0 9.989700 0.038775 0.549437 0.318631 0.008942 0.531600
890 0 8.664110 0.069125 0.153478 0.131024 -0.005057 -0.552420
891 0 9.530570 0.035605 0.931817 0.152454 -0.003263 -0.493000
892 0 8.819890 0.092065 -0.455600 0.354510 0.011787 0.356010
893 0 7.635890 0.101070 -1.306020 0.342119 -0.008279 -0.201980
894 0 8.931700 0.033595 0.663606 0.083212 -0.002397 -0.838900
895 0 8.742240 0.031960 -0.232609 0.149633 0.000496 0.077867
896 0 8.307580 0.151415 -0.621994 0.226744 -0.019752 -0.683120
898 0 9.278820 0.022800 0.150298 0.273265 0.001402 0.144670
900 0 8.960660 0.109630 -0.321792 0.275363 0.011890 0.412890
901 0 7.476060 0.057630 -2.454850 0.615800 0.011105 0.279730
902 0 8.725680 0.027055 -0.265960 0.181014 0.000584 0.082577
903 0 9.096900 0.094900 0.592433 0.149925 -0.011127 -0.824710
904 0 9.312820 0.070605 -0.513229 0.432219 0.019270 0.578060
907 0 7.938780 0.041795 -0.792256 0.193744 0.000030 0.002998
908 0 10.012000 0.025835 1.122870 0.185906 -0.001698 -0.339120
909 0 8.606330 0.029800 -0.198279 0.173916 -0.004072 -0.750600
910 0 8.204150 0.098620 -1.103770 0.215424 0.010444 0.377820
911 0 8.704290 0.021965 -0.425533 0.274670 0.001465 0.110090
912 0 8.592490 0.118965 -0.372405 0.203340 0.000418 0.017633
913 0 7.589870 0.047510 -2.883530 0.761985 0.008010 0.221830
914 1 8.769630 0.036805 -5.170960 3.066875 -0.004191 -0.027581
917 0 9.606310 0.017170 0.525757 0.200602 -0.001931 -0.531920
921 0 9.229830 0.018250 0.368017 0.129821 -0.000420 -0.129700
922 0 7.784600 0.099340 -0.420446 0.160717 -0.013204 -0.778230
924 0 9.210110 0.023035 0.327265 0.174534 -0.003384 -0.766190
925 0 9.866270 0.096885 0.567721 0.217112 0.002787 0.113280
926 0 10.229700 0.043600 0.518630 0.360005 0.007785 0.400970
927 0 10.229700 0.043600 0.518630 0.360005 0.007785 0.400970
928 0 7.851050 0.105510 -1.292650 0.223510 -0.005133 -0.208370
929 0 7.870110 0.108845 -1.066480 0.298431 -0.015906 -0.435720
931 0 7.981870 0.068440 -1.336490 0.306535 0.006490 0.291750
932 0 8.403580 0.020265 -0.910498 0.291880 0.003164 0.367980
934 0 10.072400 0.124965 0.701196 0.175517 0.004031 0.184570
935 1 8.279770 0.025850 -6.455490 4.214685 -0.021697 -0.180820
938 0 8.652370 0.077405 -0.127330 0.167362 -0.002185 -0.166980
941 0 9.977410 0.022470 0.926496 0.177275 0.002219 0.344530
945 1 8.806550 0.061660 -1.969070 0.937935 0.034521 0.714780
949 0 7.129950 0.068455 -1.508180 0.140225 -0.001379 -0.122100
950 0 9.013210 0.083770 0.697089 0.156012 -0.010748 -0.723080
951 0 8.331810 0.019075 -1.282250 0.348806 0.003967 0.494610
952 0 7.937030 0.027200 -0.852407 0.176436 -0.003263 -0.645800
953 0 9.559940 0.019990 0.702261 0.144621 -0.001569 -0.503260
954 0 9.178520 0.064920 0.746336 0.193896 -0.008856 -0.707320
955 0 9.171860 0.058760 -1.189680 0.540465 0.027896 0.692380
957 0 8.742080 0.094335 -0.342767 0.212083 0.005400 0.260450
958 0 8.411120 0.068010 -0.723098 0.169846 0.002038 0.178730
960 0 9.843340 0.056080 -0.284505 0.651137 0.019227 0.534190
961 0 9.610080 0.044840 1.346100 0.104650 -0.003074 -0.644240
962 0 8.549280 0.047890 0.336743 0.101234 -0.003703 -0.790800
963 0 8.300710 0.083080 -0.431875 0.188057 -0.001387 -0.083045
965 1 7.874530 0.030315 -5.529250 2.885430 -0.008347 -0.092986
966 0 9.585660 0.053045 1.109710 0.159962 -0.003639 -0.385560
967 0 8.261620 0.043885 -0.949427 0.184800 0.001831 0.198890
968 1 9.164050 0.064820 -1.655670 1.014135 0.037288 0.604610
969 0 9.639850 0.026935 1.003820 0.105923 -0.002947 -0.759740
971 0 8.455070 0.024240 -0.756620 0.325249 0.001373 0.126660
972 0 8.412870 0.065980 -0.021113 0.149904 -0.006097 -0.518340
973 0 7.635100 0.134245 -0.276595 0.154637 -0.017128 -0.947250
975 0 9.268610 0.024735 0.510090 0.151204 -0.001995 -0.506350
976 0 9.284000 0.067965 0.227241 0.211233 0.004998 0.318240
978 0 8.293660 0.096180 0.207153 0.134819 -0.012737 -0.939930
980 0 10.461200 0.067000 1.301310 0.239425 0.006207 0.299440
981 0 8.523710 0.037030 -0.504475 0.267091 -0.001970 -0.103170
982 0 7.990910 0.135775 -0.377054 0.251424 -0.026575 -0.895600
984 0 9.176720 0.029855 0.451295 0.224909 -0.001228 -0.140850
986 0 10.384500 0.050900 1.931620 0.167305 -0.007218 -0.606460
989 0 9.761270 0.035985 1.282820 0.132705 -0.002429 -0.469380
990 0 10.474500 0.029400 0.145588 0.280400 0.014314 0.617130
992 0 8.813150 0.052285 0.341741 0.162915 -0.006613 -0.778290
994 0 9.889890 0.026425 1.111180 0.162659 -0.002958 -0.659570
995 0 8.284480 0.028600 -0.649514 0.159557 0.000482 0.072052
996 1 9.974900 0.065400 -2.585850 4.181355 -0.284460 -0.507250
997 1 9.968270 0.048285 -5.093590 3.921985 -0.063128 -0.159980
999 0 8.944880 0.054390 -0.919706 0.475566 0.015603 0.578970
1000 0 9.104650 0.071825 -0.052946 0.259264 0.006876 0.350180
1001 0 9.426780 0.015470 0.028399 0.263496 0.001783 0.307200
1003 0 8.902450 0.063400 -0.625179 0.197267 0.000600 0.051248
1005 0 9.298350 0.025350 0.422028 0.192481 -0.001338 -0.174600
1006 0 9.930340 0.022270 1.223330 0.141550 -0.000965 -0.226030
1007 0 8.102440 0.054175 -0.568317 0.073492 -0.000478 -0.115300
1008 0 7.876890 0.061340 -0.673301 0.125153 -0.004868 -0.653960
1009 0 7.819910 0.055005 -1.728350 0.485655 0.014058 0.482440
1010 0 9.043600 0.025210 0.404241 0.117053 -0.001734 -0.544130
1012 0 9.583120 0.035720 0.763090 0.203382 -0.000777 -0.075783
1013 0 8.433110 0.042210 -0.697213 0.326726 0.001110 0.072812
1014 0 9.668180 0.020960 0.705588 0.191695 -0.000736 -0.158500
1016 1 10.142100 0.019550 -3.794710 2.238540 -0.130070 -0.446350
1019 0 8.068950 0.066085 0.122343 0.084177 -0.004881 -0.855730
1021 0 7.710240 0.065600 -2.647230 1.443795 -0.087029 -0.441500
1023 0 9.525640 0.073180 0.672834 0.225989 -0.000921 -0.054809
1024 0 9.565640 0.026335 0.542846 0.199775 -0.000082 -0.009681
1025 0 9.804790 0.031970 0.961654 0.185281 -0.000901 -0.121280
1026 0 9.512060 0.050375 1.102490 0.110088 -0.006851 -0.759020
1027 0 10.262000 0.045250 0.254202 0.547562 0.014091 0.545440
1029 0 9.449220 0.078965 0.619949 0.257507 -0.006664 -0.282860
1030 0 7.974590 0.094160 -0.370463 0.147502 -0.009910 -0.660500
1033 0 9.815320 0.057490 0.789419 0.286622 0.004418 0.232950
1034 0 8.457140 0.114595 0.080549 0.218579 -0.022128 -0.836460
1036 0 9.535610 0.017725 0.319711 0.226990 0.000839 0.102730
1037 0 9.705080 0.045775 1.552930 0.094975 -0.002992 -0.676150
1038 0 9.870640 0.053665 -0.256113 0.627108 0.025664 0.713500
1039 0 9.076750 0.033920 -0.395312 0.245275 0.004451 0.475260
1040 0 8.547210 0.096805 -0.021188 0.181047 -0.012970 -0.724490
1042 0 10.050000 0.019450 1.085280 0.177795 -0.002197 -0.596870
1043 0 8.450480 0.021905 -0.896661 0.282584 0.003662 0.483920
1045 0 10.431500 0.022350 1.604400 0.140635 -0.001538 -0.434610
1046 0 9.353910 0.031165 0.746543 0.128573 -0.001403 -0.252170
1048 0 9.235390 0.049010 0.502753 0.218962 -0.001038 -0.091977
1049 0 9.500320 0.033910 0.884848 0.173073 -0.001217 -0.154420
1050 0 8.968310 0.110815 -0.217911 0.214727 0.007335 0.289080
1052 0 9.886510 0.079025 1.209710 0.251177 -0.012401 -0.517940
1054 0 9.255020 0.026390 -0.180395 0.259758 0.004274 0.496760
1055 0 8.853920 0.066000 0.460543 0.166779 -0.008794 -0.826860
1056 0 7.532620 0.092215 -1.706200 0.439565 0.015776 0.338590
1057 0 9.394060 0.023805 0.495732 0.166837 -0.001132 -0.245790
1061 0 8.751680 0.046945 -0.402952 0.281445 0.000282 0.018267
1062 0 9.507070 0.187230 0.816597 0.252704 -0.033695 -0.855460
1063 0 9.270940 0.026010 0.672081 0.112962 -0.001646 -0.550100
1065 0 8.746360 0.029760 -0.129878 0.222025 -0.004136 -0.570010
1066 0 9.479900 0.058750 0.951517 0.105431 -0.003964 -0.620870
1067 0 9.858080 0.023145 0.922209 0.167826 -0.000726 -0.151830
1070 0 9.560610 0.040200 0.148793 0.275772 0.004088 0.314480
1071 0 10.012400 0.039025 1.425070 0.153870 -0.000900 -0.131490
1072 0 9.314560 0.021925 0.496368 0.136305 -0.000758 -0.168320
1073 0 9.595080 0.039260 1.026530 0.139883 -0.004336 -0.768780
1075 0 9.905540 0.031490 1.220310 0.176740 -0.002753 -0.376680
1077 0 10.222400 0.021650 1.423450 0.126070 -0.001833 -0.647280
1078 0 10.070300 0.040650 1.387610 0.195985 -0.002274 -0.229370
1079 0 9.773690 0.027425 1.063850 0.147508 -0.000490 -0.091165
1080 0 8.960300 0.092195 0.887561 0.130480 -0.010587 -0.897330
1081 0 9.508280 0.024035 0.744316 0.126716 -0.002322 -0.697090
1082 0 9.178910 0.025325 0.156006 0.227824 0.000061 0.005022
1083 0 9.672610 0.021800 0.867556 0.125566 -0.001588 -0.533970
1084 0 9.238360 0.048825 0.907680 0.125736 -0.003923 -0.571890
1085 0 9.762730 0.037965 1.055800 0.223634 -0.004183 -0.426420
1087 0 9.226630 0.024945 0.371860 0.185026 -0.003656 -0.724220
1091 0 9.284060 0.064450 0.882933 0.192899 -0.009785 -0.664420
1093 0 9.403310 0.081930 0.484277 0.229036 -0.000329 -0.016946
1094 0 8.808870 0.051580 0.816071 0.063448 -0.002021 -0.578740
1096 0 8.535280 0.071805 0.180320 0.110935 -0.006030 -0.702660
1100 0 10.761400 0.032200 1.970700 0.326100 -0.008648 -0.309160
1101 0 8.768690 0.035125 -0.145319 0.369965 -0.004559 -0.279190
1103 0 8.717470 0.092980 0.458181 0.159169 -0.012687 -0.774440
1104 0 9.201530 0.038745 0.353861 0.226768 -0.001707 -0.149550
1109 0 10.018500 0.053900 1.196450 0.191300 0.001158 0.103840
1110 0 8.261330 0.086390 0.552821 0.081485 -0.006792 -0.920660
1111 0 8.747160 0.059015 -0.912270 0.458154 0.015365 0.522260
1112 0 8.447030 0.045915 -1.202150 0.470506 0.010310 0.444050
1114 0 9.430310 0.050555 1.027310 0.116641 -0.003614 -0.478710
1115 1 9.326250 0.059605 -1.825390 1.202585 0.038541 0.646640
1116 0 10.106700 0.055250 0.522201 0.328268 0.011093 0.569760
1118 0 9.390600 0.027705 0.746654 0.129331 -0.002429 -0.594310
1119 0 9.085610 0.021595 0.164025 0.210353 -0.002332 -0.406170
1121 0 8.722340 0.060925 0.204766 0.103512 -0.002230 -0.343330
1124 1 10.660600 0.050700 -2.361380 2.114856 -0.118980 -0.366730
1126 0 9.154630 0.024905 0.329794 0.147530 -0.002395 -0.620960
1127 0 9.028670 0.062160 0.558603 0.143878 -0.005901 -0.548510
1128 0 9.874150 0.019735 0.718158 0.229613 -0.000489 -0.096539
1130 0 8.810880 0.043535 0.456674 0.098193 -0.003390 -0.793090
1131 0 9.368640 0.018210 0.322556 0.216557 -0.001932 -0.444360
1134 0 9.821720 0.028345 1.108410 0.124606 -0.002758 -0.750320
1136 0 10.287100 0.034900 1.413320 0.255145 -0.005695 -0.319670
1137 0 8.808090 0.075600 -0.516762 0.631725 -0.015031 -0.232730
1138 0 8.410600 0.052495 -2.032750 0.722600 0.017262 0.446390
1139 0 10.115800 0.030050 0.514660 0.387893 0.009001 0.514300
1142 0 8.443660 0.090190 0.119905 0.194558 -0.013057 -0.659460
1143 0 8.763530 0.042530 0.335812 0.103518 -0.003305 -0.711270
1145 0 9.554440 0.042500 0.710349 0.206151 -0.000247 -0.021201
1149 0 9.702130 0.022100 0.615458 0.278176 -0.001376 -0.211030
1150 0 8.108580 0.084470 -0.992833 0.481285 -0.004704 -0.093753
1153 0 9.826650 0.042960 1.389680 0.136305 -0.003135 -0.458060
1155 0 9.411820 0.027340 0.838211 0.090148 -0.002014 -0.800910
1156 0 9.867400 0.061535 -0.977527 0.921162 0.033416 0.630040
1157 0 9.425830 0.034260 0.729535 0.195056 -0.001530 -0.182450
1158 0 8.775530 0.027660 -0.040977 0.193567 -0.003946 -0.690790
1160 0 9.630400 0.063540 0.118786 0.523362 0.011667 0.323210
1161 0 9.204650 0.024160 0.047187 0.277454 0.004002 0.253300
1162 0 9.725520 0.017105 0.672044 0.202168 -0.001903 -0.511820
1163 1 10.069000 0.045650 -1.084890 1.248450 -0.005312 -0.046241
1166 0 9.633110 0.023495 0.764685 0.224837 -0.001154 -0.190680
1167 0 9.633110 0.023495 0.764685 0.224837 -0.001154 -0.190680
1168 0 8.994980 0.046160 -0.304311 0.338901 0.008113 0.398860
1169 0 9.261260 0.079525 0.030772 0.319526 0.012078 0.486060
1170 1 9.384640 0.019320 -4.154540 1.984690 0.000368 0.009328
1171 0 8.379360 0.063525 0.141129 0.119329 -0.005469 -0.680320
1172 0 9.000110 0.045920 -0.524796 0.396260 0.011212 0.510400
1173 0 8.606930 0.056520 -0.913607 0.439785 0.012800 0.507300
1174 0 9.002880 0.057435 0.484564 0.177613 -0.005505 -0.436320
1175 0 9.385830 0.049665 -0.736677 0.560829 0.018296 0.617510
1176 0 8.955410 0.024255 0.060833 0.220347 -0.002953 -0.421620
1177 0 9.667920 0.058505 1.374430 0.102565 -0.004984 -0.836560
1181 0 9.237480 0.063510 -1.116420 0.107745 0.004359 0.619030
1182 0 9.218220 0.022875 0.338819 0.194712 -0.002814 -0.539120
1184 0 9.019200 0.030990 0.282356 0.148566 -0.000932 -0.162380
1185 0 10.602000 0.043350 2.010080 0.150545 -0.006467 -0.481300
1188 0 8.827890 0.100800 0.689521 0.148906 -0.015349 -0.906810
1192 0 8.535060 0.058100 -0.792082 0.350542 0.005427 0.226600
1193 0 9.815870 0.019575 0.962091 0.145709 -0.001194 -0.384550
1194 0 9.220780 0.032360 0.384480 0.177596 -0.000986 -0.115790
1195 0 8.953480 0.102225 0.066271 0.157153 -0.003762 -0.254910
1196 0 9.753360 0.062255 0.417824 0.676292 -0.011389 -0.193700
1198 1 10.040200 0.037250 -2.264570 1.744303 -0.008681 -0.125970
1200 0 10.466200 0.021400 1.100500 0.319694 0.004507 0.415590
1201 0 8.849000 0.072960 0.092249 0.238896 -0.002983 -0.146760
1202 0 9.647180 0.069815 -0.017722 0.129720 -0.001517 -0.171420
1203 0 9.157910 0.024725 -0.107048 0.335067 0.004655 0.343800
1205 0 8.972600 0.072505 0.298936 0.211393 -0.006122 -0.309330
1207 0 8.757010 0.056165 0.541236 0.124587 -0.006141 -0.842160
1208 0 10.476600 0.081450 0.792051 0.486858 0.028121 0.724460
1210 0 9.932700 0.039045 0.898377 0.393320 0.005709 0.322250
1211 1 7.460590 0.074830 0.498156 0.060151 -0.003290 -0.725750
1212 0 9.230900 0.055250 0.009378 0.532193 0.006097 0.189640
1213 0 8.956820 0.085095 0.505005 0.166384 -0.011713 -0.765700
1214 0 8.960060 0.038595 0.481007 0.148183 -0.002866 -0.490590
1215 0 9.672680 0.059855 0.945269 0.374696 -0.008119 -0.282130
1216 0 9.736550 0.087395 0.960373 0.346343 -0.016807 -0.379730
1217 0 9.804660 0.025240 0.890411 0.181818 -0.000792 -0.110180
1220 0 9.374500 0.085615 0.351354 0.157969 -0.003721 -0.291610
1223 0 9.378800 0.040810 0.908492 0.106072 -0.002852 -0.524080
1224 0 9.516350 0.064445 0.520949 0.201960 0.001618 0.114410
1225 0 8.561310 0.084605 0.612822 0.098588 -0.007330 -0.848350
1226 0 8.445850 0.039170 0.273915 0.088750 -0.002938 -0.820640
1227 0 8.908570 0.140225 0.129173 0.186340 -0.014726 -0.615260
1228 0 8.650810 0.115425 0.499533 0.166073 -0.018536 -0.901630
1229 0 9.198690 0.139180 -0.192461 0.302786 0.019838 0.520080
1231 0 8.642050 0.075775 0.713313 0.099990 -0.006901 -0.914730
1232 0 8.518420 0.044370 -0.031889 0.128587 -0.003001 -0.441360
1233 0 10.128400 0.074250 0.907456 0.156934 -0.002733 -0.251430
1234 0 9.818500 0.049335 1.232360 0.143580 -0.006760 -0.499600
1235 0 8.865110 0.080195 -0.296005 0.238727 -0.007504 -0.402940
1236 0 7.956510 0.083720 0.472860 0.087384 -0.017858 -0.810650
1239 0 8.275110 0.162880 0.613630 0.155727 -0.024676 -0.955300
1240 0 9.427840 0.070625 -0.821919 0.784876 0.009468 0.103430
1241 0 9.076890 0.082065 0.949027 0.128805 -0.008566 -0.785400
1242 0 9.531690 0.037875 1.001480 0.136789 -0.003602 -0.658600
1243 0 8.757290 0.102450 0.429954 0.187841 -0.018068 -0.807800
1244 0 9.186370 0.104890 0.911908 0.180162 -0.017748 -0.903520
1245 0 9.159300 0.084315 0.001824 0.319629 0.012525 0.486900
1246 0 10.453500 0.053800 0.652958 0.502141 -0.020104 -0.268090
1247 0 9.703780 0.040950 1.164120 0.168965 -0.002579 -0.322150
1249 0 8.320320 0.094015 -0.126585 0.193000 -0.015052 -0.853090
1250 0 9.637710 0.118645 0.618809 0.150872 -0.005721 -0.342360
1251 0 8.871380 0.051625 -0.264796 0.253650 0.001830 0.120250
1252 0 10.303900 0.078050 1.680310 0.189050 -0.009306 -0.540700
1253 0 9.850420 0.021320 0.796445 0.285542 -0.002998 -0.425550
1254 0 9.206470 0.079055 0.687092 0.181660 -0.011454 -0.636040
1255 0 10.724300 0.072200 2.238650 0.109855 -0.007082 -0.916760
1257 0 8.385500 0.112420 -0.650739 0.247387 -0.001925 -0.063060
1258 0 9.590580 0.039455 1.152590 0.116285 -0.004152 -0.865880
1259 0 8.865750 0.093500 0.152333 0.158557 -0.005923 -0.389470
1260 0 10.070600 0.088685 0.600254 0.195866 0.008521 0.441530
1261 0 9.169540 0.088560 0.806674 0.149641 -0.010005 -0.668420
1262 0 8.642990 0.084990 0.409533 0.139635 -0.009074 -0.684850
1263 0 9.644630 0.039990 0.206886 0.630899 -0.004474 -0.150930
1264 0 9.730240 0.029590 0.947067 0.242636 -0.002588 -0.257090
1265 0 8.843540 0.030165 0.064442 0.181541 -0.004253 -0.730530
1271 0 9.709490 0.051950 0.272476 0.318396 0.001911 0.108120
1272 0 10.663600 0.078650 1.496990 0.399005 0.005313 0.155940
1274 1 9.892810 0.050130 -1.182210 1.331839 -0.014002 -0.159150
1275 0 10.395500 0.020600 0.898219 0.344840 0.006369 0.463400
1280 0 9.549230 0.058660 1.148820 0.120525 -0.003516 -0.444580
1281 0 9.500090 0.027680 0.843773 0.096088 -0.001948 -0.695190
1282 0 8.077460 0.074400 -0.236907 0.160955 -0.007426 -0.642900
1283 0 7.922650 0.162585 -0.282012 0.313458 -0.040968 -0.851510
1284 0 10.059900 0.035550 1.479800 0.166645 -0.002212 -0.300650
1286 0 9.198720 0.077160 0.677518 0.157039 -0.007892 -0.581660
1288 0 9.382840 0.078315 1.205190 0.115880 -0.005640 -0.599550
1289 0 9.178980 0.038180 0.731706 0.096414 -0.002749 -0.724170
1290 1 10.949200 0.044400 -0.414103 1.873625 -0.122040 -0.495640
1292 0 9.630810 0.034580 0.903399 0.119682 -0.003906 -0.371860
1293 0 9.155060 0.062680 0.283161 0.270156 -0.001854 -0.098233
1295 0 10.492100 0.077050 1.604880 0.346240 -0.009735 -0.289650
1299 0 9.654560 0.020845 0.834368 0.135329 -0.000794 -0.239820
1301 0 9.495690 0.027115 0.846763 0.122282 -0.002324 -0.626610
1304 0 7.989880 0.095535 0.295222 0.085675 -0.007297 -0.909170
1305 0 9.451740 0.026825 0.779796 0.133661 -0.001567 -0.378290
1306 0 10.287800 0.019800 1.270060 0.192825 0.000611 0.122060
1307 0 10.111300 0.062100 1.045490 0.229666 0.002707 0.177650
1308 0 9.320920 0.049640 -0.288824 0.431317 0.007808 0.322340
1311 0 10.081500 0.095740 0.827386 0.165717 -0.011480 -0.640820
1314 0 9.551530 0.057155 0.919644 0.186071 -0.005235 -0.383150
1316 0 9.801460 0.060140 0.607398 0.476568 -0.002968 -0.087904
1320 0 7.978700 0.145545 -0.031522 0.247662 -0.031250 -0.892940
1323 1 9.855420 0.027450 -3.449570 3.653133 -0.126790 -0.264550
1324 0 8.393220 0.079455 0.392926 0.089704 -0.005283 -0.764520
1325 0 8.460350 0.136800 -0.177334 0.306590 -0.034321 -0.762720
1327 0 9.523600 0.025240 0.744724 0.142380 -0.002697 -0.712420
1328 0 8.187600 0.111650 -0.559512 0.237377 -0.015755 -0.608080
1329 0 8.792020 0.091650 0.241709 0.156957 -0.009255 -0.604400
1332 0 9.881510 0.025470 1.129190 0.144826 -0.001365 -0.301950
1333 0 9.201950 0.069470 0.747003 0.120978 -0.005623 -0.641120
1336 1 10.561500 0.023950 -2.979230 2.515435 -0.097162 -0.341090
1337 0 9.625840 0.025895 0.474137 0.236361 0.003947 0.194920
1338 0 10.043400 0.044350 1.086280 0.208004 0.000296 0.026478
1339 0 9.369510 0.069475 0.862460 0.127843 -0.006290 -0.690170
1340 0 8.254440 0.091555 -1.444980 0.458566 0.025587 0.484730
1341 1 9.343930 0.062175 -12.829600 8.301825 -0.104540 -0.205110
1342 1 9.901290 0.038850 -1.700300 1.176779 0.008967 0.059031
1344 1 10.113400 0.026300 -3.529640 2.609845 -0.016382 -0.212540
1345 0 9.179710 0.032220 0.471617 0.133777 -0.003235 -0.736290
1346 0 9.900860 0.062540 1.067840 0.261950 -0.004609 -0.159850
1347 0 9.016240 0.038715 0.627401 0.099917 -0.002791 -0.561260
1348 0 10.324900 0.063800 1.140530 0.146395 -0.006611 -0.579670
1349 0 9.845970 0.063455 0.892394 0.229922 0.001010 0.058503
1350 0 9.101660 0.054220 0.741794 0.136048 -0.004887 -0.562640
1351 0 8.792980 0.038605 -0.169627 0.290074 0.000385 0.020879
1353 0 9.422500 0.027860 -0.223942 0.455943 0.006645 0.373660
1355 0 9.592120 0.044715 1.142380 0.160773 -0.004584 -0.505290
1356 0 9.353800 0.028790 0.747631 0.126982 -0.001698 -0.374360
1358 0 9.343150 0.021130 0.088991 0.322048 0.004059 0.335810
1359 0 9.505280 0.029320 0.746857 0.186871 -0.001726 -0.256830
1360 0 9.374340 0.022990 0.275613 0.291801 0.001562 0.131230
1361 0 9.492970 0.038855 0.944573 0.192856 -0.002908 -0.336940
1362 0 9.318110 0.091410 0.836679 0.164751 -0.013016 -0.849760
1363 0 10.784800 0.028500 0.932485 0.260595 -0.012764 -0.565030
1366 0 8.909800 0.057805 0.346570 0.136155 -0.003241 -0.337170
1368 0 9.180460 0.070615 0.037367 0.266517 0.006738 0.291460
1369 0 9.092660 0.078720 0.585432 0.194537 -0.011453 -0.593690
1370 0 9.630700 0.047265 0.736341 0.206533 -0.000150 -0.014012
1371 0 9.494720 0.073025 1.155310 0.148905 -0.008554 -0.701090
1373 0 9.418400 0.081925 0.719793 0.194570 -0.009019 -0.480140
1375 0 8.903640 0.089125 -0.211581 0.261572 0.006632 0.259740
1376 0 9.463780 0.028980 0.576769 0.287374 -0.001801 -0.169590
1379 0 9.942420 0.071670 1.623010 0.172665 -0.010262 -0.821130
1380 0 9.502680 0.050905 0.779838 0.230263 -0.004370 -0.304940
1381 0 9.465780 0.097105 0.891784 0.196880 -0.008834 -0.453560
1382 1 6.689900 0.140765 -0.312327 0.085736 -0.006669 -0.517120
1383 0 7.462890 0.101990 -1.984380 0.639300 0.010716 0.137570
1384 0 7.208760 0.183215 -1.055000 0.299860 -0.041216 -0.809630
1385 0 6.417980 0.129915 -0.940440 0.092773 -0.009286 -0.624160
1386 0 7.235420 0.103555 -1.171310 0.181554 -0.012043 -0.508780
1387 0 7.468250 0.119660 -1.564260 0.462225 -0.017815 -0.225790
1389 0 6.935830 0.268630 -0.647834 0.215101 -0.044202 -0.791650
1390 0 7.773110 0.293870 -0.157715 0.374525 -0.084589 -0.885960
1391 0 7.209270 0.167790 -1.485050 0.394870 -0.041146 -0.518450
1392 0 6.810370 0.116365 -1.055010 0.137042 -0.013368 -0.757900
1393 0 7.526280 0.112535 -0.945876 0.279714 -0.023228 -0.632140
1394 0 7.458730 0.129100 -1.041140 0.268209 -0.028503 -0.605920
1395 0 6.143960 0.151470 -1.418480 0.110925 -0.011881 -0.721600
