# id,x_refit,sx_refit,y_refit,sy_refit,covxy_refit,corrxy_refit
1 1.451590 0.068300 1.232165 0.145435 -0.008532 -0.923920
2 0.575239 0.091605 0.828905 0.229665 -0.013930 -0.686150
3 0.484449 0.090435 0.459585 0.353887 -0.028141 -0.950650
4 0.127540 0.084035 0.042332 0.286424 -0.015685 -0.664460
5 1.444889 0.058700 1.704015 0.241240 -0.008959 -0.665650
6 0.626289 0.124225 0.751115 0.163220 -0.016363 -0.825650
7 -0.032670 0.038260 0.422215 0.029145 -0.000204 -0.127650
8 -0.444671 0.126040 -0.823364 0.373751 -0.032737 -0.868890
9 1.680090 0.071600 1.449525 0.130620 -0.010864 -0.796680
10 -0.052501 0.083295 -0.285508 0.187125 -0.011943 -0.901640
12 0.060550 0.030015 0.344845 0.083960 -0.000852 -0.301120
13 0.246650 0.098135 -0.152477 0.216983 -0.015576 -0.702900
14 1.600789 0.060900 1.403475 0.098745 -0.008639 -0.826640
17 0.996989 0.067750 1.149315 0.233545 -0.009348 -0.605980
19 1.176390 0.077700 1.040465 0.231310 -0.013562 -0.940470
20 0.628599 0.045110 1.051355 0.031450 -0.000533 -0.232030
21 0.954889 0.076685 0.689855 0.214170 -0.011420 -0.703360
22 0.014420 0.023315 0.127234 0.097692 -0.001811 -0.560530
23 -0.732861 0.092265 -0.621305 0.243505 -0.014202 -0.691860
24 -0.117961 0.095190 -0.315484 0.184271 -0.013609 -0.750770
25 -0.040360 0.031335 0.160484 0.103378 -0.009752 -0.822830
26 -0.337151 0.087660 -0.241663 0.256964 -0.015176 -0.746570
28 0.195049 0.106675 0.214535 0.267655 -0.018489 -0.705280
29 0.319369 0.037105 0.355765 0.182878 -0.009477 -0.875290
30 0.002529 0.023035 0.087820 0.127329 -0.002948 -0.745070
32 0.322430 0.027645 0.702285 0.043965 -0.000397 -0.276960
33 -0.405190 0.059435 -0.575606 0.111619 -0.005213 -0.818250
35 -0.201691 0.064185 0.199451 0.059315 -0.002050 -0.426170
36 1.273990 0.043550 1.225735 0.201115 -0.007704 -0.814620
37 0.927389 0.015350 1.080975 0.064100 -0.000558 -0.468210
38 0.739559 0.069960 0.881875 0.194525 -0.009950 -0.679270
39 0.339660 0.022270 0.562935 0.093360 -0.001767 -0.551900
41 -1.025411 0.138690 -1.272188 0.264823 -0.026307 -0.712080
43 0.083779 0.100660 -0.223386 0.369512 -0.027038 -0.914170
44 -0.214830 0.041560 -0.208638 0.211030 -0.006519 -0.706770
45 -0.388301 0.083305 -0.569871 0.279955 -0.016007 -0.763310
46 -0.222051 0.088125 -0.292069 0.171625 -0.011286 -0.718170
50 0.781420 0.046730 0.728835 0.245125 -0.008537 -0.781490
51 0.336679 0.036545 -0.144873 0.170392 -0.004063 -0.699220
52 -0.085751 0.065780 -0.249567 0.192841 -0.010745 -0.917100
53 0.292410 0.093980 -0.073748 0.333398 -0.022774 -0.902840
55 -0.352350 0.067325 -0.747997 0.198131 -0.009331 -0.760690
56 -0.097760 0.033250 -0.079535 0.149779 -0.004074 -0.696180
57 1.697289 0.028250 1.693165 0.217435 -0.002617 -0.366270
58 0.089640 0.080775 0.260655 0.239552 -0.013264 -0.710080
59 -1.498401 0.139955 -1.197991 0.155240 -0.018152 -0.800630
62 -0.267071 0.031350 -0.379351 0.028247 -0.000552 -0.589320
64 -0.154970 0.039625 -0.122224 0.235574 -0.007171 -0.667020
66 -1.016460 0.124895 -1.109053 0.253411 -0.023429 -0.820070
67 0.888399 0.037505 0.836735 0.152940 -0.010182 -0.940500
68 0.619450 0.124715 0.312105 0.434498 -0.039409 -0.921580
69 0.545059 0.026585 0.268845 0.082207 -0.002353 -0.613100
70 0.882810 0.060555 0.886285 0.259110 -0.012726 -0.740470
71 0.217259 0.060225 0.411765 0.170958 -0.008050 -0.622340
72 -0.601920 0.021270 -0.323775 0.058821 -0.000547 -0.354040
73 0.905990 0.034800 1.022615 0.206625 -0.004258 -0.554720
74 0.701890 0.029715 0.764485 0.157250 -0.010001 -0.936460
75 0.014979 0.066830 -0.191484 0.272283 -0.012452 -0.710870
77 0.304110 0.032340 0.473375 0.183255 -0.007034 -0.728680
78 -1.525250 0.060850 -1.226872 0.128415 -0.004835 -0.668780
79 0.477989 0.036105 0.626135 0.168295 -0.002596 -0.362940
81 0.661699 0.072820 0.405765 0.244607 -0.011409 -0.686370
82 0.287860 0.075940 0.094086 0.244925 -0.014360 -0.917770
83 0.531280 0.054605 0.898935 0.078135 -0.006259 -0.626160
86 -0.125670 0.039845 0.375145 0.018215 0.000024 0.027661
87 0.286240 0.041635 0.082250 0.069563 -0.002168 -0.760130
90 -0.199491 0.057420 0.110818 0.096011 -0.003442 -0.436580
92 0.017710 0.023780 0.039647 0.123372 -0.004736 -0.867300
93 0.367280 0.019425 0.583795 0.079790 -0.001031 -0.476790
94 1.383189 0.044600 1.372755 0.229765 -0.009680 -0.888440
95 -0.502661 0.041620 -0.180468 0.112475 -0.003045 -0.418510
96 0.564890 0.020640 0.850645 0.065870 -0.000370 -0.236580
97 0.906489 0.020210 1.153105 0.084680 -0.000782 -0.398740
98 0.122499 0.062780 0.245082 0.138484 -0.004825 -0.509740
99 0.389859 0.020970 0.423545 0.117000 -0.003073 -0.520260
103 -1.153511 0.069695 -1.146110 0.153562 -0.008586 -0.768740
104 0.497700 0.040480 0.575115 0.200145 -0.004281 -0.485460
106 0.625979 0.056125 0.517015 0.214165 -0.005931 -0.506880
109 -0.638520 0.209625 -0.812776 0.476382 -0.065966 -0.911500
112 0.181660 0.055810 -0.265399 0.153432 -0.007723 -0.901260
115 -1.209970 0.121015 -1.333462 0.216693 -0.019250 -0.776020
116 -0.452971 0.073335 -0.621105 0.303331 -0.016355 -0.830170
117 1.239389 0.082200 0.862205 0.227600 -0.014802 -0.912920
118 0.974489 0.034200 0.404325 0.152238 -0.015165 -0.693790
120 0.686489 0.029735 0.785115 0.191715 -0.001967 -0.279670
121 0.971889 0.035950 1.109395 0.137495 -0.000997 -0.191350
122 0.504109 0.067765 0.822495 0.101540 -0.003651 -0.470820
123 0.330440 0.066160 0.222837 0.264410 -0.010958 -0.682410
124 0.367920 0.033675 0.337325 0.203117 -0.003752 -0.465730
125 0.809950 0.034210 0.964535 0.174590 -0.004212 -0.605250
126 0.044660 0.063135 0.087365 0.257991 -0.009701 -0.608820
127 -0.656640 0.051995 -0.136905 0.080842 -0.003655 -0.603310
128 0.292840 0.074310 0.295425 0.240915 -0.012548 -0.676620
131 0.114630 0.075505 -0.022257 0.233067 -0.010463 -0.609690
132 0.918090 0.069670 0.562625 0.191960 -0.009589 -0.580840
133 0.048249 0.037490 0.336865 0.110103 -0.002983 -0.514770
135 0.088070 0.064835 -0.060233 0.224704 -0.010676 -0.787530
137 0.090710 0.082085 -0.276944 0.214153 -0.012858 -0.767280
138 -0.296680 0.095400 -0.265755 0.155633 -0.011406 -0.745310
141 -0.154500 0.028245 0.243677 0.029793 -0.000241 -0.210440
142 0.404429 0.071020 0.146284 0.217548 -0.010416 -0.772160
143 0.111890 0.050445 0.224548 0.244886 -0.009123 -0.674460
144 -0.983360 0.152880 -1.070205 0.266694 -0.026049 -0.686800
145 -0.570050 0.061330 -0.121660 0.039619 -0.001379 -0.360260
147 -0.209391 0.035940 0.157025 0.045726 -0.000632 -0.333470
150 1.020289 0.034450 1.007695 0.136210 -0.004616 -0.799740
151 0.505110 0.036685 0.614075 0.228420 -0.006158 -0.621850
152 0.067450 0.072645 -0.172141 0.165731 -0.009959 -0.923630
153 0.377640 0.029140 0.584285 0.101710 -0.001793 -0.433500
155 -0.054481 0.052015 0.224713 0.232536 -0.006757 -0.579560
156 0.706550 0.056645 0.852835 0.216150 -0.014521 -0.751270
157 1.044189 0.016700 1.297215 0.045665 -0.004575 -0.862220
158 -0.742741 0.100045 -1.002185 0.374850 -0.027871 -0.937720
159 -0.455590 0.116910 -0.635278 0.387057 -0.036756 -0.961100
160 -0.723841 0.075950 -0.343688 0.168847 -0.006228 -0.558600
163 -0.224561 0.041505 -0.035851 0.120014 -0.008905 -0.800950
165 -0.139920 0.103030 -0.043149 0.261750 -0.012835 -0.501300
166 0.031039 0.073740 -0.066209 0.204123 -0.010664 -0.670150
167 -0.783311 0.096870 -0.953265 0.360934 -0.026009 -0.910360
170 0.185019 0.055145 0.134068 0.192067 -0.013255 -0.934530
171 -0.137900 0.034720 0.345375 0.016710 -0.000017 -0.027054
172 -0.089081 0.044740 -0.028458 0.266903 -0.008559 -0.695230
173 1.057489 0.036850 1.155495 0.185450 -0.003575 -0.462380
174 0.340529 0.016485 0.579145 0.060060 -0.000813 -0.531590
176 1.573290 0.043550 1.508585 0.135285 -0.004573 -0.802050
177 0.515300 0.021520 0.783675 0.070585 -0.000352 -0.209630
178 0.697390 0.060225 1.041605 0.083220 -0.007837 -0.681430
181 -0.884010 0.188290 -1.080839 0.428290 -0.043551 -0.627500
182 -0.211640 0.030990 0.075962 0.090464 -0.001653 -0.436860
183 0.614120 0.041140 0.200602 0.187375 -0.003644 -0.380290
184 0.402940 0.065900 0.218088 0.239393 -0.011415 -0.863430
186 0.047090 0.038980 0.529575 0.027820 0.000323 0.258380
187 0.713429 0.107625 0.682725 0.310250 -0.024801 -0.820570
188 -0.084741 0.069175 -0.095153 0.150336 -0.006543 -0.591870
189 0.133499 0.035490 0.147787 0.140684 -0.006853 -0.872100
190 0.459530 0.091470 0.142610 0.267239 -0.017979 -0.811720
191 0.067760 0.032560 0.375805 0.093980 -0.001623 -0.426030
192 0.395769 0.027180 0.593365 0.119250 -0.005160 -0.776000
195 -0.276060 0.029525 -0.130109 0.150470 -0.003902 -0.676630
196 0.987690 0.046800 0.952775 0.188415 -0.007256 -0.846030
197 0.117980 0.072105 0.028594 0.233450 -0.016418 -0.951430
198 -0.005240 0.034100 0.123548 0.207480 -0.011179 -0.837200
200 1.458389 0.036950 1.054605 0.180920 -0.004056 -0.694130
201 0.019879 0.077190 -0.163920 0.262966 -0.017109 -0.934870
203 -0.278041 0.074915 -0.413646 0.213497 -0.008825 -0.540430
204 -0.497411 0.033975 -0.237106 0.072067 -0.004709 -0.750060
205 1.430790 0.113450 0.889485 0.207840 -0.022693 -0.891170
207 0.517839 0.055475 0.370955 0.150728 -0.007150 -0.885730
209 0.269030 0.031985 0.439165 0.171075 -0.001829 -0.271010
210 0.676049 0.042620 0.723285 0.212160 -0.003687 -0.403910
212 0.322980 0.020360 0.603265 0.062520 -0.000291 -0.210130
213 0.834419 0.027010 0.907205 0.133330 -0.012182 -0.942900
215 0.333170 0.042150 0.313825 0.180349 -0.007654 -0.884570
216 0.195550 0.103220 -0.041673 0.377901 -0.030457 -0.924090
218 -0.486590 0.033510 -0.308255 0.108683 -0.011630 -0.873050
220 0.192380 0.062620 0.213231 0.250193 -0.009561 -0.640430
221 0.183129 0.068660 -0.018870 0.237413 -0.011182 -0.787010
222 0.973189 0.016050 1.240365 0.060490 -0.000269 -0.243380
223 -0.242021 0.055330 -0.318813 0.187634 -0.008576 -0.797670
225 0.304270 0.050415 0.783565 0.031550 -0.000585 -0.294040
226 -0.719840 0.092135 -0.909616 0.143029 -0.009901 -0.760500
227 -0.067181 0.038865 -0.098727 0.146762 -0.006576 -0.897690
228 -0.061280 0.106515 -0.192885 0.288467 -0.022237 -0.791620
229 0.207350 0.044070 0.645715 0.028300 -0.000595 -0.335110
231 0.797549 0.040210 0.901215 0.183590 -0.007891 -0.691500
233 0.048900 0.074720 0.274515 0.190709 -0.012079 -0.681580
235 0.145840 0.103415 -0.325336 0.278791 -0.023322 -0.961380
236 1.426590 0.019550 1.466775 0.111535 -0.002444 -0.729930
237 0.780339 0.016750 1.050815 0.051170 -0.000340 -0.348720
238 -0.485870 0.057645 -0.564697 0.257458 -0.009755 -0.685820
239 -0.085330 0.037650 -0.029533 0.188105 -0.008583 -0.861660
240 0.272490 0.086275 0.457515 0.222073 -0.012158 -0.706750
242 0.040339 0.052325 0.506255 0.031240 -0.000547 -0.254420
243 0.290359 0.078610 0.285125 0.232741 -0.013798 -0.739800
244 1.118290 0.051150 1.397005 0.135800 -0.003654 -0.490340
245 0.663139 0.055070 0.643315 0.279440 -0.010400 -0.704980
246 1.095889 0.061200 0.839745 0.149350 -0.008979 -0.565790
247 -0.343101 0.109960 -0.684882 0.249249 -0.017998 -0.659330
248 0.583179 0.019465 0.871505 0.063540 -0.000362 -0.270820
249 0.457979 0.135430 -0.089600 0.281357 -0.033195 -0.905310
250 1.011689 0.070500 0.856935 0.280720 -0.014779 -0.823900
251 -0.882610 0.097150 -1.286930 0.292574 -0.020324 -0.794760
253 0.020010 0.089645 -0.118569 0.337521 -0.022862 -0.861900
254 -0.509021 0.066915 -0.394833 0.247490 -0.011874 -0.696030
255 -0.198831 0.063325 -0.347628 0.191589 -0.007241 -0.599240
256 0.227320 0.069980 0.075351 0.291689 -0.013892 -0.779790
258 -0.403100 0.072980 -0.505331 0.311479 -0.016883 -0.792260
259 0.054449 0.064060 -0.036722 0.220209 -0.008453 -0.618290
260 -0.193320 0.026140 0.144572 0.050605 -0.000422 -0.271980
261 -0.538940 0.062025 -0.417700 0.253800 -0.009674 -0.666440
263 0.091479 0.065365 0.349255 0.159262 -0.008458 -0.607210
265 0.558359 0.083595 0.421935 0.324906 -0.021007 -0.866470
266 1.266290 0.023200 0.807805 0.221425 -0.001376 -0.186250
267 -0.418720 0.047440 0.019627 0.031235 -0.000838 -0.422200
268 -0.356131 0.105710 -0.754130 0.283132 -0.021822 -0.853320
269 0.382720 0.043665 0.329635 0.203586 -0.003098 -0.328710
270 -0.218571 0.069510 -0.291168 0.205786 -0.009709 -0.692040
271 -0.691211 0.046230 -0.356930 0.074961 -0.004345 -0.627830
272 1.149989 0.053000 1.189895 0.239495 -0.009842 -0.676040
273 -0.039070 0.055045 -0.223555 0.083636 -0.003955 -0.862620
274 0.576790 0.031090 0.995515 0.027700 -0.000499 -0.317110
275 -0.032821 0.078290 -0.249433 0.167466 -0.009803 -0.941140
276 0.826400 0.101210 0.615345 0.162470 -0.012178 -0.775220
277 0.253240 0.055230 -0.313258 0.144829 0.005316 0.838110
278 0.582560 0.035850 0.740745 0.183280 -0.004352 -0.532700
280 -0.447950 0.080420 -0.762114 0.287010 -0.016396 -0.864130
283 0.324030 0.074100 0.336235 0.256804 -0.013176 -0.652370
284 0.793320 0.017490 0.902045 0.071950 -0.000873 -0.567260
285 -0.085330 0.091730 -0.186355 0.357578 -0.026835 -0.943930
286 0.754789 0.017940 0.999285 0.066080 -0.000692 -0.449910
287 -0.181150 0.024115 0.046577 0.073483 -0.008007 -0.872630
291 -1.228770 0.028680 -1.126747 0.125602 -0.002557 -0.540540
293 1.085790 0.074050 0.857615 0.231085 -0.010552 -0.584110
294 0.684330 0.035290 0.718565 0.170530 -0.006983 -0.892870
295 -0.988621 0.130190 -0.895049 0.173084 -0.018354 -0.859260
297 1.194690 0.056500 1.173105 0.253800 -0.016559 -0.939710
298 -0.089810 0.026195 -0.057229 0.140638 -0.004075 -0.747360
300 0.011439 0.015965 0.131785 0.054609 -0.001087 -0.676180
301 0.645499 0.028715 0.835045 0.151750 -0.004868 -0.659010
302 0.912789 0.027445 1.040415 0.176610 -0.004044 -0.665140
304 0.670099 0.111275 0.430685 0.398059 -0.032890 -0.883410
305 -0.259541 0.082605 -0.307123 0.236967 -0.015076 -0.761050
306 0.979890 0.083600 0.700295 0.233135 -0.015423 -0.955820
307 -0.275580 0.043400 0.173037 0.023389 -0.000150 -0.107830
308 -0.686880 0.121885 -0.342354 0.146793 -0.019598 -0.909560
309 0.150880 0.080485 -0.100466 0.235398 -0.014216 -0.872970
311 -0.246221 0.086930 -0.494609 0.196993 -0.014271 -0.928100
312 -0.955001 0.081640 -0.787254 0.165174 -0.009248 -0.723560
314 -0.059410 0.089870 -0.358674 0.170859 -0.011768 -0.754700
315 -0.097660 0.066620 -0.158438 0.247050 -0.016705 -0.921520
316 0.187189 0.111055 -0.073132 0.312090 -0.025601 -0.846070
317 0.326810 0.034550 0.377845 0.190732 -0.005989 -0.720220
318 -0.383600 0.060685 -0.547232 0.178315 -0.006681 -0.621520
321 0.322940 0.022240 0.647755 0.049100 -0.000366 -0.288640
322 -0.164181 0.020995 -0.038740 0.065563 -0.002777 -0.803260
323 -0.211310 0.034690 0.214405 0.020027 -0.000355 -0.350080
324 0.619269 0.028935 0.874575 0.107945 -0.002877 -0.569330
326 -0.175920 0.062725 -0.371235 0.187012 -0.008241 -0.749560
329 0.594069 0.018960 0.893045 0.057435 -0.000279 -0.236190
330 0.820310 0.048270 0.495595 0.124570 -0.008975 -0.717330
331 0.692070 0.019980 0.973465 0.062240 -0.000507 -0.322700
333 0.896919 0.080385 0.752515 0.173740 -0.006624 -0.458090
334 1.172489 0.070900 1.023305 0.155075 -0.004499 -0.434450
335 0.876380 0.026020 0.981815 0.149270 -0.003997 -0.764540
342 0.255070 0.016775 0.380005 0.079595 -0.000983 -0.597980
343 -1.788900 0.095990 -1.279106 0.124753 -0.010923 -0.807120
344 -0.039921 0.075145 -0.244663 0.269556 -0.014999 -0.846000
345 -0.900701 0.066745 -0.546029 0.092478 -0.005495 -0.593430
352 -0.532030 0.065870 -0.563196 0.195383 -0.010057 -0.769430
355 0.246510 0.071975 0.413855 0.231770 -0.009460 -0.574980
356 -1.074560 0.066770 -0.776120 0.137644 -0.007023 -0.817480
357 -0.091030 0.111000 -0.370410 0.210120 -0.018527 -0.818170
358 0.123130 0.029940 0.529355 0.029600 -0.000796 -0.382520
363 0.537479 0.020690 0.753235 0.082595 -0.001025 -0.457110
364 -0.203990 0.059080 -0.307400 0.238542 -0.010059 -0.730450
365 0.650900 0.040015 0.796385 0.222345 -0.005189 -0.537980
366 -0.221710 0.026570 0.099788 0.047015 -0.000483 -0.361930
367 0.056660 0.054745 -0.088991 0.120667 -0.005515 -0.888050
368 0.591740 0.019245 0.819445 0.079385 -0.001876 -0.665840
369 0.635289 0.027160 0.993525 0.048195 -0.000417 -0.277350
370 0.260139 0.050090 0.420085 0.197662 -0.003968 -0.376720
371 -0.126210 0.060105 -0.219927 0.251629 -0.012301 -0.815850
372 0.604460 0.086380 0.169448 0.248934 -0.015079 -0.936960
373 0.524150 0.016980 0.733715 0.058200 -0.000569 -0.421200
374 0.570809 0.022745 0.841145 0.068055 -0.001012 -0.459280
375 -0.100680 0.043135 0.057930 0.177933 -0.008184 -0.731730
376 0.177310 0.027900 0.225984 0.130785 -0.022354 -0.968910
378 -0.359740 0.056290 -0.395631 0.214305 -0.014459 -0.931700
379 0.470130 0.064095 0.263905 0.126970 -0.007002 -0.883000
380 0.995190 0.025750 1.361485 0.029490 -0.000292 -0.332910
382 1.106990 0.092000 0.914425 0.137785 -0.006423 -0.480060
383 0.704889 0.016940 1.005445 0.054970 -0.000210 -0.211420
385 0.546010 0.050675 0.447625 0.179070 -0.007697 -0.843970
386 0.624209 0.065635 0.501755 0.203765 -0.013831 -0.949060
389 0.809170 0.023555 0.883115 0.149880 -0.003662 -0.643110
391 -0.002271 0.088215 -0.277950 0.305568 -0.021556 -0.942110
392 0.229819 0.043170 0.549625 0.086445 -0.001579 -0.317270
393 -0.664021 0.041750 -0.250150 0.027795 -0.000486 -0.313940
394 0.229159 0.059970 0.278285 0.241635 -0.010257 -0.700440
396 0.667740 0.051135 1.083585 0.037875 -0.000681 -0.298570
397 0.728680 0.029440 1.100935 0.035750 -0.000225 -0.176220
399 1.000290 0.026100 1.266645 0.100420 -0.002086 -0.372520
400 0.520209 0.016660 0.756665 0.053000 -0.000467 -0.433600
401 0.594990 0.074545 0.462775 0.275816 -0.015647 -0.869250
402 -0.243751 0.077940 -0.623570 0.174248 -0.008993 -0.703270
403 0.057960 0.054375 0.481805 0.043535 -0.000803 -0.274370
404 1.006189 0.064350 1.404175 0.073485 -0.004703 -0.478340
406 0.743199 0.051275 0.599555 0.142880 -0.006028 -0.853130
407 0.292800 0.049855 0.227231 0.182897 -0.013588 -0.941940
408 -0.221890 0.086370 -0.521125 0.257646 -0.017532 -0.959910
409 -0.509050 0.093285 -0.552470 0.357354 -0.024809 -0.833790
410 0.666570 0.080940 0.289665 0.249814 -0.014366 -0.790340
411 -0.071610 0.080835 -0.438849 0.215405 -0.012535 -0.766580
412 0.116199 0.019115 0.373255 0.068010 -0.000302 -0.211060
414 1.036489 0.023200 1.282605 0.086890 -0.000827 -0.336060
415 -0.245220 0.075675 -0.124074 0.237300 -0.013091 -0.627360
416 0.858680 0.026335 0.357325 0.178461 -0.002203 -0.288690
417 -0.597791 0.044675 -0.272785 0.056351 -0.011216 -0.825110
418 0.258289 0.024010 0.521485 0.073005 -0.000479 -0.242320
419 -0.265890 0.037830 0.063325 0.074975 -0.001258 -0.372900
420 -1.340820 0.061745 -1.472917 0.129871 -0.006046 -0.719260
421 -0.989290 0.091565 -1.192197 0.218029 -0.014469 -0.678880
424 -0.623851 0.022305 -0.535260 0.105711 -0.001209 -0.438900
425 -0.029160 0.073190 -0.085980 0.271161 -0.025592 -0.961540
426 -0.046061 0.024905 0.016696 0.134305 -0.008610 -0.928770
427 -0.520020 0.074175 -0.722240 0.144864 -0.007878 -0.730900
428 -1.143100 0.088985 -1.448336 0.255473 -0.015894 -0.794770
429 -0.573630 0.072480 -0.148657 0.083772 -0.005286 -0.808320
432 0.030060 0.053235 -0.516177 0.176550 0.005233 0.696750
433 -0.166961 0.052530 -0.220180 0.232377 -0.009713 -0.727390
434 -1.830730 0.082045 -1.884925 0.351530 -0.019583 -0.792160
435 0.169600 0.025700 0.405625 0.100035 -0.002009 -0.533560
436 0.811999 0.061145 1.329525 0.073185 -0.004777 -0.856440
437 -1.578371 0.076855 -1.836175 0.119492 -0.005701 -0.486000
438 0.691580 0.062200 0.421875 0.168660 -0.008094 -0.873240
439 0.508770 0.021595 0.789505 0.068595 -0.000390 -0.237140
442 0.779889 0.029090 0.962515 0.094640 -0.001648 -0.442680
443 0.055599 0.023415 0.202099 0.095786 -0.006918 -0.890120
444 0.542529 0.070055 0.362895 0.250832 -0.012629 -0.699070
448 -0.708020 0.107410 -1.133321 0.335053 -0.025826 -0.856240
449 -0.691151 0.031970 -0.565154 0.135030 -0.004580 -0.663390
452 -0.217280 0.087705 -0.583224 0.282692 -0.018728 -0.846530
453 -0.329910 0.119835 -0.576305 0.421845 -0.038221 -0.944990
455 0.047400 0.073720 -0.081861 0.306765 -0.018663 -0.933310
456 -0.276401 0.034360 0.072974 0.050031 -0.000788 -0.423920
458 -0.554440 0.042050 -0.173503 0.049865 -0.000735 -0.307790
459 -0.956731 0.089290 -1.294898 0.256770 -0.018437 -0.930140
461 -0.960960 0.114020 -1.364750 0.410839 -0.032891 -0.910470
467 0.619300 0.019995 0.940795 0.037550 -0.000243 -0.294100
468 -0.695230 0.106205 -1.217568 0.255127 -0.023916 -0.859990
469 -1.211761 0.101765 -1.619915 0.342186 -0.025115 -0.888910
470 -0.175281 0.021130 0.039981 0.073068 -0.001809 -0.661500
471 -0.692660 0.125155 -0.599412 0.163095 -0.017919 -0.847300
472 1.486489 0.054250 1.358055 0.272150 -0.008698 -0.543610
475 0.178720 0.055730 0.685515 0.038165 -0.001204 -0.448690
476 0.181729 0.057460 0.684895 0.040300 -0.001656 -0.495980
477 0.520749 0.032755 0.251019 0.086603 -0.006640 -0.690590
479 0.077310 0.084190 -0.045570 0.159719 -0.009203 -0.667070
480 -0.302951 0.090495 -0.557509 0.193055 -0.012002 -0.726220
481 -1.195560 0.056045 -1.287358 0.164595 -0.008764 -0.812890
482 -0.964440 0.134910 -0.971893 0.464472 -0.045252 -0.942470
483 -1.472711 0.077555 -1.522548 0.252687 -0.009947 -0.454260
484 0.446859 0.038515 0.486585 0.188705 -0.010158 -0.907560
485 -0.245120 0.028670 0.018755 0.086634 -0.002704 -0.621670
486 -0.553241 0.085840 -0.887802 0.261553 -0.017156 -0.930450
487 -1.055301 0.070960 -1.260790 0.162225 -0.008710 -0.880970
488 -1.727880 0.075885 -1.906905 0.220804 -0.009750 -0.539060
489 0.126849 0.055795 -0.285556 0.140623 -0.006753 -0.901560
490 -0.837521 0.061355 -0.978487 0.203789 -0.010161 -0.906490
491 -0.865781 0.074480 -1.155406 0.232581 -0.013616 -0.904150
492 -0.623381 0.036440 -0.610783 0.175194 -0.005767 -0.790890
493 -1.526590 0.072065 -1.675265 0.253563 -0.014528 -0.874090
494 -0.877770 0.077280 -1.114038 0.275838 -0.014858 -0.849350
495 0.624849 0.051655 0.963775 0.099940 -0.002878 -0.497640
497 -0.668011 0.024165 -0.300671 0.036423 -0.000179 -0.174310
498 -0.030670 0.034575 0.026020 0.200566 -0.007449 -0.825490
501 0.484130 0.064555 0.470255 0.246118 -0.023735 -0.962160
504 -0.940950 0.079825 -0.902138 0.193311 -0.007140 -0.343420
505 -1.511550 0.161880 -1.436335 0.232862 -0.020965 -0.553010
506 -1.076521 0.077550 -0.999468 0.193601 -0.002419 -0.159370
507 -2.176940 0.069710 -1.897705 0.208172 -0.002519 -0.175710
508 -0.514421 0.054645 -0.618416 0.156413 -0.007616 -0.867640
509 -1.752110 0.101545 -2.028935 0.338009 -0.023704 -0.815210
510 -0.857011 0.033360 -0.784947 0.161446 -0.005035 -0.667190
511 -2.040771 0.113100 -2.159455 0.243835 -0.013041 -0.503510
512 -0.177300 0.061575 -0.200506 0.249986 -0.011868 -0.771370
513 -1.489100 0.047990 -1.517698 0.209952 -0.008472 -0.810550
514 0.295309 0.026425 0.417815 0.124890 -0.006084 -0.876670
515 0.069579 0.095020 -0.134334 0.247466 -0.016938 -0.742080
517 -1.076381 0.095900 -1.380976 0.374366 -0.026142 -0.907280
519 -1.482420 0.075515 -1.469805 0.313585 -0.016244 -0.738320
520 -1.338400 0.157930 -1.664970 0.301695 -0.036921 -0.832970
521 -1.239161 0.062055 -1.393777 0.073870 -0.002947 -0.545640
522 -0.195661 0.041070 0.248002 0.050341 -0.000978 -0.362970
523 -0.903340 0.092625 -1.270136 0.298729 -0.021216 -0.927900
524 0.323910 0.027915 0.510485 0.134955 -0.002729 -0.401720
525 0.323899 0.027265 0.518385 0.119230 -0.001254 -0.281160
526 -0.721480 0.019765 -0.507515 0.076498 -0.000944 -0.426100
528 -0.153780 0.038495 0.305765 0.023475 -0.000046 -0.033195
529 0.012640 0.041490 -0.061731 0.152434 -0.005857 -0.878270
530 -0.132111 0.066410 -0.140524 0.234938 -0.011259 -0.676390
531 -1.671051 0.102355 -1.939225 0.252943 -0.015962 -0.609330
532 -1.849690 0.227035 -2.097115 0.396064 -0.048927 -0.640460
533 -0.939840 0.078810 -1.152620 0.206848 -0.009767 -0.655480
535 0.614619 0.035780 0.909485 0.095735 -0.001466 -0.384780
536 0.669629 0.074330 0.653485 0.275820 -0.013751 -0.699020
537 -0.814011 0.096415 -1.249128 0.296922 -0.022635 -0.905670
538 -0.086531 0.050785 0.383915 0.024565 -0.000427 -0.207660
539 0.258790 0.029310 0.626965 0.037655 -0.000361 -0.285320
540 0.253940 0.029400 0.623455 0.041150 -0.000345 -0.253610
541 0.176270 0.028475 -0.382855 0.123913 -0.004205 -0.788760
542 -0.355961 0.118630 -0.448744 0.171287 -0.018092 -0.865560
543 -0.079321 0.092615 -0.424309 0.199348 -0.013448 -0.673880
544 -1.189381 0.095715 -1.520157 0.306473 -0.023935 -0.897770
545 0.398640 0.097190 0.072152 0.162856 -0.012318 -0.751090
546 -0.615050 0.028255 -0.226242 0.041166 -0.000438 -0.276970
547 0.605390 0.073920 0.250604 0.197869 -0.011194 -0.851730
548 0.258120 0.043485 0.284125 0.203388 -0.009079 -0.823350
549 0.158700 0.090405 -0.100266 0.320285 -0.021420 -0.916850
550 -1.620050 0.075455 -1.794975 0.265635 -0.013064 -0.747440
552 -0.558870 0.025120 -0.279634 0.056953 -0.000677 -0.357260
553 -0.949740 0.073645 -1.118312 0.222540 -0.012220 -0.810750
554 -0.610551 0.020795 -0.459154 0.086869 -0.001155 -0.492890
555 -1.125811 0.061780 -1.282307 0.128295 -0.006101 -0.700930
556 -1.478490 0.116035 -2.010275 0.323009 -0.026619 -0.843380
557 -1.353910 0.084700 -1.532169 0.247032 -0.019379 -0.893440
558 -1.779561 0.083790 -1.990645 0.268337 -0.012509 -0.588160
559 -1.149570 0.078675 -1.293165 0.250787 -0.014475 -0.809040
560 -0.737201 0.085540 -1.079417 0.198382 -0.012115 -0.725220
561 0.548280 0.019350 0.852125 0.045890 -0.000227 -0.240030
563 -0.393371 0.028370 -0.048080 0.059200 -0.000638 -0.334850
565 -1.899721 0.228520 -1.488073 0.171753 -0.032780 -0.851670
566 0.077169 0.074425 -0.314142 0.214263 -0.011877 -0.731170
567 0.078699 0.077865 -0.268590 0.240367 -0.013303 -0.752080
568 0.376030 0.074190 0.381295 0.197039 -0.010581 -0.689750
571 0.600329 0.029675 0.741695 0.201200 -0.009450 -0.789770
572 -0.642570 0.088110 -0.915041 0.325494 -0.021214 -0.860440
574 -0.013921 0.084200 -0.116284 0.226646 -0.014665 -0.765050
576 -0.388170 0.021340 -0.227815 0.089008 -0.004045 -0.835600
577 -1.641651 0.148675 -1.935015 0.299283 -0.033578 -0.766590
578 -1.518421 0.112715 -1.997175 0.312467 -0.025529 -0.815140
579 -1.623520 0.048460 -1.669611 0.167978 -0.006405 -0.759210
580 -0.355571 0.100075 -0.625246 0.257660 -0.018474 -0.788600
581 -0.377570 0.094850 -0.558258 0.229549 -0.015183 -0.727180
583 -1.097501 0.125785 -1.396656 0.428879 -0.041166 -0.946280
585 -1.588241 0.074160 -1.695693 0.285187 -0.010395 -0.500420
588 -1.177391 0.052965 -1.164303 0.214720 -0.009897 -0.695020
590 -1.741470 0.096675 -1.594901 0.130733 -0.010948 -0.822110
591 -1.850511 0.088125 -1.654189 0.125820 -0.009804 -0.803500
592 -0.019341 0.095995 -0.162291 0.263061 -0.019079 -0.780170
593 -0.191091 0.068955 -0.435359 0.260633 -0.012757 -0.876820
595 -0.037411 0.063770 -0.185665 0.173151 -0.008568 -0.924040
596 1.131989 0.126400 1.070235 0.144210 -0.013925 -0.800090
597 0.608789 0.037210 0.586415 0.146940 -0.007322 -0.913710
598 0.238159 0.017480 0.478645 0.050765 -0.000768 -0.562690
599 -0.375911 0.029870 -0.353141 0.141520 -0.003627 -0.751840
600 0.000000 0.208895 0.206529 0.240127 -0.040194 -0.950910
601 -0.227930 0.070330 -0.396290 0.265711 -0.016553 -0.862090
602 -0.509601 0.082040 -0.811560 0.242894 -0.015643 -0.837390
603 -1.487660 0.090180 -1.899775 0.267419 -0.016764 -0.742150
605 -0.590940 0.056990 -0.696994 0.234205 -0.008238 -0.651640
606 -0.594761 0.054645 -0.673148 0.237289 -0.007708 -0.611510
607 -0.501011 0.156170 -1.095397 0.451601 -0.047324 -0.962140
608 -1.393661 0.154160 -1.226722 0.204490 -0.020582 -0.671720
609 -1.233901 0.070540 -1.527551 0.160488 -0.008589 -0.788400
610 -1.495440 0.107195 -1.704549 0.286528 -0.023183 -0.580550
611 -1.422700 0.194155 -1.149784 0.190767 -0.025370 -0.747800
613 -1.433071 0.074610 -1.604339 0.135247 -0.005929 -0.517740
614 -0.607270 0.028365 -0.440694 0.157832 -0.004354 -0.602920
615 -1.670101 0.088445 -1.720995 0.354764 -0.020888 -0.746060
616 0.463639 0.090845 0.396635 0.245603 -0.014498 -0.677350
621 -0.797291 0.075310 -1.228717 0.257679 -0.013325 -0.817670
622 -1.576840 0.101875 -1.891265 0.365532 -0.028351 -0.871150
624 -1.398370 0.101495 -1.682289 0.340820 -0.026742 -0.888000
626 0.458830 0.044800 0.784085 0.071480 -0.001511 -0.399140
627 -1.939741 0.138550 -2.146685 0.226990 -0.022047 -0.566510
628 0.426769 0.017545 0.698975 0.068420 -0.000338 -0.234050
629 0.426629 0.018810 0.695125 0.071390 -0.000619 -0.370890
630 -1.679551 0.038635 -1.951735 0.051785 -0.000932 -0.415180
632 -1.145491 0.111010 -1.631308 0.343962 -0.027635 -0.882210
634 0.342669 0.053560 0.686005 0.111805 -0.002681 -0.421240
635 -1.482020 0.152050 -1.365465 0.206525 -0.016140 -0.558050
636 -0.371820 0.078050 -0.719813 0.208503 -0.012744 -0.916950
637 -0.364611 0.080405 -0.514816 0.190877 -0.010901 -0.701800
638 -0.817210 0.097365 -0.943184 0.172407 -0.010317 -0.584700
642 -0.444540 0.024870 -0.419310 0.133815 -0.003117 -0.756970
643 -0.491560 0.072835 -0.706286 0.231403 -0.012916 -0.908400
644 -0.933121 0.051105 -0.948740 0.183314 -0.007563 -0.661710
646 -1.424170 0.067780 -1.156907 0.179785 -0.008715 -0.657740
647 -1.043020 0.063725 -1.165335 0.251279 -0.010689 -0.679410
648 0.241659 0.018115 -0.206554 0.079659 0.000259 0.125590
649 0.355200 0.028105 0.488565 0.156795 -0.006875 -0.820190
650 -0.166261 0.022550 -0.020942 0.093923 -0.002431 -0.752500
651 -0.632131 0.032210 -0.550073 0.187417 -0.000595 -0.076359
652 -0.171460 0.016515 0.005658 0.063437 -0.000516 -0.385090
655 -1.850350 0.136570 -2.149005 0.275440 -0.027693 -0.727620
657 -1.327361 0.056120 -1.468415 0.099284 -0.004499 -0.816380
658 -0.679291 0.079650 -0.922307 0.240234 -0.015291 -0.926110
659 -0.473640 0.043190 -0.115659 0.062390 -0.001759 -0.476530
660 0.306740 0.063015 0.097628 0.125765 -0.006646 -0.920830
661 1.013989 0.035200 0.998205 0.141270 -0.004429 -0.805660
663 -0.182541 0.056070 -0.396807 0.139060 -0.006432 -0.894990
665 -0.388141 0.063605 -0.805770 0.150700 -0.007406 -0.775000
666 -0.312361 0.012575 -0.152704 0.034419 -0.000063 -0.125220
667 0.605209 0.039010 1.012785 0.027525 -0.000392 -0.312140
668 0.025510 0.095125 -0.361059 0.297250 -0.022596 -0.969880
669 1.513289 0.036150 1.227755 0.148225 -0.008730 -0.544480
671 0.296559 0.057160 0.334205 0.320917 -0.014245 -0.795850
674 -0.361940 0.043020 0.106647 0.036387 -0.000583 -0.259080
675 -0.238151 0.044225 0.049471 0.125317 -0.003533 -0.526600
678 1.432590 0.059700 1.241325 0.254485 -0.010395 -0.813280
679 0.096519 0.080670 -0.238091 0.208265 -0.012844 -0.957530
680 0.092779 0.080365 -0.231247 0.207097 -0.012373 -0.948050
681 -0.784801 0.093320 -0.997414 0.356755 -0.024376 -0.847120
683 0.510119 0.025455 0.631475 0.151430 -0.003438 -0.642960
684 -1.493731 0.112745 -1.930255 0.391132 -0.030113 -0.866740
687 -1.706080 0.098985 -1.998025 0.229070 -0.015585 -0.729040
688 -0.144951 0.104115 -0.175936 0.411547 -0.032885 -0.922320
689 -0.463910 0.033830 0.028465 0.019860 0.000188 0.258120
690 -0.152301 0.034345 0.099438 0.109101 -0.003703 -0.580250
691 -1.855690 0.075005 -2.071345 0.184205 -0.011764 -0.796900
694 0.645260 0.036295 1.105025 0.016575 -0.001970 -0.513150
695 -1.661611 0.024875 -1.488069 0.067345 -0.001688 -0.635170
699 -1.026131 0.065150 -1.214133 0.248862 -0.012214 -0.878980
701 -0.020790 0.080435 -0.246880 0.296996 -0.016777 -0.788820
702 -0.056061 0.084780 0.000000 0.248179 -0.016821 -0.782820
703 0.330009 0.017590 0.592105 0.074175 -0.000736 -0.434240
704 0.314879 0.017560 0.577075 0.069745 -0.001301 -0.585610
705 1.243389 0.043050 1.509975 0.172830 -0.001988 -0.281310
707 -1.784060 0.124795 -2.017745 0.382715 -0.027783 -0.655540
710 -0.772571 0.078405 -0.988600 0.234106 -0.016656 -0.678600
713 -2.004011 0.098620 -2.011155 0.239915 -0.008168 -0.344420
714 -1.084041 0.079435 -1.200962 0.215539 -0.010299 -0.572410
715 -0.811180 0.031725 -0.693384 0.183739 -0.005549 -0.741040
716 -0.140281 0.058165 -0.193122 0.244352 -0.008265 -0.565630
719 -1.520650 0.059015 -1.565159 0.122367 -0.005033 -0.646630
720 -1.126710 0.028065 -1.092761 0.141802 -0.003477 -0.720600
724 0.155519 0.033035 0.336995 0.128813 -0.004349 -0.596630
725 0.150929 0.030485 0.358845 0.103395 -0.001758 -0.421880
726 -1.350861 0.068755 -1.559284 0.203741 -0.011221 -0.861200
727 -0.296551 0.073990 -0.509983 0.192630 -0.008783 -0.651520
728 -0.436670 0.156605 -0.933082 0.277921 -0.034896 -0.885470
731 -1.671950 0.093410 -2.101275 0.275085 -0.018255 -0.744390
733 -0.442471 0.022720 -0.354579 0.122608 -0.003201 -0.732840
735 -1.571311 0.078415 -1.746412 0.247365 -0.010693 -0.590380
736 -1.799510 0.089050 -2.012205 0.296243 -0.017772 -0.740730
740 -1.772440 0.064910 -1.917745 0.226107 -0.011229 -0.800370
741 -0.995010 0.083265 -1.236111 0.268647 -0.014674 -0.723470
742 -0.122130 0.030025 -0.439946 0.110162 -0.002357 -0.621990
743 -0.586030 0.025870 -0.482959 0.134596 -0.003283 -0.663390
744 -1.642030 0.091205 -1.917325 0.188791 -0.012276 -0.787260
745 0.475880 0.084090 0.133921 0.224367 -0.014618 -0.945790
746 1.315289 0.033300 0.762035 0.121550 0.000339 0.077220
748 0.853720 0.024395 1.021335 0.127660 -0.001212 -0.307740
750 -1.070351 0.065630 -1.271769 0.225157 -0.011537 -0.927570
751 0.454820 0.027755 0.603845 0.118020 -0.000305 -0.082397
752 0.453150 0.028585 0.592835 0.136470 -0.000594 -0.131130
753 0.810200 0.050440 1.077945 0.179890 -0.006433 -0.593610
755 0.504550 0.052595 0.435825 0.189494 -0.014607 -0.946120
763 -0.941441 0.028385 -1.392829 0.048032 -0.000365 -0.225830
765 0.291209 0.027680 0.582495 0.086140 -0.001373 -0.443110
766 -1.426820 0.131700 -1.560022 0.272157 -0.023150 -0.638420
767 -0.076950 0.027890 0.242215 0.058182 -0.002879 -0.674340
768 -0.100511 0.023125 0.228012 0.049529 -0.000394 -0.311610
770 -1.495690 0.033795 -1.461956 0.154541 -0.006209 -0.831250
771 -0.754161 0.029970 -0.726454 0.106945 -0.002069 -0.537940
773 -0.727060 0.112855 -0.915521 0.316772 -0.023620 -0.798070
775 -0.048120 0.072875 -0.032068 0.250237 -0.012006 -0.684240
776 -0.132641 0.053910 0.225276 0.063059 -0.001972 -0.379760
777 -0.152440 0.050345 0.210041 0.063451 -0.001130 -0.296940
778 0.731030 0.076340 0.433855 0.154175 -0.009035 -0.901620
781 -0.773280 0.025215 -0.592592 0.122312 -0.001670 -0.312980
783 0.781520 0.019170 0.997375 0.078920 -0.000317 -0.175100
785 -0.393881 0.022275 -0.178629 0.071694 -0.001938 -0.618950
787 -1.516800 0.098380 -1.845755 0.269323 -0.019290 -0.779660
788 -0.295011 0.088555 -0.551099 0.279064 -0.017807 -0.848190
789 -1.851561 0.117260 -1.868715 0.224151 -0.015762 -0.631740
791 -0.211941 0.071760 -0.368549 0.209387 -0.012486 -0.937630
796 -0.871120 0.099350 -1.034546 0.390173 -0.028951 -0.952030
797 -0.498680 0.035025 -0.160127 0.078956 -0.001042 -0.294840
798 -0.084790 0.019790 0.161124 0.063371 -0.000864 -0.483040
799 -1.262681 0.077365 -1.092753 0.243274 -0.012044 -0.710480
800 -1.374031 0.066630 -1.567687 0.165047 -0.008263 -0.758570
801 0.015619 0.027660 0.034323 0.135942 -0.005585 -0.884740
802 -1.210900 0.077625 -1.430424 0.269593 -0.013605 -0.722010
803 -0.793970 0.039200 -0.856417 0.120197 -0.004146 -0.736860
804 -0.879460 0.034120 -0.798405 0.206786 -0.005456 -0.639950
805 -0.352870 0.042610 -0.635830 0.109607 -0.003599 -0.827210
807 -0.731140 0.046450 -0.726304 0.179145 -0.006899 -0.687250
808 1.052890 0.019250 1.256225 0.090245 -0.003345 -0.738010
809 -1.494161 0.038195 -1.090204 0.026788 -0.000412 -0.296670
810 -0.194201 0.060665 -0.463563 0.213229 -0.008851 -0.761050
813 -1.097651 0.056330 -1.176176 0.203923 -0.010621 -0.871640
814 -1.460270 0.077455 -1.682161 0.286822 -0.014969 -0.803270
815 0.439569 0.067815 0.237318 0.161701 -0.015036 -0.792380
816 1.346889 0.019100 1.030865 0.068590 -0.001394 -0.612490
818 -1.037460 0.087705 -1.350820 0.278281 -0.019003 -0.884400
819 -0.636101 0.015670 -0.372255 0.050367 -0.000325 -0.350890
820 0.396830 0.039700 0.782425 0.038670 -0.000504 -0.279730
821 0.651010 0.026025 1.056165 0.019705 -0.000119 -0.172520
822 0.292950 0.075800 -0.021580 0.184128 -0.010855 -0.723780
823 -0.779020 0.046730 -0.493510 0.149665 -0.004771 -0.543510
824 -0.464200 0.068905 -0.772720 0.174913 -0.008320 -0.749420
826 0.774949 0.081970 0.435735 0.210936 -0.013529 -0.956190
827 -0.177860 0.095490 -0.217210 0.275468 -0.021313 -0.802820
829 -1.860991 0.118410 -1.905095 0.199868 -0.016188 -0.671370
831 -0.516061 0.023205 -0.445439 0.158189 -0.001903 -0.355380
832 0.793360 0.038110 1.173345 0.032205 -0.000534 -0.415860
835 -0.489201 0.068985 -0.710345 0.206498 -0.011114 -0.906350
836 -0.246020 0.079045 -0.345822 0.314376 -0.019116 -0.888350
838 -1.314510 0.142715 -1.792735 0.466591 -0.047945 -0.962000
840 -2.257081 0.137150 -2.063625 0.187225 -0.017075 -0.680280
842 -1.007320 0.061535 -1.221524 0.116105 -0.005426 -0.790760
844 -1.243041 0.049995 -1.318684 0.139288 -0.005817 -0.757630
845 -1.088631 0.033205 -1.629271 0.091709 0.000018 0.004399
846 0.041409 0.017975 0.235946 0.091023 -0.001800 -0.632500
848 -1.022921 0.033245 -0.975824 0.179751 -0.005528 -0.692780
849 1.342389 0.044950 0.844035 0.131360 -0.005395 -0.874740
850 1.070990 0.037550 0.987295 0.123590 -0.003816 -0.856530
852 0.040609 0.114685 0.018523 0.168885 -0.016058 -0.840750
853 -1.187991 0.075445 -1.415448 0.260970 -0.012605 -0.707090
854 -0.699480 0.054265 -0.858661 0.112230 -0.004858 -0.742020
855 -0.698771 0.052575 -0.869200 0.106841 -0.004820 -0.767540
856 -0.634741 0.134550 -1.098381 0.326300 -0.034393 -0.888990
858 -0.028931 0.023760 0.244741 0.056589 -0.000651 -0.386540
859 -1.269240 0.096155 -1.626973 0.325831 -0.022294 -0.789680
860 1.134390 0.047500 1.010035 0.094830 -0.004354 -0.859920
861 -0.478491 0.053425 -0.570142 0.242853 -0.008487 -0.686090
862 0.062429 0.035325 0.514775 0.026965 -0.000227 -0.135850
863 0.068439 0.036120 0.524655 0.026745 -0.000090 -0.072402
864 -1.554090 0.039105 -1.055466 0.027700 -0.000712 -0.411200
865 -1.405981 0.050005 -0.925911 0.056341 -0.003124 -0.587300
868 0.847429 0.069135 0.530755 0.221680 -0.011206 -0.730610
869 0.472819 0.053265 0.329555 0.154839 -0.007321 -0.901870
870 -1.169021 0.114045 -1.518070 0.383424 -0.030564 -0.866180
872 -0.553451 0.055730 -0.997301 0.163517 -0.007789 -0.888610
873 -0.898101 0.030175 -0.926940 0.120069 -0.004278 -0.835410
874 -1.141710 0.058395 -0.907844 0.102715 -0.004380 -0.693090
875 0.845200 0.040635 0.847035 0.212530 -0.003913 -0.432790
876 0.117339 0.021365 0.236551 0.112228 -0.002240 -0.732380
878 0.634959 0.030275 0.978095 0.044875 -0.000477 -0.315030
880 0.153560 0.023835 0.361955 0.095830 -0.004497 -0.750070
881 0.214290 0.026125 0.540715 0.054085 -0.000514 -0.307300
883 -0.443590 0.092055 -0.684181 0.218400 -0.014091 -0.743550
885 0.121099 0.020320 0.263065 0.113582 -0.002154 -0.661180
886 0.120589 0.020305 0.261485 0.107492 -0.001992 -0.660340
887 -1.294351 0.053625 -1.428484 0.104603 -0.005364 -0.852080
888 0.886800 0.042425 0.872085 0.169675 -0.009529 -0.937870
889 0.882339 0.028495 0.901655 0.140300 -0.007766 -0.931120
890 -0.434220 0.060565 -0.565649 0.262329 -0.010276 -0.721520
891 0.422259 0.035605 0.754105 0.070665 -0.001274 -0.454920
892 -0.286950 0.091335 -0.440608 0.292241 -0.024482 -0.937910
893 -1.469901 0.098460 -1.801645 0.298436 -0.021745 -0.784350
894 -0.163590 0.044190 0.265855 0.118018 -0.003297 -0.495980
895 -0.359751 0.033080 -0.349661 0.154189 -0.005057 -0.853010
896 -0.832041 0.141210 -1.128159 0.484799 -0.051115 -0.946990
898 0.182309 0.024110 0.288805 0.127768 -0.006926 -0.896750
900 -0.168361 0.069520 -0.228172 0.243738 -0.021761 -0.965840
901 -1.622671 0.060395 -1.730306 0.149016 -0.006271 -0.692140
902 -0.371221 0.032320 -0.299398 0.177014 -0.008060 -0.870220
903 0.002669 0.099085 -0.248893 0.252485 -0.018363 -0.816620
904 0.211309 0.070895 -0.005071 0.161368 -0.009424 -0.928020
908 0.911790 0.024270 1.136955 0.086535 -0.001268 -0.482690
910 -0.915311 0.093165 -1.237647 0.296683 -0.021494 -0.959460
911 -0.406871 0.020380 -0.180791 0.058509 -0.000852 -0.499710
912 -0.506210 0.126995 -0.762774 0.408711 -0.037369 -0.887610
913 -1.509780 0.049670 -1.589662 0.088317 -0.002653 -0.574770
914 -0.333631 0.047515 -0.780309 0.226350 0.001595 0.172940
916 1.146290 0.024850 0.730315 0.125855 -0.001760 -0.308360
917 0.503799 0.016810 0.771905 0.050840 -0.000325 -0.334870
921 0.128889 0.018315 0.370995 0.080090 -0.002167 -0.705460
922 -1.322801 0.100270 -1.250074 0.228515 -0.016066 -0.776670
923 0.109260 0.023070 0.437655 0.042300 -0.000406 -0.374560
924 0.110629 0.022400 0.437775 0.041060 -0.000357 -0.359960
925 0.769440 0.093910 0.271975 0.305584 -0.022103 -0.889460
926 1.121790 0.042500 1.056895 0.131315 -0.005004 -0.862210
929 -1.237020 0.107895 -1.615224 0.309907 -0.025740 -0.842290
931 -1.117920 0.067930 -1.235447 0.229813 -0.012855 -0.852110
932 -0.693931 0.021675 -0.597397 0.109424 -0.004653 -0.857880
934 0.961989 0.136840 0.511675 0.403048 -0.039785 -0.977240
935 -0.818581 0.026520 -1.309654 0.066704 -0.000637 -0.252130
937 -1.284811 0.039990 -0.911394 0.039996 -0.001115 -0.428400
938 -0.464291 0.070865 -0.634451 0.265056 -0.015145 -0.903050
939 -0.436371 0.080455 -0.691794 0.293698 -0.017246 -0.893120
941 0.865950 0.016850 1.043185 0.095270 -0.002302 -0.772380
942 0.866050 0.017285 1.046275 0.094840 -0.001547 -0.687830
945 -0.296890 0.063090 -0.491528 0.116264 -0.006567 -0.878770
949 -1.969861 0.069735 -2.109855 0.292575 -0.010984 -0.621500
950 -0.079190 0.081255 -0.028032 0.248247 -0.015822 -0.750870
951 -0.769610 0.018880 -0.702893 0.094694 -0.001684 -0.663730
952 -1.163391 0.027445 -0.830951 0.049803 -0.001807 -0.575020
953 0.458240 0.020345 0.731365 0.070725 -0.000561 -0.326470
954 0.074080 0.059475 0.451055 0.066510 -0.001625 -0.373600
955 0.072220 0.058895 -0.292512 0.159466 -0.007240 -0.850070
956 -0.287960 0.021485 -0.224873 0.119911 -0.005551 -0.902540
957 -0.366820 0.088265 -0.537035 0.312343 -0.023506 -0.953650
958 -0.688900 0.068155 -0.854700 0.217269 -0.011024 -0.878790
959 -0.030641 0.022500 0.161452 0.126035 -0.003776 -0.708830
960 0.742049 0.056995 0.572375 0.104480 -0.005119 -0.903670
961 0.501050 0.044675 0.953855 0.049020 -0.000684 -0.238320
962 -0.547710 0.051645 -0.125012 0.078765 -0.003628 -0.461280
963 -0.811001 0.080805 -1.014839 0.302383 -0.015803 -0.785700
966 0.487570 0.053265 0.517875 0.250313 -0.008734 -0.647420
967 -0.838310 0.045555 -0.883410 0.174718 -0.007022 -0.875730
968 0.070539 0.067495 -0.306556 0.204901 -0.012233 -0.858590
970 0.539169 0.025945 0.942535 0.021975 -0.000073 -0.100420
971 -0.649080 0.022695 -0.524194 0.114094 -0.002631 -0.658030
972 -0.692250 0.062090 -0.457785 0.198344 -0.012087 -0.727180
973 -1.464321 0.138090 -1.246591 0.160927 -0.017378 -0.866300
975 0.167569 0.023915 0.440975 0.077250 -0.000867 -0.346580
976 0.190789 0.075790 -0.064246 0.270223 -0.015866 -0.931680
978 -0.801921 0.094855 -0.749884 0.143878 -0.011823 -0.784270
981 -0.584841 0.033235 -0.384561 0.080582 -0.007358 -0.803730
982 -1.118140 0.135105 -1.218771 0.233626 -0.020951 -0.738700
983 0.083380 0.034860 0.110272 0.218478 -0.005813 -0.667880
984 0.086349 0.038100 0.073506 0.217710 -0.005646 -0.658880
985 -0.777321 0.027640 -0.401767 0.026261 -0.000260 -0.313190
986 1.264290 0.057700 1.590605 0.114125 -0.002686 -0.298800
987 1.304290 0.041200 1.659495 0.060410 -0.000636 -0.215570
988 0.667299 0.040595 0.935145 0.204165 -0.005922 -0.615040
989 0.656779 0.031530 1.031125 0.062920 -0.000706 -0.292550
991 -0.283951 0.050110 0.050347 0.081842 -0.003044 -0.484560
992 -0.285701 0.050425 0.053190 0.079442 -0.002610 -0.459230
994 0.789109 0.028165 1.074665 0.065895 -0.001903 -0.486670
995 -0.821131 0.026790 -0.708237 0.142748 -0.003924 -0.781760
997 0.847879 0.064550 0.397985 0.223248 -0.003876 -0.160020
998 -0.409040 0.038875 -0.303674 0.193094 -0.008883 -0.765510
999 -0.157741 0.055250 -0.287564 0.135756 -0.006132 -0.895630
1000 0.007660 0.078680 -0.158924 0.284636 -0.018955 -0.946150
1001 0.332629 0.017185 0.461615 0.072195 -0.007110 -0.933410
1002 0.420950 0.015470 0.568195 0.058910 -0.001285 -0.745320
1003 -0.200801 0.063160 -0.502553 0.159837 -0.007883 -0.902680
1005 0.194810 0.024910 0.396215 0.101780 -0.004099 -0.724210
1006 0.828640 0.021665 1.070095 0.096570 -0.001809 -0.560550
1007 -1.006990 0.054875 -1.270100 0.194830 -0.007904 -0.830860
1008 -1.224481 0.057730 -1.486295 0.166233 -0.006179 -0.655140
1009 -1.288190 0.045610 -1.343448 0.165791 -0.008125 -0.859930
1010 -0.056351 0.025105 0.220344 0.082653 -0.001119 -0.428900
1012 0.481350 0.036865 0.522375 0.193045 -0.007730 -0.798540
1013 -0.669471 0.041725 -0.747085 0.156408 -0.004716 -0.737920
1014 0.570720 0.022390 0.712225 0.117025 -0.003433 -0.746060
1016 1.059690 0.020250 0.687165 0.104230 -0.002003 -0.370340
1019 -1.034301 0.068890 -0.815855 0.137938 -0.007783 -0.828810
1023 0.419990 0.068400 0.249638 0.251500 -0.011849 -0.752510
1025 0.703850 0.030835 0.775095 0.155640 -0.004247 -0.737540
1026 0.405729 0.044340 0.868455 0.020970 0.000024 0.020753
1027 1.156190 0.043300 1.055025 0.102465 -0.003454 -0.828860
1028 -1.132801 0.241255 -0.964755 0.238652 -0.042379 -0.885450
1029 0.326110 0.077505 0.074420 0.250354 -0.011671 -0.612360
1030 -1.122321 0.094040 -1.054351 0.307924 -0.019317 -0.725450
1031 1.722289 0.055650 1.455935 0.169580 -0.036923 -0.819890
1034 -0.637590 0.116785 -0.769881 0.213100 -0.019415 -0.783560
1036 0.428539 0.016895 0.645205 0.067550 -0.001206 -0.684750
1037 0.610499 0.055770 1.042315 0.122285 -0.004611 -0.519600
1038 0.733069 0.012470 0.744765 0.072900 -0.000442 -0.400170
1039 -0.025150 0.033950 -0.069812 0.132829 -0.003526 -0.807380
1040 -0.555901 0.098230 -0.819380 0.216269 -0.014891 -0.717690
1042 0.946890 0.018200 1.255265 0.047120 -0.000313 -0.299620
1043 -0.650620 0.022640 -0.539582 0.098305 -0.002203 -0.663810
1045 1.330890 0.022700 1.601595 0.070395 -0.000971 -0.422290
1046 0.244320 0.028555 0.566875 0.082790 -0.001259 -0.426050
1048 0.132179 0.044360 0.037762 0.192447 -0.006156 -0.707310
1049 0.396810 0.026010 0.589045 0.101280 -0.002887 -0.577370
1050 -0.125760 0.113490 -0.480049 0.402377 -0.035040 -0.958670
1052 0.785709 0.084520 0.446775 0.183410 -0.011611 -0.739740
1053 0.153020 0.024145 0.164370 0.127643 -0.002892 -0.783360
1054 0.153810 0.026910 0.160717 0.131605 -0.003107 -0.784260
1055 -0.254320 0.063055 0.153663 0.060299 -0.001959 -0.410400
1056 -1.569251 0.097145 -1.903045 0.281983 -0.020398 -0.829170
1057 0.292350 0.024190 0.496035 0.096815 -0.001713 -0.549320
1061 -0.353471 0.045150 -0.349603 0.176444 -0.007298 -0.802720
1062 0.447809 0.178705 -0.005360 0.392246 -0.052092 -0.936770
1064 0.189569 0.021660 0.456445 0.076000 -0.000917 -0.433990
1065 -0.350221 0.030185 -0.092631 0.072686 -0.005011 -0.778390
1066 0.378920 0.057840 0.184909 0.200982 -0.008092 -0.741110
1067 0.757710 0.023830 0.935975 0.110945 -0.002740 -0.707150
1068 1.192789 0.049650 1.571055 0.057690 -0.001018 -0.303930
1070 0.457310 0.037290 0.399305 0.139550 -0.004432 -0.841170
1071 0.903390 0.033890 1.073485 0.158385 -0.003103 -0.520690
1072 0.212460 0.021380 0.445695 0.091115 -0.002187 -0.639690
1073 0.496519 0.037935 0.850575 0.064205 -0.001190 -0.354770
1074 0.748750 0.094050 0.925975 0.262160 -0.019864 -0.852270
1075 0.797190 0.030775 1.145795 0.048635 -0.000460 -0.257650
1076 1.345590 0.058750 0.968305 0.156395 -0.007104 -0.877260
1077 1.120290 0.022650 1.461015 0.047180 -0.000355 -0.312290
1078 0.964890 0.034050 1.076675 0.159560 -0.003189 -0.524490
1079 0.680880 0.036820 0.770345 0.195935 -0.007878 -0.816850
1080 -0.144220 0.084970 -0.023409 0.149152 -0.010739 -0.808650
1081 0.408460 0.023580 0.750295 0.045505 -0.000214 -0.179350
1082 0.074169 0.023700 0.267925 0.084538 -0.007014 -0.878270
1083 0.573440 0.021440 0.879075 0.059325 -0.000699 -0.389310
1084 0.136319 0.048175 0.333955 0.208194 -0.003843 -0.404160
1085 0.659280 0.039065 0.828925 0.141400 -0.003535 -0.492380
1087 0.126309 0.025390 0.439875 0.049785 -0.000494 -0.341980
1091 0.196509 0.079220 0.235644 0.254003 -0.015345 -0.768540
1094 -0.296990 0.052000 0.206385 0.073786 -0.003037 -0.582350
1095 0.891999 0.022395 0.533895 0.109810 -0.002226 -0.474310
1096 -0.560921 0.076080 -0.611344 0.242077 -0.012464 -0.732660
1100 1.656790 0.038000 1.632135 0.213735 -0.009377 -0.411410
1101 -0.329631 0.037325 -0.280438 0.189744 -0.003210 -0.374500
1102 0.538730 0.021765 0.709905 0.102335 -0.003432 -0.784940
1103 -0.384750 0.096005 -0.320670 0.241199 -0.016543 -0.741220
1109 0.923889 0.062830 0.768875 0.252210 -0.009952 -0.735080
1110 -0.847060 0.083150 -0.415825 0.103689 -0.007181 -0.813250
1111 -0.352210 0.062975 -0.444560 0.186829 -0.011451 -0.923220
1112 -0.654190 0.046605 -0.710023 0.138764 -0.005039 -0.746490
1114 0.320129 0.043020 0.425475 0.256148 -0.005341 -0.505310
1115 0.217649 0.047690 0.008239 0.071704 -0.003140 -0.835510
1116 1.005489 0.056900 0.850455 0.146035 -0.007904 -0.925660
1118 0.291949 0.028580 0.571075 0.087420 -0.002324 -0.559490
1119 -0.017071 0.021420 0.248299 0.062759 -0.000684 -0.392610
1124 1.516890 0.083350 1.095825 0.259625 -0.034471 -0.677040
1125 0.311780 0.049245 0.751275 0.058570 -0.005948 -0.665990
1126 0.053289 0.025030 0.368085 0.061535 -0.000317 -0.189240
1127 -0.056951 0.073175 0.014344 0.315385 -0.021822 -0.805640
1129 -0.037511 0.047460 0.068690 0.238385 -0.011211 -0.803120
1130 -0.290010 0.042505 0.166768 0.030672 -0.000490 -0.253300
1131 0.267900 0.018185 0.518895 0.057965 -0.000666 -0.454300
1134 0.717030 0.029770 1.083965 0.042775 -0.000500 -0.350160
1136 1.201989 0.041200 1.136535 0.207580 -0.005628 -0.664050
1137 -0.282340 0.068025 -0.445120 0.191835 -0.009993 -0.818640
1138 -0.695451 0.051000 -0.785664 0.094711 -0.003254 -0.621810
1139 1.012290 0.027150 1.016305 0.126265 -0.006139 -0.892490
1142 -0.671221 0.086440 -0.364732 0.152003 -0.009845 -0.615660
1143 -0.343841 0.040725 0.103071 0.029820 -0.000518 -0.260320
1145 0.455040 0.045175 0.540595 0.217100 -0.009887 -0.815640
1149 0.603860 0.027250 0.690305 0.184495 -0.002188 -0.371320
1150 -0.992730 0.083320 -1.203306 0.265456 -0.014318 -0.650400
1153 0.729630 0.046135 0.736285 0.249625 -0.004823 -0.441540
1155 0.312469 0.032360 0.706175 0.034990 -0.007739 -0.834420
1156 0.799250 0.055505 0.431115 0.178188 -0.006923 -0.813630
1157 0.329470 0.039020 0.392225 0.216761 -0.006109 -0.642660
1158 -0.325380 0.027455 -0.016649 0.055907 -0.000642 -0.361090
1160 0.524309 0.060880 0.376885 0.182022 -0.008869 -0.831900
1162 0.633070 0.019785 0.839205 0.065570 -0.008622 -0.897390
1163 0.974090 0.045000 0.808115 0.082990 -0.004337 -0.603450
1166 0.533489 0.023505 0.680495 0.116990 -0.001802 -0.519380
1168 -0.109510 0.043885 -0.119672 0.174948 -0.009917 -0.919710
1169 0.152390 0.067935 0.127927 0.253850 -0.020107 -0.957000
1170 0.284229 0.020955 -0.003565 0.061920 -0.000970 -0.657800
1171 -0.711890 0.064175 -0.333050 0.104534 -0.007745 -0.713610
1172 -0.100181 0.047665 -0.167493 0.164564 -0.008310 -0.915320
1173 -0.493051 0.058080 -0.594944 0.182244 -0.009152 -0.896520
1174 -0.102671 0.069975 -0.197096 0.217167 -0.008847 -0.584810
1175 0.282650 0.047465 0.186746 0.126521 -0.006587 -0.883040
1176 -0.145370 0.021975 0.128386 0.063273 -0.000653 -0.379280
1177 0.568330 0.064055 0.456655 0.126260 -0.005549 -0.662770
1184 -0.083040 0.028940 0.056810 0.129956 -0.003756 -0.681290
1188 -0.282021 0.094900 -0.206133 0.172273 -0.013115 -0.787030
1191 -0.221701 0.018920 -0.005616 0.068846 -0.001165 -0.581290
1192 -0.571151 0.051345 -0.591834 0.191022 -0.010277 -0.850840
1193 0.715380 0.020160 0.954115 0.078420 -0.001427 -0.541460
1194 0.138829 0.058060 0.122578 0.268761 -0.015749 -0.893260
1195 -0.147810 0.106405 -0.479980 0.377826 -0.028437 -0.918490
1196 0.660820 0.059440 0.494815 0.150240 -0.006934 -0.601410
1198 0.935789 0.043000 0.679485 0.078530 -0.002270 -0.626070
1200 1.360590 0.019700 1.482505 0.082755 -0.004318 -0.888180
1201 -0.252360 0.072080 -0.407470 0.288985 -0.015387 -0.800570
1203 0.057230 0.025960 0.145593 0.132047 -0.007103 -0.904790
1205 -0.132490 0.063270 -0.286454 0.255664 -0.010506 -0.715660
1206 -0.301001 0.049010 -0.455346 0.263932 -0.008470 -0.806410
1207 -0.341270 0.057090 0.141276 0.036103 -0.001444 -0.346870
1208 1.338389 0.061500 1.193615 0.155275 -0.008357 -0.915190
1210 0.829630 0.040350 0.859545 0.220760 -0.009836 -0.856360
1213 -0.150921 0.080800 -0.257295 0.218836 -0.011289 -0.666960
1214 -0.145121 0.037135 0.190263 0.094879 -0.001470 -0.307130
1215 0.531759 0.089425 0.417605 0.173472 -0.005587 -0.367950
1216 0.631639 0.084240 0.477575 0.202725 -0.007328 -0.439420
1217 0.705119 0.026530 0.856945 0.138910 -0.006195 -0.811200
1220 0.271099 0.082680 -0.146302 0.220510 -0.014691 -0.914660
1223 0.266569 0.041800 0.688355 0.041560 -0.000886 -0.356860
1224 0.415400 0.065560 0.278625 0.233698 -0.013028 -0.888110
1225 -0.542030 0.085915 -0.304550 0.147032 -0.008220 -0.697410
1226 -0.655271 0.040825 -0.127190 0.022736 -0.000125 -0.110740
1227 -0.157391 0.146310 -0.434990 0.481142 -0.053152 -0.934100
1228 -0.441481 0.115445 -0.417953 0.190472 -0.017519 -0.769700
1229 0.108049 0.140390 -0.211807 0.437403 -0.047716 -0.975680
1231 -0.456201 0.073405 -0.271535 0.112092 -0.007775 -0.878310
1232 -0.581051 0.044275 -0.350223 0.157112 -0.007358 -0.718730
1233 1.030089 0.077300 0.609325 0.205690 -0.013356 -0.946690
1235 -0.240200 0.078755 -0.739121 0.191345 -0.010878 -0.720590
1239 -0.825311 0.170475 -0.371560 0.164439 -0.023341 -0.893200
1240 0.317900 0.056130 0.171008 0.108351 -0.005261 -0.881800
1241 -0.021831 0.087330 0.098422 0.200606 -0.010468 -0.656770
1242 0.429629 0.038560 0.754075 0.091945 -0.001861 -0.423580
1243 -0.354231 0.103510 -0.416220 0.190350 -0.016257 -0.787750
1244 0.088770 0.095635 0.030952 0.192002 -0.015189 -0.810320
1245 0.060040 0.087460 -0.098084 0.313024 -0.022648 -0.953630
1246 1.369289 0.057650 1.175625 0.133310 -0.007535 -0.719480
1247 0.599879 0.032835 0.665785 0.230505 -0.003455 -0.420660
1249 -0.784591 0.093350 -0.990806 0.181607 -0.013212 -0.792210
1250 0.528509 0.117005 0.170761 0.397366 -0.034346 -0.957850
1251 -0.227120 0.055140 -0.322506 0.192860 -0.008464 -0.809960
1252 1.200589 0.087300 0.901925 0.174155 -0.011290 -0.766250
1253 0.748750 0.020360 0.980685 0.064415 -0.000638 -0.383220
1254 0.106750 0.072035 -0.047001 0.185056 -0.006007 -0.454470
1255 1.615689 0.071000 1.340455 0.142560 -0.007414 -0.726260
1257 -0.727470 0.115140 -1.058642 0.381208 -0.033112 -0.914010
1258 0.485720 0.040385 0.936335 0.021320 -0.000853 -0.328980
1259 -0.237181 0.100645 -0.433698 0.350323 -0.026491 -0.886960
1260 0.963490 0.089725 0.626735 0.261855 -0.018103 -0.964060
1261 0.072639 0.086365 0.025837 0.262942 -0.015178 -0.743510
1262 -0.463660 0.083935 -0.090079 0.162779 -0.011979 -0.677280
1263 0.539599 0.040215 0.490615 0.160250 -0.002441 -0.322580
1264 0.620850 0.028340 0.774945 0.121480 -0.001527 -0.324320
1265 -0.256580 0.031845 0.071736 0.054401 -0.000908 -0.432210
1271 0.612920 0.054690 0.452915 0.138010 -0.006158 -0.861460
1274 0.798820 0.046010 0.559615 0.089525 -0.003022 -0.488950
1275 1.302990 0.040000 1.305495 0.156050 -0.008859 -0.938190
1280 0.468490 0.068725 0.411135 0.281823 -0.013271 -0.754280
1282 -1.040171 0.064065 -0.606907 0.061950 -0.002108 -0.340110
1283 -1.177130 0.159720 -1.144777 0.257857 -0.030586 -0.844910
1284 0.958790 0.039850 1.016745 0.212185 -0.006168 -0.586080
1286 0.089479 0.072720 0.024227 0.270453 -0.013418 -0.699660
1288 0.290810 0.073185 0.558415 0.249860 -0.011154 -0.687920
1289 0.077880 0.038445 0.503435 0.035110 -0.000557 -0.268280
1290 1.869690 0.054500 1.626455 0.145790 -0.002463 -0.207980
1292 0.497080 0.025540 0.871045 0.032490 -0.000805 -0.408720
1293 0.052170 0.057935 -0.067613 0.246751 -0.009889 -0.740150
1295 1.385890 0.069700 1.327715 0.209310 -0.010963 -0.675020
1297 -0.380481 0.024915 -0.195238 0.081663 -0.002663 -0.662330
1298 0.014830 0.058460 0.363545 0.077090 -0.002211 -0.398470
1299 0.554330 0.020320 0.781115 0.095465 -0.001711 -0.605780
1304 -1.115850 0.094860 -0.693132 0.099121 -0.007876 -0.795430
1305 0.352500 0.026330 0.632895 0.089760 -0.001880 -0.506000
1306 1.188789 0.021850 1.326125 0.145220 -0.002859 -0.775270
1307 1.006089 0.056800 0.893945 0.194010 -0.010242 -0.893310
1308 0.222090 0.053310 0.100720 0.157235 -0.006537 -0.847050
1310 0.040529 0.053370 0.040984 0.266127 -0.011198 -0.746450
1312 0.800119 0.073680 0.549805 0.206890 -0.013163 -0.785780
1316 0.703719 0.074370 0.448375 0.204636 -0.007984 -0.540740
1317 0.241400 0.049605 0.224779 0.203720 -0.009166 -0.857220
1320 -1.124630 0.146305 -0.925661 0.203767 -0.022503 -0.808420
1323 0.751189 0.037945 0.189784 0.164590 -0.010103 -0.505610
1324 -0.698171 0.074385 -0.476304 0.199164 -0.010594 -0.821900
1325 -0.654150 0.151875 -0.904995 0.214485 -0.024264 -0.737450
1327 0.422549 0.024230 0.754875 0.053175 -0.000365 -0.253940
1328 -0.918771 0.106205 -1.257155 0.273945 -0.020444 -0.752330
1329 -0.298930 0.103895 -0.438738 0.357383 -0.027345 -0.852190
1332 0.775970 0.023195 1.087555 0.066835 -0.000606 -0.315710
1333 0.096700 0.067990 -0.032930 0.249468 -0.011847 -0.760180
1336 1.470889 0.018950 1.137825 0.064110 -0.003037 -0.603980
1337 0.511880 0.029795 0.645855 0.177035 -0.010443 -0.896620
1338 0.938789 0.040300 0.943405 0.172460 -0.006694 -0.841160
1339 0.262099 0.067050 0.076935 0.197208 -0.009116 -0.683450
1340 -0.841391 0.094220 -1.178596 0.266048 -0.020481 -0.927900
1343 0.493810 0.048325 0.006297 0.160707 0.004956 0.670360
1344 1.001989 0.034250 0.565405 0.201535 -0.002320 -0.227890
1345 0.075190 0.033880 0.440195 0.041255 -0.000536 -0.289330
1346 0.791039 0.077825 0.525365 0.214435 -0.010373 -0.634590
1347 -0.089170 0.036950 0.345475 0.041475 -0.003612 -0.636060
1349 0.743500 0.067925 0.734575 0.295200 -0.018524 -0.887480
1350 -0.012401 0.056915 0.280095 0.153262 -0.005502 -0.555850
1351 -0.288341 0.069085 -0.283867 0.309555 -0.023069 -0.916730
1353 0.320220 0.027220 0.346275 0.126833 -0.004564 -0.835260
1354 -0.076421 0.057560 0.310415 0.058537 -0.001798 -0.419520
1355 0.481549 0.047550 0.725865 0.147710 -0.002961 -0.416720
1356 0.251100 0.028100 0.533865 0.095170 -0.002127 -0.520590
1357 -0.443581 0.033905 -0.475424 0.178719 -0.006469 -0.503290
1359 0.405970 0.030630 0.566855 0.128970 -0.003274 -0.594050
1361 0.388610 0.037325 0.419685 0.201262 -0.003675 -0.455300
1362 0.213260 0.088170 -0.004087 0.171861 -0.009634 -0.650840
1364 1.051290 0.120350 1.208835 0.415925 -0.048489 -0.974980
1366 -0.187700 0.060825 -0.230884 0.254451 -0.012152 -0.765180
1369 0.003400 0.082760 -0.102775 0.297617 -0.016727 -0.730470
1370 0.528080 0.044225 0.527955 0.183060 -0.006688 -0.806170
1371 0.396970 0.074680 0.376795 0.210557 -0.008996 -0.599280
1373 0.325080 0.087235 -0.021947 0.243332 -0.016144 -0.818230
1375 -0.207081 0.088385 -0.434573 0.302422 -0.021228 -0.931720
1376 0.369329 0.038630 0.330895 0.211419 -0.004247 -0.474220
1378 1.114090 0.040600 0.932025 0.056765 -0.001787 -0.755920
1379 0.840400 0.071695 1.221565 0.084100 -0.003437 -0.494550
1380 0.400330 0.052950 0.398935 0.229435 -0.007902 -0.637310
1381 0.322249 0.041690 0.583225 0.115260 -0.006498 -0.633370
1383 -1.639161 0.100330 -1.949535 0.284548 -0.016857 -0.629570
1384 -1.886920 0.188585 -1.898725 0.275173 -0.031409 -0.696360
1386 -1.864851 0.108755 -1.886175 0.269670 -0.009570 -0.339690
1387 -1.633050 0.117995 -1.990035 0.281366 -0.023607 -0.714320
1389 -2.152101 0.259610 -1.624187 0.187258 -0.028971 -0.659720
1390 -1.315490 0.291075 -1.059013 0.267393 -0.054939 -0.834060
1391 -1.895360 0.167785 -2.176985 0.321060 -0.034885 -0.690460
1392 -2.283620 0.122445 -2.024395 0.158505 -0.014210 -0.690210
1393 -1.567841 0.119855 -1.692912 0.261979 -0.019710 -0.641120
1394 -1.667030 0.149940 -1.766155 0.272985 -0.029374 -0.613010
