# x_refit,sx_refit,y_refit,sy_refit
1.451590 0.068300 1.232165 0.145435
0.575239 0.091605 0.828905 0.229665
0.484449 0.090435 0.459585 0.353887
0.127540 0.084035 0.042332 0.286424
1.444889 0.058700 1.704015 0.241240
0.626289 0.124225 0.751115 0.163220
-0.032670 0.038260 0.422215 0.029145
-0.444671 0.126040 -0.823364 0.373751
1.680090 0.071600 1.449525 0.130620
-0.052501 0.083295 -0.285508 0.187125
0.060550 0.030015 0.344845 0.083960
0.246650 0.098135 -0.152477 0.216983
1.600789 0.060900 1.403475 0.098745
0.996989 0.067750 1.149315 0.233545
1.176390 0.077700 1.040465 0.231310
0.628599 0.045110 1.051355 0.031450
0.954889 0.076685 0.689855 0.214170
0.014420 0.023315 0.127234 0.097692
-0.732861 0.092265 -0.621305 0.243505
-0.117961 0.095190 -0.315484 0.184271
-0.040360 0.031335 0.160484 0.103378
-0.337151 0.087660 -0.241663 0.256964
0.195049 0.106675 0.214535 0.267655
0.319369 0.037105 0.355765 0.182878
0.002529 0.023035 0.087820 0.127329
0.322430 0.027645 0.702285 0.043965
-0.405190 0.059435 -0.575606 0.111619
-0.201691 0.064185 0.199451 0.059315
1.273990 0.043550 1.225735 0.201115
0.927389 0.015350 1.080975 0.064100
0.739559 0.069960 0.881875 0.194525
0.339660 0.022270 0.562935 0.093360
-1.025411 0.138690 -1.272188 0.264823
0.083779 0.100660 -0.223386 0.369512
-0.214830 0.041560 -0.208638 0.211030
-0.388301 0.083305 -0.569871 0.279955
-0.222051 0.088125 -0.292069 0.171625
0.781420 0.046730 0.728835 0.245125
0.336679 0.036545 -0.144873 0.170392
-0.085751 0.065780 -0.249567 0.192841
0.292410 0.093980 -0.073748 0.333398
-0.352350 0.067325 -0.747997 0.198131
-0.097760 0.033250 -0.079535 0.149779
1.697289 0.028250 1.693165 0.217435
0.089640 0.080775 0.260655 0.239552
-1.498401 0.139955 -1.197991 0.155240
-0.267071 0.031350 -0.379351 0.028247
-0.154970 0.039625 -0.122224 0.235574
-1.016460 0.124895 -1.109053 0.253411
0.888399 0.037505 0.836735 0.152940
0.619450 0.124715 0.312105 0.434498
0.545059 0.026585 0.268845 0.082207
0.882810 0.060555 0.886285 0.259110
0.217259 0.060225 0.411765 0.170958
-0.601920 0.021270 -0.323775 0.058821
0.905990 0.034800 1.022615 0.206625
0.701890 0.029715 0.764485 0.157250
0.014979 0.066830 -0.191484 0.272283
0.304110 0.032340 0.473375 0.183255
-1.525250 0.060850 -1.226872 0.128415
0.477989 0.036105 0.626135 0.168295
0.661699 0.072820 0.405765 0.244607
0.287860 0.075940 0.094086 0.244925
0.531280 0.054605 0.898935 0.078135
-0.125670 0.039845 0.375145 0.018215
0.286240 0.041635 0.082250 0.069563
-0.199491 0.057420 0.110818 0.096011
0.017710 0.023780 0.039647 0.123372
0.367280 0.019425 0.583795 0.079790
1.383189 0.044600 1.372755 0.229765
-0.502661 0.041620 -0.180468 0.112475
0.564890 0.020640 0.850645 0.065870
0.906489 0.020210 1.153105 0.084680
0.122499 0.062780 0.245082 0.138484
0.389859 0.020970 0.423545 0.117000
-1.153511 0.069695 -1.146110 0.153562
0.497700 0.040480 0.575115 0.200145
0.625979 0.056125 0.517015 0.214165
-0.638520 0.209625 -0.812776 0.476382
0.181660 0.055810 -0.265399 0.153432
-1.209970 0.121015 -1.333462 0.216693
-0.452971 0.073335 -0.621105 0.303331
1.239389 0.082200 0.862205 0.227600
0.974489 0.034200 0.404325 0.152238
0.686489 0.029735 0.785115 0.191715
0.971889 0.035950 1.109395 0.137495
0.504109 0.067765 0.822495 0.101540
0.330440 0.066160 0.222837 0.264410
0.367920 0.033675 0.337325 0.203117
0.809950 0.034210 0.964535 0.174590
0.044660 0.063135 0.087365 0.257991
-0.656640 0.051995 -0.136905 0.080842
0.292840 0.074310 0.295425 0.240915
0.114630 0.075505 -0.022257 0.233067
0.918090 0.069670 0.562625 0.191960
0.048249 0.037490 0.336865 0.110103
0.088070 0.064835 -0.060233 0.224704
0.090710 0.082085 -0.276944 0.214153
-0.296680 0.095400 -0.265755 0.155633
-0.154500 0.028245 0.243677 0.029793
0.404429 0.071020 0.146284 0.217548
0.111890 0.050445 0.224548 0.244886
-0.983360 0.152880 -1.070205 0.266694
-0.570050 0.061330 -0.121660 0.039619
-0.209391 0.035940 0.157025 0.045726
1.020289 0.034450 1.007695 0.136210
0.505110 0.036685 0.614075 0.228420
0.067450 0.072645 -0.172141 0.165731
0.377640 0.029140 0.584285 0.101710
-0.054481 0.052015 0.224713 0.232536
0.706550 0.056645 0.852835 0.216150
1.044189 0.016700 1.297215 0.045665
-0.742741 0.100045 -1.002185 0.374850
-0.455590 0.116910 -0.635278 0.387057
-0.723841 0.075950 -0.343688 0.168847
-0.224561 0.041505 -0.035851 0.120014
-0.139920 0.103030 -0.043149 0.261750
0.031039 0.073740 -0.066209 0.204123
-0.783311 0.096870 -0.953265 0.360934
0.185019 0.055145 0.134068 0.192067
-0.137900 0.034720 0.345375 0.016710
-0.089081 0.044740 -0.028458 0.266903
1.057489 0.036850 1.155495 0.185450
0.340529 0.016485 0.579145 0.060060
1.573290 0.043550 1.508585 0.135285
0.515300 0.021520 0.783675 0.070585
0.697390 0.060225 1.041605 0.083220
-0.884010 0.188290 -1.080839 0.428290
-0.211640 0.030990 0.075962 0.090464
0.614120 0.041140 0.200602 0.187375
0.402940 0.065900 0.218088 0.239393
0.047090 0.038980 0.529575 0.027820
0.713429 0.107625 0.682725 0.310250
-0.084741 0.069175 -0.095153 0.150336
0.133499 0.035490 0.147787 0.140684
0.459530 0.091470 0.142610 0.267239
0.067760 0.032560 0.375805 0.093980
0.395769 0.027180 0.593365 0.119250
-0.276060 0.029525 -0.130109 0.150470
0.987690 0.046800 0.952775 0.188415
0.117980 0.072105 0.028594 0.233450
-0.005240 0.034100 0.123548 0.207480
1.458389 0.036950 1.054605 0.180920
0.019879 0.077190 -0.163920 0.262966
-0.278041 0.074915 -0.413646 0.213497
-0.497411 0.033975 -0.237106 0.072067
1.430790 0.113450 0.889485 0.207840
0.517839 0.055475 0.370955 0.150728
0.269030 0.031985 0.439165 0.171075
0.676049 0.042620 0.723285 0.212160
0.322980 0.020360 0.603265 0.062520
0.834419 0.027010 0.907205 0.133330
0.333170 0.042150 0.313825 0.180349
0.195550 0.103220 -0.041673 0.377901
-0.486590 0.033510 -0.308255 0.108683
0.192380 0.062620 0.213231 0.250193
0.183129 0.068660 -0.018870 0.237413
0.973189 0.016050 1.240365 0.060490
-0.242021 0.055330 -0.318813 0.187634
0.304270 0.050415 0.783565 0.031550
-0.719840 0.092135 -0.909616 0.143029
-0.067181 0.038865 -0.098727 0.146762
-0.061280 0.106515 -0.192885 0.288467
0.207350 0.044070 0.645715 0.028300
0.797549 0.040210 0.901215 0.183590
0.048900 0.074720 0.274515 0.190709
0.145840 0.103415 -0.325336 0.278791
1.426590 0.019550 1.466775 0.111535
0.780339 0.016750 1.050815 0.051170
-0.485870 0.057645 -0.564697 0.257458
-0.085330 0.037650 -0.029533 0.188105
0.272490 0.086275 0.457515 0.222073
0.040339 0.052325 0.506255 0.031240
0.290359 0.078610 0.285125 0.232741
1.118290 0.051150 1.397005 0.135800
0.663139 0.055070 0.643315 0.279440
1.095889 0.061200 0.839745 0.149350
-0.343101 0.109960 -0.684882 0.249249
0.583179 0.019465 0.871505 0.063540
0.457979 0.135430 -0.089600 0.281357
1.011689 0.070500 0.856935 0.280720
-0.882610 0.097150 -1.286930 0.292574
0.020010 0.089645 -0.118569 0.337521
-0.509021 0.066915 -0.394833 0.247490
-0.198831 0.063325 -0.347628 0.191589
0.227320 0.069980 0.075351 0.291689
-0.403100 0.072980 -0.505331 0.311479
0.054449 0.064060 -0.036722 0.220209
-0.193320 0.026140 0.144572 0.050605
-0.538940 0.062025 -0.417700 0.253800
0.091479 0.065365 0.349255 0.159262
0.558359 0.083595 0.421935 0.324906
1.266290 0.023200 0.807805 0.221425
-0.418720 0.047440 0.019627 0.031235
-0.356131 0.105710 -0.754130 0.283132
0.382720 0.043665 0.329635 0.203586
-0.218571 0.069510 -0.291168 0.205786
-0.691211 0.046230 -0.356930 0.074961
1.149989 0.053000 1.189895 0.239495
-0.039070 0.055045 -0.223555 0.083636
0.576790 0.031090 0.995515 0.027700
-0.032821 0.078290 -0.249433 0.167466
0.826400 0.101210 0.615345 0.162470
0.253240 0.055230 -0.313258 0.144829
0.582560 0.035850 0.740745 0.183280
-0.447950 0.080420 -0.762114 0.287010
0.324030 0.074100 0.336235 0.256804
0.793320 0.017490 0.902045 0.071950
-0.085330 0.091730 -0.186355 0.357578
0.754789 0.017940 0.999285 0.066080
-0.181150 0.024115 0.046577 0.073483
-1.228770 0.028680 -1.126747 0.125602
1.085790 0.074050 0.857615 0.231085
0.684330 0.035290 0.718565 0.170530
-0.988621 0.130190 -0.895049 0.173084
1.194690 0.056500 1.173105 0.253800
-0.089810 0.026195 -0.057229 0.140638
0.011439 0.015965 0.131785 0.054609
0.645499 0.028715 0.835045 0.151750
0.912789 0.027445 1.040415 0.176610
0.670099 0.111275 0.430685 0.398059
-0.259541 0.082605 -0.307123 0.236967
0.979890 0.083600 0.700295 0.233135
-0.275580 0.043400 0.173037 0.023389
-0.686880 0.121885 -0.342354 0.146793
0.150880 0.080485 -0.100466 0.235398
-0.246221 0.086930 -0.494609 0.196993
-0.955001 0.081640 -0.787254 0.165174
-0.059410 0.089870 -0.358674 0.170859
-0.097660 0.066620 -0.158438 0.247050
0.187189 0.111055 -0.073132 0.312090
0.326810 0.034550 0.377845 0.190732
-0.383600 0.060685 -0.547232 0.178315
0.322940 0.022240 0.647755 0.049100
-0.164181 0.020995 -0.038740 0.065563
-0.211310 0.034690 0.214405 0.020027
0.619269 0.028935 0.874575 0.107945
-0.175920 0.062725 -0.371235 0.187012
0.594069 0.018960 0.893045 0.057435
0.820310 0.048270 0.495595 0.124570
0.692070 0.019980 0.973465 0.062240
0.896919 0.080385 0.752515 0.173740
1.172489 0.070900 1.023305 0.155075
0.876380 0.026020 0.981815 0.149270
0.255070 0.016775 0.380005 0.079595
-1.788900 0.095990 -1.279106 0.124753
-0.039921 0.075145 -0.244663 0.269556
-0.900701 0.066745 -0.546029 0.092478
-0.532030 0.065870 -0.563196 0.195383
0.246510 0.071975 0.413855 0.231770
-1.074560 0.066770 -0.776120 0.137644
-0.091030 0.111000 -0.370410 0.210120
0.123130 0.029940 0.529355 0.029600
0.537479 0.020690 0.753235 0.082595
-0.203990 0.059080 -0.307400 0.238542
0.650900 0.040015 0.796385 0.222345
-0.221710 0.026570 0.099788 0.047015
0.056660 0.054745 -0.088991 0.120667
0.591740 0.019245 0.819445 0.079385
0.635289 0.027160 0.993525 0.048195
0.260139 0.050090 0.420085 0.197662
-0.126210 0.060105 -0.219927 0.251629
0.604460 0.086380 0.169448 0.248934
0.524150 0.016980 0.733715 0.058200
0.570809 0.022745 0.841145 0.068055
-0.100680 0.043135 0.057930 0.177933
0.177310 0.027900 0.225984 0.130785
-0.359740 0.056290 -0.395631 0.214305
0.470130 0.064095 0.263905 0.126970
0.995190 0.025750 1.361485 0.029490
1.106990 0.092000 0.914425 0.137785
0.704889 0.016940 1.005445 0.054970
0.546010 0.050675 0.447625 0.179070
0.624209 0.065635 0.501755 0.203765
0.809170 0.023555 0.883115 0.149880
-0.002271 0.088215 -0.277950 0.305568
0.229819 0.043170 0.549625 0.086445
-0.664021 0.041750 -0.250150 0.027795
0.229159 0.059970 0.278285 0.241635
0.667740 0.051135 1.083585 0.037875
0.728680 0.029440 1.100935 0.035750
1.000290 0.026100 1.266645 0.100420
0.520209 0.016660 0.756665 0.053000
0.594990 0.074545 0.462775 0.275816
-0.243751 0.077940 -0.623570 0.174248
0.057960 0.054375 0.481805 0.043535
1.006189 0.064350 1.404175 0.073485
0.743199 0.051275 0.599555 0.142880
0.292800 0.049855 0.227231 0.182897
-0.221890 0.086370 -0.521125 0.257646
-0.509050 0.093285 -0.552470 0.357354
0.666570 0.080940 0.289665 0.249814
-0.071610 0.080835 -0.438849 0.215405
0.116199 0.019115 0.373255 0.068010
1.036489 0.023200 1.282605 0.086890
-0.245220 0.075675 -0.124074 0.237300
0.858680 0.026335 0.357325 0.178461
-0.597791 0.044675 -0.272785 0.056351
0.258289 0.024010 0.521485 0.073005
-0.265890 0.037830 0.063325 0.074975
-1.340820 0.061745 -1.472917 0.129871
-0.989290 0.091565 -1.192197 0.218029
-0.623851 0.022305 -0.535260 0.105711
-0.029160 0.073190 -0.085980 0.271161
-0.046061 0.024905 0.016696 0.134305
-0.520020 0.074175 -0.722240 0.144864
-1.143100 0.088985 -1.448336 0.255473
-0.573630 0.072480 -0.148657 0.083772
0.030060 0.053235 -0.516177 0.176550
-0.166961 0.052530 -0.220180 0.232377
-1.830730 0.082045 -1.884925 0.351530
0.169600 0.025700 0.405625 0.100035
0.811999 0.061145 1.329525 0.073185
-1.578371 0.076855 -1.836175 0.119492
0.691580 0.062200 0.421875 0.168660
0.508770 0.021595 0.789505 0.068595
0.779889 0.029090 0.962515 0.094640
0.055599 0.023415 0.202099 0.095786
0.542529 0.070055 0.362895 0.250832
-0.708020 0.107410 -1.133321 0.335053
-0.691151 0.031970 -0.565154 0.135030
-0.217280 0.087705 -0.583224 0.282692
-0.329910 0.119835 -0.576305 0.421845
0.047400 0.073720 -0.081861 0.306765
-0.276401 0.034360 0.072974 0.050031
-0.554440 0.042050 -0.173503 0.049865
-0.956731 0.089290 -1.294898 0.256770
-0.960960 0.114020 -1.364750 0.410839
0.619300 0.019995 0.940795 0.037550
-0.695230 0.106205 -1.217568 0.255127
-1.211761 0.101765 -1.619915 0.342186
-0.175281 0.021130 0.039981 0.073068
-0.692660 0.125155 -0.599412 0.163095
1.486489 0.054250 1.358055 0.272150
0.178720 0.055730 0.685515 0.038165
0.181729 0.057460 0.684895 0.040300
0.520749 0.032755 0.251019 0.086603
0.077310 0.084190 -0.045570 0.159719
-0.302951 0.090495 -0.557509 0.193055
-1.195560 0.056045 -1.287358 0.164595
-0.964440 0.134910 -0.971893 0.464472
-1.472711 0.077555 -1.522548 0.252687
0.446859 0.038515 0.486585 0.188705
-0.245120 0.028670 0.018755 0.086634
-0.553241 0.085840 -0.887802 0.261553
-1.055301 0.070960 -1.260790 0.162225
-1.727880 0.075885 -1.906905 0.220804
0.126849 0.055795 -0.285556 0.140623
-0.837521 0.061355 -0.978487 0.203789
-0.865781 0.074480 -1.155406 0.232581
-0.623381 0.036440 -0.610783 0.175194
-1.526590 0.072065 -1.675265 0.253563
-0.877770 0.077280 -1.114038 0.275838
0.624849 0.051655 0.963775 0.099940
-0.668011 0.024165 -0.300671 0.036423
-0.030670 0.034575 0.026020 0.200566
0.484130 0.064555 0.470255 0.246118
-0.940950 0.079825 -0.902138 0.193311
-1.511550 0.161880 -1.436335 0.232862
-1.076521 0.077550 -0.999468 0.193601
-2.176940 0.069710 -1.897705 0.208172
-0.514421 0.054645 -0.618416 0.156413
-1.752110 0.101545 -2.028935 0.338009
-0.857011 0.033360 -0.784947 0.161446
-2.040771 0.113100 -2.159455 0.243835
-0.177300 0.061575 -0.200506 0.249986
-1.489100 0.047990 -1.517698 0.209952
0.295309 0.026425 0.417815 0.124890
0.069579 0.095020 -0.134334 0.247466
-1.076381 0.095900 -1.380976 0.374366
-1.482420 0.075515 -1.469805 0.313585
-1.338400 0.157930 -1.664970 0.301695
-1.239161 0.062055 -1.393777 0.073870
-0.195661 0.041070 0.248002 0.050341
-0.903340 0.092625 -1.270136 0.298729
0.323910 0.027915 0.510485 0.134955
0.323899 0.027265 0.518385 0.119230
-0.721480 0.019765 -0.507515 0.076498
-0.153780 0.038495 0.305765 0.023475
0.012640 0.041490 -0.061731 0.152434
-0.132111 0.066410 -0.140524 0.234938
-1.671051 0.102355 -1.939225 0.252943
-1.849690 0.227035 -2.097115 0.396064
-0.939840 0.078810 -1.152620 0.206848
0.614619 0.035780 0.909485 0.095735
0.669629 0.074330 0.653485 0.275820
-0.814011 0.096415 -1.249128 0.296922
-0.086531 0.050785 0.383915 0.024565
0.258790 0.029310 0.626965 0.037655
0.253940 0.029400 0.623455 0.041150
0.176270 0.028475 -0.382855 0.123913
-0.355961 0.118630 -0.448744 0.171287
-0.079321 0.092615 -0.424309 0.199348
-1.189381 0.095715 -1.520157 0.306473
0.398640 0.097190 0.072152 0.162856
-0.615050 0.028255 -0.226242 0.041166
0.605390 0.073920 0.250604 0.197869
0.258120 0.043485 0.284125 0.203388
0.158700 0.090405 -0.100266 0.320285
-1.620050 0.075455 -1.794975 0.265635
-0.558870 0.025120 -0.279634 0.056953
-0.949740 0.073645 -1.118312 0.222540
-0.610551 0.020795 -0.459154 0.086869
-1.125811 0.061780 -1.282307 0.128295
-1.478490 0.116035 -2.010275 0.323009
-1.353910 0.084700 -1.532169 0.247032
-1.779561 0.083790 -1.990645 0.268337
-1.149570 0.078675 -1.293165 0.250787
-0.737201 0.085540 -1.079417 0.198382
0.548280 0.019350 0.852125 0.045890
-0.393371 0.028370 -0.048080 0.059200
-1.899721 0.228520 -1.488073 0.171753
0.077169 0.074425 -0.314142 0.214263
0.078699 0.077865 -0.268590 0.240367
0.376030 0.074190 0.381295 0.197039
0.600329 0.029675 0.741695 0.201200
-0.642570 0.088110 -0.915041 0.325494
-0.013921 0.084200 -0.116284 0.226646
-0.388170 0.021340 -0.227815 0.089008
-1.641651 0.148675 -1.935015 0.299283
-1.518421 0.112715 -1.997175 0.312467
-1.623520 0.048460 -1.669611 0.167978
-0.355571 0.100075 -0.625246 0.257660
-0.377570 0.094850 -0.558258 0.229549
-1.097501 0.125785 -1.396656 0.428879
-1.588241 0.074160 -1.695693 0.285187
-1.177391 0.052965 -1.164303 0.214720
-1.741470 0.096675 -1.594901 0.130733
-1.850511 0.088125 -1.654189 0.125820
-0.019341 0.095995 -0.162291 0.263061
-0.191091 0.068955 -0.435359 0.260633
-0.037411 0.063770 -0.185665 0.173151
1.131989 0.126400 1.070235 0.144210
0.608789 0.037210 0.586415 0.146940
0.238159 0.017480 0.478645 0.050765
-0.375911 0.029870 -0.353141 0.141520
0.000000 0.208895 0.206529 0.240127
-0.227930 0.070330 -0.396290 0.265711
-0.509601 0.082040 -0.811560 0.242894
-1.487660 0.090180 -1.899775 0.267419
-0.590940 0.056990 -0.696994 0.234205
-0.594761 0.054645 -0.673148 0.237289
-0.501011 0.156170 -1.095397 0.451601
-1.393661 0.154160 -1.226722 0.204490
-1.233901 0.070540 -1.527551 0.160488
-1.495440 0.107195 -1.704549 0.286528
-1.422700 0.194155 -1.149784 0.190767
-1.433071 0.074610 -1.604339 0.135247
-0.607270 0.028365 -0.440694 0.157832
-1.670101 0.088445 -1.720995 0.354764
0.463639 0.090845 0.396635 0.245603
-0.797291 0.075310 -1.228717 0.257679
-1.576840 0.101875 -1.891265 0.365532
-1.398370 0.101495 -1.682289 0.340820
0.458830 0.044800 0.784085 0.071480
-1.939741 0.138550 -2.146685 0.226990
0.426769 0.017545 0.698975 0.068420
0.426629 0.018810 0.695125 0.071390
-1.679551 0.038635 -1.951735 0.051785
-1.145491 0.111010 -1.631308 0.343962
0.342669 0.053560 0.686005 0.111805
-1.482020 0.152050 -1.365465 0.206525
-0.371820 0.078050 -0.719813 0.208503
-0.364611 0.080405 -0.514816 0.190877
-0.817210 0.097365 -0.943184 0.172407
-0.444540 0.024870 -0.419310 0.133815
-0.491560 0.072835 -0.706286 0.231403
-0.933121 0.051105 -0.948740 0.183314
-1.424170 0.067780 -1.156907 0.179785
-1.043020 0.063725 -1.165335 0.251279
0.241659 0.018115 -0.206554 0.079659
0.355200 0.028105 0.488565 0.156795
-0.166261 0.022550 -0.020942 0.093923
-0.632131 0.032210 -0.550073 0.187417
-0.171460 0.016515 0.005658 0.063437
-1.850350 0.136570 -2.149005 0.275440
-1.327361 0.056120 -1.468415 0.099284
-0.679291 0.079650 -0.922307 0.240234
-0.473640 0.043190 -0.115659 0.062390
0.306740 0.063015 0.097628 0.125765
1.013989 0.035200 0.998205 0.141270
-0.182541 0.056070 -0.396807 0.139060
-0.388141 0.063605 -0.805770 0.150700
-0.312361 0.012575 -0.152704 0.034419
0.605209 0.039010 1.012785 0.027525
0.025510 0.095125 -0.361059 0.297250
1.513289 0.036150 1.227755 0.148225
0.296559 0.057160 0.334205 0.320917
-0.361940 0.043020 0.106647 0.036387
-0.238151 0.044225 0.049471 0.125317
1.432590 0.059700 1.241325 0.254485
0.096519 0.080670 -0.238091 0.208265
0.092779 0.080365 -0.231247 0.207097
-0.784801 0.093320 -0.997414 0.356755
0.510119 0.025455 0.631475 0.151430
-1.493731 0.112745 -1.930255 0.391132
-1.706080 0.098985 -1.998025 0.229070
-0.144951 0.104115 -0.175936 0.411547
-0.463910 0.033830 0.028465 0.019860
-0.152301 0.034345 0.099438 0.109101
-1.855690 0.075005 -2.071345 0.184205
0.645260 0.036295 1.105025 0.016575
-1.661611 0.024875 -1.488069 0.067345
-1.026131 0.065150 -1.214133 0.248862
-0.020790 0.080435 -0.246880 0.296996
-0.056061 0.084780 0.000000 0.248179
0.330009 0.017590 0.592105 0.074175
0.314879 0.017560 0.577075 0.069745
1.243389 0.043050 1.509975 0.172830
-1.784060 0.124795 -2.017745 0.382715
-0.772571 0.078405 -0.988600 0.234106
-2.004011 0.098620 -2.011155 0.239915
-1.084041 0.079435 -1.200962 0.215539
-0.811180 0.031725 -0.693384 0.183739
-0.140281 0.058165 -0.193122 0.244352
-1.520650 0.059015 -1.565159 0.122367
-1.126710 0.028065 -1.092761 0.141802
0.155519 0.033035 0.336995 0.128813
0.150929 0.030485 0.358845 0.103395
-1.350861 0.068755 -1.559284 0.203741
-0.296551 0.073990 -0.509983 0.192630
-0.436670 0.156605 -0.933082 0.277921
-1.671950 0.093410 -2.101275 0.275085
-0.442471 0.022720 -0.354579 0.122608
-1.571311 0.078415 -1.746412 0.247365
-1.799510 0.089050 -2.012205 0.296243
-1.772440 0.064910 -1.917745 0.226107
-0.995010 0.083265 -1.236111 0.268647
-0.122130 0.030025 -0.439946 0.110162
-0.586030 0.025870 -0.482959 0.134596
-1.642030 0.091205 -1.917325 0.188791
0.475880 0.084090 0.133921 0.224367
1.315289 0.033300 0.762035 0.121550
0.853720 0.024395 1.021335 0.127660
-1.070351 0.065630 -1.271769 0.225157
0.454820 0.027755 0.603845 0.118020
0.453150 0.028585 0.592835 0.136470
0.810200 0.050440 1.077945 0.179890
0.504550 0.052595 0.435825 0.189494
-0.941441 0.028385 -1.392829 0.048032
0.291209 0.027680 0.582495 0.086140
-1.426820 0.131700 -1.560022 0.272157
-0.076950 0.027890 0.242215 0.058182
-0.100511 0.023125 0.228012 0.049529
-1.495690 0.033795 -1.461956 0.154541
-0.754161 0.029970 -0.726454 0.106945
-0.727060 0.112855 -0.915521 0.316772
-0.048120 0.072875 -0.032068 0.250237
-0.132641 0.053910 0.225276 0.063059
-0.152440 0.050345 0.210041 0.063451
0.731030 0.076340 0.433855 0.154175
-0.773280 0.025215 -0.592592 0.122312
0.781520 0.019170 0.997375 0.078920
-0.393881 0.022275 -0.178629 0.071694
-1.516800 0.098380 -1.845755 0.269323
-0.295011 0.088555 -0.551099 0.279064
-1.851561 0.117260 -1.868715 0.224151
-0.211941 0.071760 -0.368549 0.209387
-0.871120 0.099350 -1.034546 0.390173
-0.498680 0.035025 -0.160127 0.078956
-0.084790 0.019790 0.161124 0.063371
-1.262681 0.077365 -1.092753 0.243274
-1.374031 0.066630 -1.567687 0.165047
0.015619 0.027660 0.034323 0.135942
-1.210900 0.077625 -1.430424 0.269593
-0.793970 0.039200 -0.856417 0.120197
-0.879460 0.034120 -0.798405 0.206786
-0.352870 0.042610 -0.635830 0.109607
-0.731140 0.046450 -0.726304 0.179145
1.052890 0.019250 1.256225 0.090245
-1.494161 0.038195 -1.090204 0.026788
-0.194201 0.060665 -0.463563 0.213229
-1.097651 0.056330 -1.176176 0.203923
-1.460270 0.077455 -1.682161 0.286822
0.439569 0.067815 0.237318 0.161701
1.346889 0.019100 1.030865 0.068590
-1.037460 0.087705 -1.350820 0.278281
-0.636101 0.015670 -0.372255 0.050367
0.396830 0.039700 0.782425 0.038670
0.651010 0.026025 1.056165 0.019705
0.292950 0.075800 -0.021580 0.184128
-0.779020 0.046730 -0.493510 0.149665
-0.464200 0.068905 -0.772720 0.174913
0.774949 0.081970 0.435735 0.210936
-0.177860 0.095490 -0.217210 0.275468
-1.860991 0.118410 -1.905095 0.199868
-0.516061 0.023205 -0.445439 0.158189
0.793360 0.038110 1.173345 0.032205
-0.489201 0.068985 -0.710345 0.206498
-0.246020 0.079045 -0.345822 0.314376
-1.314510 0.142715 -1.792735 0.466591
-2.257081 0.137150 -2.063625 0.187225
-1.007320 0.061535 -1.221524 0.116105
-1.243041 0.049995 -1.318684 0.139288
-1.088631 0.033205 -1.629271 0.091709
0.041409 0.017975 0.235946 0.091023
-1.022921 0.033245 -0.975824 0.179751
1.342389 0.044950 0.844035 0.131360
1.070990 0.037550 0.987295 0.123590
0.040609 0.114685 0.018523 0.168885
-1.187991 0.075445 -1.415448 0.260970
-0.699480 0.054265 -0.858661 0.112230
-0.698771 0.052575 -0.869200 0.106841
-0.634741 0.134550 -1.098381 0.326300
-0.028931 0.023760 0.244741 0.056589
-1.269240 0.096155 -1.626973 0.325831
1.134390 0.047500 1.010035 0.094830
-0.478491 0.053425 -0.570142 0.242853
0.062429 0.035325 0.514775 0.026965
0.068439 0.036120 0.524655 0.026745
-1.554090 0.039105 -1.055466 0.027700
-1.405981 0.050005 -0.925911 0.056341
0.847429 0.069135 0.530755 0.221680
0.472819 0.053265 0.329555 0.154839
-1.169021 0.114045 -1.518070 0.383424
-0.553451 0.055730 -0.997301 0.163517
-0.898101 0.030175 -0.926940 0.120069
-1.141710 0.058395 -0.907844 0.102715
0.845200 0.040635 0.847035 0.212530
0.117339 0.021365 0.236551 0.112228
0.634959 0.030275 0.978095 0.044875
0.153560 0.023835 0.361955 0.095830
0.214290 0.026125 0.540715 0.054085
-0.443590 0.092055 -0.684181 0.218400
0.121099 0.020320 0.263065 0.113582
0.120589 0.020305 0.261485 0.107492
-1.294351 0.053625 -1.428484 0.104603
0.886800 0.042425 0.872085 0.169675
0.882339 0.028495 0.901655 0.140300
-0.434220 0.060565 -0.565649 0.262329
0.422259 0.035605 0.754105 0.070665
-0.286950 0.091335 -0.440608 0.292241
-1.469901 0.098460 -1.801645 0.298436
-0.163590 0.044190 0.265855 0.118018
-0.359751 0.033080 -0.349661 0.154189
-0.832041 0.141210 -1.128159 0.484799
0.182309 0.024110 0.288805 0.127768
-0.168361 0.069520 -0.228172 0.243738
-1.622671 0.060395 -1.730306 0.149016
-0.371221 0.032320 -0.299398 0.177014
0.002669 0.099085 -0.248893 0.252485
0.211309 0.070895 -0.005071 0.161368
0.911790 0.024270 1.136955 0.086535
-0.915311 0.093165 -1.237647 0.296683
-0.406871 0.020380 -0.180791 0.058509
-0.506210 0.126995 -0.762774 0.408711
-1.509780 0.049670 -1.589662 0.088317
-0.333631 0.047515 -0.780309 0.226350
1.146290 0.024850 0.730315 0.125855
0.503799 0.016810 0.771905 0.050840
0.128889 0.018315 0.370995 0.080090
-1.322801 0.100270 -1.250074 0.228515
0.109260 0.023070 0.437655 0.042300
0.110629 0.022400 0.437775 0.041060
0.769440 0.093910 0.271975 0.305584
1.121790 0.042500 1.056895 0.131315
-1.237020 0.107895 -1.615224 0.309907
-1.117920 0.067930 -1.235447 0.229813
-0.693931 0.021675 -0.597397 0.109424
0.961989 0.136840 0.511675 0.403048
-0.818581 0.026520 -1.309654 0.066704
-1.284811 0.039990 -0.911394 0.039996
-0.464291 0.070865 -0.634451 0.265056
-0.436371 0.080455 -0.691794 0.293698
0.865950 0.016850 1.043185 0.095270
0.866050 0.017285 1.046275 0.094840
-0.296890 0.063090 -0.491528 0.116264
-1.969861 0.069735 -2.109855 0.292575
-0.079190 0.081255 -0.028032 0.248247
-0.769610 0.018880 -0.702893 0.094694
-1.163391 0.027445 -0.830951 0.049803
0.458240 0.020345 0.731365 0.070725
0.074080 0.059475 0.451055 0.066510
0.072220 0.058895 -0.292512 0.159466
-0.287960 0.021485 -0.224873 0.119911
-0.366820 0.088265 -0.537035 0.312343
-0.688900 0.068155 -0.854700 0.217269
-0.030641 0.022500 0.161452 0.126035
0.742049 0.056995 0.572375 0.104480
0.501050 0.044675 0.953855 0.049020
-0.547710 0.051645 -0.125012 0.078765
-0.811001 0.080805 -1.014839 0.302383
0.487570 0.053265 0.517875 0.250313
-0.838310 0.045555 -0.883410 0.174718
0.070539 0.067495 -0.306556 0.204901
0.539169 0.025945 0.942535 0.021975
-0.649080 0.022695 -0.524194 0.114094
-0.692250 0.062090 -0.457785 0.198344
-1.464321 0.138090 -1.246591 0.160927
0.167569 0.023915 0.440975 0.077250
0.190789 0.075790 -0.064246 0.270223
-0.801921 0.094855 -0.749884 0.143878
-0.584841 0.033235 -0.384561 0.080582
-1.118140 0.135105 -1.218771 0.233626
0.083380 0.034860 0.110272 0.218478
0.086349 0.038100 0.073506 0.217710
-0.777321 0.027640 -0.401767 0.026261
1.264290 0.057700 1.590605 0.114125
1.304290 0.041200 1.659495 0.060410
0.667299 0.040595 0.935145 0.204165
0.656779 0.031530 1.031125 0.062920
-0.283951 0.050110 0.050347 0.081842
-0.285701 0.050425 0.053190 0.079442
0.789109 0.028165 1.074665 0.065895
-0.821131 0.026790 -0.708237 0.142748
0.847879 0.064550 0.397985 0.223248
-0.409040 0.038875 -0.303674 0.193094
-0.157741 0.055250 -0.287564 0.135756
0.007660 0.078680 -0.158924 0.284636
0.332629 0.017185 0.461615 0.072195
0.420950 0.015470 0.568195 0.058910
-0.200801 0.063160 -0.502553 0.159837
0.194810 0.024910 0.396215 0.101780
0.828640 0.021665 1.070095 0.096570
-1.006990 0.054875 -1.270100 0.194830
-1.224481 0.057730 -1.486295 0.166233
-1.288190 0.045610 -1.343448 0.165791
-0.056351 0.025105 0.220344 0.082653
0.481350 0.036865 0.522375 0.193045
-0.669471 0.041725 -0.747085 0.156408
0.570720 0.022390 0.712225 0.117025
1.059690 0.020250 0.687165 0.104230
-1.034301 0.068890 -0.815855 0.137938
0.419990 0.068400 0.249638 0.251500
0.703850 0.030835 0.775095 0.155640
0.405729 0.044340 0.868455 0.020970
1.156190 0.043300 1.055025 0.102465
-1.132801 0.241255 -0.964755 0.238652
0.326110 0.077505 0.074420 0.250354
-1.122321 0.094040 -1.054351 0.307924
1.722289 0.055650 1.455935 0.169580
-0.637590 0.116785 -0.769881 0.213100
0.428539 0.016895 0.645205 0.067550
0.610499 0.055770 1.042315 0.122285
0.733069 0.012470 0.744765 0.072900
-0.025150 0.033950 -0.069812 0.132829
-0.555901 0.098230 -0.819380 0.216269
0.946890 0.018200 1.255265 0.047120
-0.650620 0.022640 -0.539582 0.098305
1.330890 0.022700 1.601595 0.070395
0.244320 0.028555 0.566875 0.082790
0.132179 0.044360 0.037762 0.192447
0.396810 0.026010 0.589045 0.101280
-0.125760 0.113490 -0.480049 0.402377
0.785709 0.084520 0.446775 0.183410
0.153020 0.024145 0.164370 0.127643
0.153810 0.026910 0.160717 0.131605
-0.254320 0.063055 0.153663 0.060299
-1.569251 0.097145 -1.903045 0.281983
0.292350 0.024190 0.496035 0.096815
-0.353471 0.045150 -0.349603 0.176444
0.447809 0.178705 -0.005360 0.392246
0.189569 0.021660 0.456445 0.076000
-0.350221 0.030185 -0.092631 0.072686
0.378920 0.057840 0.184909 0.200982
0.757710 0.023830 0.935975 0.110945
1.192789 0.049650 1.571055 0.057690
0.457310 0.037290 0.399305 0.139550
0.903390 0.033890 1.073485 0.158385
0.212460 0.021380 0.445695 0.091115
0.496519 0.037935 0.850575 0.064205
0.748750 0.094050 0.925975 0.262160
0.797190 0.030775 1.145795 0.048635
1.345590 0.058750 0.968305 0.156395
1.120290 0.022650 1.461015 0.047180
0.964890 0.034050 1.076675 0.159560
0.680880 0.036820 0.770345 0.195935
-0.144220 0.084970 -0.023409 0.149152
0.408460 0.023580 0.750295 0.045505
0.074169 0.023700 0.267925 0.084538
0.573440 0.021440 0.879075 0.059325
0.136319 0.048175 0.333955 0.208194
0.659280 0.039065 0.828925 0.141400
0.126309 0.025390 0.439875 0.049785
0.196509 0.079220 0.235644 0.254003
-0.296990 0.052000 0.206385 0.073786
0.891999 0.022395 0.533895 0.109810
-0.560921 0.076080 -0.611344 0.242077
1.656790 0.038000 1.632135 0.213735
-0.329631 0.037325 -0.280438 0.189744
0.538730 0.021765 0.709905 0.102335
-0.384750 0.096005 -0.320670 0.241199
0.923889 0.062830 0.768875 0.252210
-0.847060 0.083150 -0.415825 0.103689
-0.352210 0.062975 -0.444560 0.186829
-0.654190 0.046605 -0.710023 0.138764
0.320129 0.043020 0.425475 0.256148
0.217649 0.047690 0.008239 0.071704
1.005489 0.056900 0.850455 0.146035
0.291949 0.028580 0.571075 0.087420
-0.017071 0.021420 0.248299 0.062759
1.516890 0.083350 1.095825 0.259625
0.311780 0.049245 0.751275 0.058570
0.053289 0.025030 0.368085 0.061535
-0.056951 0.073175 0.014344 0.315385
-0.037511 0.047460 0.068690 0.238385
-0.290010 0.042505 0.166768 0.030672
0.267900 0.018185 0.518895 0.057965
0.717030 0.029770 1.083965 0.042775
1.201989 0.041200 1.136535 0.207580
-0.282340 0.068025 -0.445120 0.191835
-0.695451 0.051000 -0.785664 0.094711
1.012290 0.027150 1.016305 0.126265
-0.671221 0.086440 -0.364732 0.152003
-0.343841 0.040725 0.103071 0.029820
0.455040 0.045175 0.540595 0.217100
0.603860 0.027250 0.690305 0.184495
-0.992730 0.083320 -1.203306 0.265456
0.729630 0.046135 0.736285 0.249625
0.312469 0.032360 0.706175 0.034990
0.799250 0.055505 0.431115 0.178188
0.329470 0.039020 0.392225 0.216761
-0.325380 0.027455 -0.016649 0.055907
0.524309 0.060880 0.376885 0.182022
0.633070 0.019785 0.839205 0.065570
0.974090 0.045000 0.808115 0.082990
0.533489 0.023505 0.680495 0.116990
-0.109510 0.043885 -0.119672 0.174948
0.152390 0.067935 0.127927 0.253850
0.284229 0.020955 -0.003565 0.061920
-0.711890 0.064175 -0.333050 0.104534
-0.100181 0.047665 -0.167493 0.164564
-0.493051 0.058080 -0.594944 0.182244
-0.102671 0.069975 -0.197096 0.217167
0.282650 0.047465 0.186746 0.126521
-0.145370 0.021975 0.128386 0.063273
0.568330 0.064055 0.456655 0.126260
-0.083040 0.028940 0.056810 0.129956
-0.282021 0.094900 -0.206133 0.172273
-0.221701 0.018920 -0.005616 0.068846
-0.571151 0.051345 -0.591834 0.191022
0.715380 0.020160 0.954115 0.078420
0.138829 0.058060 0.122578 0.268761
-0.147810 0.106405 -0.479980 0.377826
0.660820 0.059440 0.494815 0.150240
0.935789 0.043000 0.679485 0.078530
1.360590 0.019700 1.482505 0.082755
-0.252360 0.072080 -0.407470 0.288985
0.057230 0.025960 0.145593 0.132047
-0.132490 0.063270 -0.286454 0.255664
-0.301001 0.049010 -0.455346 0.263932
-0.341270 0.057090 0.141276 0.036103
1.338389 0.061500 1.193615 0.155275
0.829630 0.040350 0.859545 0.220760
-0.150921 0.080800 -0.257295 0.218836
-0.145121 0.037135 0.190263 0.094879
0.531759 0.089425 0.417605 0.173472
0.631639 0.084240 0.477575 0.202725
0.705119 0.026530 0.856945 0.138910
0.271099 0.082680 -0.146302 0.220510
0.266569 0.041800 0.688355 0.041560
0.415400 0.065560 0.278625 0.233698
-0.542030 0.085915 -0.304550 0.147032
-0.655271 0.040825 -0.127190 0.022736
-0.157391 0.146310 -0.434990 0.481142
-0.441481 0.115445 -0.417953 0.190472
0.108049 0.140390 -0.211807 0.437403
-0.456201 0.073405 -0.271535 0.112092
-0.581051 0.044275 -0.350223 0.157112
1.030089 0.077300 0.609325 0.205690
-0.240200 0.078755 -0.739121 0.191345
-0.825311 0.170475 -0.371560 0.164439
0.317900 0.056130 0.171008 0.108351
-0.021831 0.087330 0.098422 0.200606
0.429629 0.038560 0.754075 0.091945
-0.354231 0.103510 -0.416220 0.190350
0.088770 0.095635 0.030952 0.192002
0.060040 0.087460 -0.098084 0.313024
1.369289 0.057650 1.175625 0.133310
0.599879 0.032835 0.665785 0.230505
-0.784591 0.093350 -0.990806 0.181607
0.528509 0.117005 0.170761 0.397366
-0.227120 0.055140 -0.322506 0.192860
1.200589 0.087300 0.901925 0.174155
0.748750 0.020360 0.980685 0.064415
0.106750 0.072035 -0.047001 0.185056
1.615689 0.071000 1.340455 0.142560
-0.727470 0.115140 -1.058642 0.381208
0.485720 0.040385 0.936335 0.021320
-0.237181 0.100645 -0.433698 0.350323
0.963490 0.089725 0.626735 0.261855
0.072639 0.086365 0.025837 0.262942
-0.463660 0.083935 -0.090079 0.162779
0.539599 0.040215 0.490615 0.160250
0.620850 0.028340 0.774945 0.121480
-0.256580 0.031845 0.071736 0.054401
0.612920 0.054690 0.452915 0.138010
0.798820 0.046010 0.559615 0.089525
1.302990 0.040000 1.305495 0.156050
0.468490 0.068725 0.411135 0.281823
-1.040171 0.064065 -0.606907 0.061950
-1.177130 0.159720 -1.144777 0.257857
0.958790 0.039850 1.016745 0.212185
0.089479 0.072720 0.024227 0.270453
0.290810 0.073185 0.558415 0.249860
0.077880 0.038445 0.503435 0.035110
1.869690 0.054500 1.626455 0.145790
0.497080 0.025540 0.871045 0.032490
0.052170 0.057935 -0.067613 0.246751
1.385890 0.069700 1.327715 0.209310
-0.380481 0.024915 -0.195238 0.081663
0.014830 0.058460 0.363545 0.077090
0.554330 0.020320 0.781115 0.095465
-1.115850 0.094860 -0.693132 0.099121
0.352500 0.026330 0.632895 0.089760
1.188789 0.021850 1.326125 0.145220
1.006089 0.056800 0.893945 0.194010
0.222090 0.053310 0.100720 0.157235
0.040529 0.053370 0.040984 0.266127
0.800119 0.073680 0.549805 0.206890
0.703719 0.074370 0.448375 0.204636
0.241400 0.049605 0.224779 0.203720
-1.124630 0.146305 -0.925661 0.203767
0.751189 0.037945 0.189784 0.164590
-0.698171 0.074385 -0.476304 0.199164
-0.654150 0.151875 -0.904995 0.214485
0.422549 0.024230 0.754875 0.053175
-0.918771 0.106205 -1.257155 0.273945
-0.298930 0.103895 -0.438738 0.357383
0.775970 0.023195 1.087555 0.066835
0.096700 0.067990 -0.032930 0.249468
1.470889 0.018950 1.137825 0.064110
0.511880 0.029795 0.645855 0.177035
0.938789 0.040300 0.943405 0.172460
0.262099 0.067050 0.076935 0.197208
-0.841391 0.094220 -1.178596 0.266048
0.493810 0.048325 0.006297 0.160707
1.001989 0.034250 0.565405 0.201535
0.075190 0.033880 0.440195 0.041255
0.791039 0.077825 0.525365 0.214435
-0.089170 0.036950 0.345475 0.041475
0.743500 0.067925 0.734575 0.295200
-0.012401 0.056915 0.280095 0.153262
-0.288341 0.069085 -0.283867 0.309555
0.320220 0.027220 0.346275 0.126833
-0.076421 0.057560 0.310415 0.058537
0.481549 0.047550 0.725865 0.147710
0.251100 0.028100 0.533865 0.095170
-0.443581 0.033905 -0.475424 0.178719
0.405970 0.030630 0.566855 0.128970
0.388610 0.037325 0.419685 0.201262
0.213260 0.088170 -0.004087 0.171861
1.051290 0.120350 1.208835 0.415925
-0.187700 0.060825 -0.230884 0.254451
0.003400 0.082760 -0.102775 0.297617
0.528080 0.044225 0.527955 0.183060
0.396970 0.074680 0.376795 0.210557
0.325080 0.087235 -0.021947 0.243332
-0.207081 0.088385 -0.434573 0.302422
0.369329 0.038630 0.330895 0.211419
1.114090 0.040600 0.932025 0.056765
0.840400 0.071695 1.221565 0.084100
0.400330 0.052950 0.398935 0.229435
0.322249 0.041690 0.583225 0.115260
-1.639161 0.100330 -1.949535 0.284548
-1.886920 0.188585 -1.898725 0.275173
-1.864851 0.108755 -1.886175 0.269670
-1.633050 0.117995 -1.990035 0.281366
-2.152101 0.259610 -1.624187 0.187258
-1.315490 0.291075 -1.059013 0.267393
-1.895360 0.167785 -2.176985 0.321060
-2.283620 0.122445 -2.024395 0.158505
-1.567841 0.119855 -1.692912 0.261979
-1.667030 0.149940 -1.766155 0.272985
