# id outlier x sx y sy covxy corrxy
1 0 10.552700 0.068300 1.016700 0.221060 0.007772 0.451560
2 0 9.676350 0.091605 1.615780 0.164315 -0.011551 -0.776920
3 0 9.585560 0.090435 1.040930 0.271672 -0.019771 -0.844800
4 0 9.228650 0.084035 0.853656 0.186985 -0.014292 -0.809660
5 0 10.546000 0.058700 2.514740 0.148860 -0.005958 -0.695100
6 0 9.727400 0.124225 1.610070 0.090320 -0.011211 -0.840620
7 0 9.068440 0.038260 1.169730 0.027870 -0.000242 -0.143710
8 0 8.656440 0.126040 0.005429 0.274395 -0.028107 -0.908700
9 1 10.781200 0.071600 0.505849 0.774966 0.010686 0.139300
10 0 9.048610 0.083295 -0.680463 0.355760 0.011826 0.337490
12 0 9.161660 0.030015 1.020880 0.151174 -0.002204 -0.497880
13 0 9.347760 0.098135 0.523851 0.227580 -0.018127 -0.811980
14 0 10.701900 0.060900 0.620230 0.600672 -0.002285 -0.034292
15 0 8.484110 0.052640 0.712739 0.071297 -0.002324 -0.616540
17 0 10.098100 0.067750 1.913960 0.181540 -0.009468 -0.764230
19 0 10.277500 0.077700 1.241920 0.145985 -0.002708 -0.250010
20 0 9.729710 0.045110 1.793490 0.031995 -0.000973 -0.322140
21 0 10.056000 0.076685 1.468430 0.156265 -0.011384 -0.855930
22 0 9.115530 0.023315 0.400234 0.225943 -0.001977 -0.294130
23 0 8.368250 0.092265 0.169265 0.186813 -0.013513 -0.829620
24 0 8.983150 0.095190 0.565742 0.147833 -0.012881 -0.892000
25 0 9.060750 0.031335 0.825953 0.186931 -0.008997 -0.799370
26 0 8.763960 0.087660 0.573062 0.178977 -0.012787 -0.852330
28 0 9.296160 0.106675 1.036070 0.179095 -0.016353 -0.847320
29 0 9.420480 0.037105 0.881779 0.194935 -0.008283 -0.782480
30 0 9.103640 0.023035 0.488287 0.166819 -0.003170 -0.614970
32 0 9.423540 0.027645 1.438030 0.061465 -0.000869 -0.406830
33 1 8.695920 0.059435 -1.445110 0.573179 0.007602 0.198470
35 0 8.899420 0.064185 0.933602 0.085019 -0.003322 -0.556000
36 0 10.375100 0.043550 1.535360 0.192590 -0.002814 -0.289310
37 0 10.028500 0.015350 1.396740 0.140470 -0.000781 -0.337670
38 0 9.840670 0.069960 1.653500 0.163510 -0.009989 -0.843420
39 0 9.440770 0.022270 1.183510 0.169470 -0.003076 -0.673210
41 0 8.075700 0.138690 -0.614588 0.324428 -0.032283 -0.736180
43 0 9.184890 0.100660 0.469061 0.221490 -0.017969 -0.877700
44 0 8.886280 0.041560 0.482778 0.154383 -0.005669 -0.794220
45 0 8.712810 0.083305 0.130191 0.204134 -0.013399 -0.800150
46 0 8.879060 0.088125 0.569598 0.131520 -0.011365 -0.888390
50 0 9.882530 0.046730 1.313370 0.145410 -0.005160 -0.710130
51 0 9.437790 0.036545 -0.477958 0.211995 0.001689 0.177540
52 0 9.015360 0.065780 -0.040210 0.185981 -0.002356 -0.187520
53 0 9.393520 0.093980 0.584189 0.176327 -0.012562 -0.801220
55 0 8.748760 0.067325 -0.068336 0.161557 -0.006853 -0.656290
56 0 9.003350 0.033250 0.204587 0.232146 -0.003494 -0.354500
57 0 10.798400 0.028250 2.351560 0.097860 -0.002735 -0.707800
58 0 9.190750 0.080775 1.040010 0.180747 -0.011824 -0.824740
59 0 7.602710 0.139955 -0.382222 0.078267 -0.010383 -0.690670
62 1 8.834040 0.031350 -1.866700 0.589030 0.002340 0.138130
64 0 8.946140 0.039625 0.513753 0.183290 -0.006332 -0.698250
66 0 8.084650 0.124895 -0.255683 0.197548 -0.020833 -0.894690
67 0 9.989510 0.037505 1.069250 0.145008 -0.003059 -0.358640
68 0 9.720560 0.124715 0.970790 0.320742 -0.029654 -0.852190
69 1 9.646170 0.026585 -1.854510 1.231665 0.001992 0.034426
70 0 9.983920 0.060555 1.607100 0.205545 -0.011433 -0.833320
71 0 9.318370 0.060225 1.152280 0.164217 -0.008403 -0.779350
72 0 8.499190 0.021270 0.283455 0.158931 -0.002233 -0.624390
73 0 10.007100 0.034800 1.767210 0.153905 -0.003906 -0.689530
74 0 9.803000 0.029715 1.151270 0.177750 -0.006955 -0.710500
75 0 9.116090 0.066830 0.437748 0.172726 -0.009450 -0.751670
77 0 9.405220 0.032340 1.166930 0.198063 -0.007202 -0.769620
78 0 7.575860 0.060850 -0.394034 0.055653 -0.001692 -0.420390
79 0 9.579100 0.036105 1.331230 0.146770 -0.003702 -0.619370
81 0 9.762810 0.072820 1.120560 0.165172 -0.009219 -0.786810
82 0 9.388970 0.075940 0.391315 0.163853 -0.004460 -0.373640
83 0 9.632390 0.054605 1.658300 0.099975 -0.005187 -0.669150
86 0 8.975440 0.039845 1.122250 0.018110 0.000026 0.030065
87 1 9.387350 0.041635 -1.356910 0.863520 0.006183 0.173620
90 0 8.901620 0.057420 0.836841 0.129757 -0.004975 -0.588040
92 0 9.118820 0.023780 0.139703 0.160088 -0.001803 -0.266600
93 0 9.468390 0.019425 1.155760 0.153685 -0.002172 -0.633030
94 0 10.484300 0.044600 1.945160 0.195475 -0.007114 -0.770350
95 0 8.598450 0.041620 0.577066 0.118904 -0.002791 -0.463130
96 0 9.666000 0.020640 1.506680 0.136105 -0.001441 -0.508820
97 0 10.007600 0.020210 1.785910 0.155930 -0.001888 -0.592360
98 0 9.223610 0.062780 1.111980 0.067850 -0.003270 -0.602660
99 0 9.490970 0.020970 0.339235 0.294962 0.000200 0.014329
103 0 7.947600 0.069695 -0.252324 0.094127 -0.006150 -0.855770
104 0 9.598810 0.040480 1.298940 0.138815 -0.004832 -0.713540
106 0 9.727090 0.056125 1.318330 0.120465 -0.005875 -0.789740
109 0 8.462590 0.209625 0.008709 0.418045 -0.063742 -0.943210
112 0 9.282770 0.055810 -0.066962 0.183914 -0.004187 -0.400550
115 0 7.891140 0.121015 -0.493207 0.211129 -0.020369 -0.816040
116 0 8.648140 0.073335 0.101161 0.187003 -0.011285 -0.807330
117 0 10.340500 0.082200 1.133990 0.225462 -0.007123 -0.412920
118 1 10.075600 0.034200 -0.129601 0.315574 -0.039364 -0.597370
120 0 9.787600 0.029735 1.444260 0.148595 -0.002862 -0.566200
121 0 10.073000 0.035950 1.815910 0.118800 -0.002697 -0.595390
122 0 9.605220 0.067765 1.542930 0.135795 -0.006186 -0.652120
123 0 9.431550 0.066160 1.034670 0.160535 -0.008521 -0.832890
124 0 9.469030 0.033675 0.826187 0.188835 -0.004142 -0.509070
125 0 9.911060 0.034210 1.654530 0.177005 -0.004779 -0.716170
126 0 9.145770 0.063135 0.902748 0.173993 -0.008222 -0.746290
127 0 8.444470 0.051995 0.622286 0.074691 -0.002509 -0.566430
128 0 9.393950 0.074310 1.117800 0.167256 -0.011343 -0.848690
131 0 9.215740 0.075505 0.809428 0.146519 -0.009888 -0.815740
132 0 10.019200 0.069670 1.081190 0.274258 -0.014333 -0.619380
133 0 9.149360 0.037490 1.063910 0.144619 -0.003696 -0.610380
135 0 9.189180 0.064835 0.518584 0.192577 -0.010580 -0.804720
137 0 9.191820 0.082085 0.524426 0.159221 -0.010959 -0.844950
138 0 8.804430 0.095400 0.614435 0.089988 -0.008989 -0.857290
141 0 8.946610 0.028245 0.984789 0.035159 -0.000547 -0.309740
142 0 9.505540 0.071020 0.568973 0.198695 -0.007043 -0.546280
143 0 9.213000 0.050445 0.952290 0.215791 -0.008777 -0.755640
144 0 8.117750 0.152880 -0.277297 0.241594 -0.028154 -0.792550
145 0 8.531060 0.061330 0.620487 0.040084 -0.002020 -0.440750
147 0 8.891720 0.035940 0.876381 0.085735 -0.001823 -0.511830
149 0 7.546810 0.081160 0.042191 0.064329 -0.003864 -0.690370
150 0 10.121400 0.034450 1.091770 0.211048 -0.003388 -0.319950
151 0 9.606220 0.036685 1.337280 0.178820 -0.005460 -0.718290
152 0 9.168560 0.072645 -0.282883 0.227192 0.004586 0.235350
153 0 9.478750 0.029140 1.228820 0.160765 -0.003591 -0.698140
155 0 9.046630 0.052015 1.012740 0.166376 -0.005036 -0.619630
156 0 9.807660 0.056645 1.554780 0.218320 -0.015070 -0.844070
157 0 10.145300 0.016700 1.853840 0.158680 -0.003899 -0.608290
158 0 8.358370 0.100045 -0.450945 0.214099 -0.014179 -0.712890
159 0 8.645520 0.116910 -0.245125 0.284839 -0.022202 -0.703020
160 0 8.377270 0.075950 0.458882 0.106580 -0.002949 -0.410930
163 0 8.876550 0.041505 0.601482 0.217893 -0.010560 -0.826570
165 0 8.961190 0.103030 0.759057 0.180385 -0.013439 -0.715610
166 0 9.132150 0.073740 0.791478 0.125927 -0.009827 -0.880740
167 0 8.317800 0.096870 -0.359341 0.232993 -0.015933 -0.776640
170 0 9.286130 0.055145 0.476036 0.189958 -0.007653 -0.606320
171 0 8.963210 0.034720 1.092690 0.016385 0.000000 0.000145
172 0 9.012030 0.044740 0.707062 0.199948 -0.006681 -0.730190
173 0 10.158600 0.036850 1.890920 0.130825 -0.003627 -0.654480
174 0 9.441640 0.016485 1.113660 0.161948 -0.002003 -0.640440
176 0 10.674400 0.043550 1.716300 0.242840 -0.005110 -0.468750
177 0 9.616410 0.021520 1.401770 0.155660 -0.001670 -0.498700
178 0 9.798500 0.060225 1.795440 0.104860 -0.006834 -0.748010
181 0 8.217100 0.188290 -0.299826 0.384099 -0.045971 -0.689650
182 0 8.889470 0.030990 0.765110 0.157496 -0.003007 -0.557840
183 1 9.715230 0.041140 -1.479140 1.831667 -0.019204 -0.159680
184 0 9.504050 0.065900 0.612853 0.167695 -0.004013 -0.366120
186 0 9.148200 0.038980 1.276900 0.027485 0.000330 0.261950
187 0 9.814540 0.107625 1.532090 0.216080 -0.019830 -0.883550
188 0 9.016370 0.069175 0.791950 0.089754 -0.005444 -0.751620
189 0 9.234610 0.035490 0.282701 0.220846 -0.004269 -0.366330
190 0 9.560640 0.091470 0.980088 0.172678 -0.014736 -0.932100
191 0 9.168870 0.032560 1.096540 0.131711 -0.002538 -0.540430
192 0 9.496880 0.027180 1.256520 0.178405 -0.005269 -0.748590
195 0 8.825050 0.029525 0.481376 0.198566 -0.005052 -0.736420
196 0 10.088800 0.046800 1.467840 0.178440 -0.006653 -0.738690
197 0 9.219090 0.072105 0.283587 0.174648 -0.006756 -0.522930
198 0 9.095870 0.034100 0.814476 0.212152 -0.008394 -0.768450
200 1 10.559500 0.036950 -0.197744 0.814140 0.004177 0.091467
201 0 9.120990 0.077190 0.287079 0.172954 -0.008953 -0.675760
203 0 8.823070 0.074915 0.393869 0.161760 -0.009842 -0.801630
204 0 8.603700 0.033975 0.377864 0.198373 -0.007260 -0.754420
205 0 10.531900 0.113450 1.778650 0.194500 -0.021247 -0.952960
207 0 9.618950 0.055475 0.370875 0.198905 0.000282 0.023879
209 0 9.370140 0.031985 1.165450 0.144370 -0.002440 -0.467260
210 0 9.777160 0.042620 1.494750 0.124820 -0.004033 -0.668670
212 0 9.424090 0.020360 1.230020 0.144465 -0.001542 -0.530300
213 0 9.935530 0.027010 1.320090 0.191120 -0.008776 -0.731590
215 0 9.434280 0.042150 0.775739 0.180733 -0.006712 -0.757230
216 0 9.296660 0.103220 0.564960 0.226645 -0.019934 -0.857780
218 0 8.614520 0.033510 0.319461 0.213312 -0.011420 -0.842700
219 0 10.264100 0.083800 1.143050 0.180725 -0.011583 -0.779540
220 0 9.293490 0.062620 1.054840 0.158112 -0.007551 -0.752490
221 0 9.284240 0.068660 0.578136 0.174426 -0.008399 -0.697260
222 0 10.074300 0.016050 1.835300 0.142980 -0.001069 -0.463880
223 0 8.859090 0.055330 -0.074650 0.226810 -0.004620 -0.346930
225 0 9.405380 0.050415 1.531570 0.030610 -0.000591 -0.300470
226 0 8.381270 0.092135 -0.017216 0.136553 -0.010691 -0.893220
227 0 9.033930 0.038865 -0.025095 0.163296 -0.001181 -0.147360
228 0 9.039830 0.106515 0.616635 0.216281 -0.020575 -0.899690
229 0 9.308460 0.044070 1.390690 0.027775 -0.000847 -0.382970
231 0 9.898660 0.040210 1.493180 0.211790 -0.008893 -0.746510
233 0 9.150010 0.074720 1.035580 0.173668 -0.011147 -0.780340
235 0 9.246950 0.103415 0.006390 0.166974 -0.009017 -0.583970
236 0 10.527700 0.019550 1.467100 0.266820 -0.001447 -0.188850
237 0 9.881450 0.016750 1.610990 0.156220 -0.001665 -0.618250
238 0 8.615240 0.057645 0.151281 0.168860 -0.008347 -0.804720
239 0 9.015780 0.037650 0.504626 0.240461 -0.009198 -0.783460
240 0 9.373600 0.086275 1.289460 0.136540 -0.008725 -0.775470
241 0 8.399830 0.130225 -0.728403 0.277644 -0.028876 -0.806480
242 0 9.141450 0.052325 1.253790 0.029755 -0.000606 -0.272370
243 0 9.391470 0.078610 1.096440 0.162329 -0.012393 -0.889170
244 0 10.219400 0.051150 2.138300 0.144940 -0.004486 -0.620460
245 0 9.764250 0.055070 1.432490 0.178475 -0.008182 -0.795390
246 0 10.197000 0.061200 0.423707 1.033467 -0.027962 -0.257420
247 0 8.758010 0.109960 -0.067606 0.313732 -0.025876 -0.685770
248 0 9.684290 0.019465 1.523940 0.134150 -0.001326 -0.519220
249 0 9.559090 0.135430 0.753268 0.245247 -0.030291 -0.946870
250 0 10.112800 0.070500 1.320440 0.202015 -0.009286 -0.586620
251 0 8.218500 0.097150 -0.666231 0.252551 -0.012601 -0.515130
253 0 9.121120 0.089645 0.648683 0.226285 -0.017894 -0.914130
254 0 8.592090 0.066915 0.384630 0.191586 -0.010563 -0.796480
255 0 8.902280 0.063325 0.484015 0.126070 -0.007172 -0.841490
256 0 9.328430 0.069980 0.842072 0.169913 -0.010359 -0.839800
258 0 8.698010 0.072980 0.208080 0.207829 -0.013312 -0.847250
259 0 9.155560 0.064060 0.790456 0.138091 -0.007782 -0.811940
260 0 8.907790 0.026140 0.847141 0.105239 -0.001445 -0.498610
261 0 8.562170 0.062025 0.413958 0.169194 -0.007271 -0.737460
263 0 9.192590 0.065365 1.100010 0.163618 -0.008214 -0.706360
265 0 9.659470 0.083595 1.018610 0.227568 -0.014788 -0.785810
266 1 10.367400 0.023200 -1.342740 1.686727 -0.002644 -0.042803
267 0 8.682390 0.047440 0.764829 0.029637 -0.001110 -0.455610
268 0 8.744980 0.105710 0.068168 0.205089 -0.018035 -0.922170
269 0 9.483830 0.043665 1.038100 0.123442 -0.004900 -0.749660
270 0 8.882540 0.069510 0.570369 0.121458 -0.008188 -0.869450
271 0 8.409900 0.046230 0.377480 0.110224 -0.004848 -0.698030
272 0 10.251100 0.053000 1.906020 0.202655 -0.009661 -0.810010
273 1 9.062040 0.055045 -1.205360 0.616556 0.009888 0.263140
274 0 9.677900 0.031090 1.742050 0.026460 -0.000593 -0.329340
275 0 9.068290 0.078290 -0.574023 0.259492 0.010308 0.435870
276 0 9.927510 0.101210 1.467880 0.173160 -0.014999 -0.936640
277 1 9.354350 0.055230 -6.464950 3.489395 0.017653 0.094480
278 0 9.683670 0.035850 1.474960 0.158630 -0.004296 -0.672610
280 0 8.653160 0.080420 -0.031282 0.149359 -0.009722 -0.813110
283 0 9.425140 0.074100 1.127940 0.187112 -0.012462 -0.834950
284 0 9.894430 0.017490 1.065760 0.170657 -0.001039 -0.305830
285 0 9.015780 0.091730 0.359605 0.233811 -0.015444 -0.795960
286 0 9.855900 0.017940 1.559790 0.158115 -0.001834 -0.616650
287 0 8.919960 0.024115 0.670038 0.176755 -0.008331 -0.809450
291 0 7.872340 0.028680 -0.612646 0.121925 -0.002746 -0.694150
293 0 10.186900 0.074050 1.545020 0.217110 -0.011951 -0.736650
294 0 9.785440 0.035290 1.117580 0.219177 -0.007207 -0.746510
295 0 8.112490 0.130190 -0.029579 0.103044 -0.012516 -0.839410
297 0 10.295800 0.056500 1.675920 0.238280 -0.012398 -0.780830
298 0 9.011300 0.026195 0.156930 0.201630 -0.001752 -0.227840
300 0 9.112550 0.015965 0.178018 0.169037 -0.001286 -0.354840
301 0 9.746610 0.028715 1.563810 0.164850 -0.004164 -0.682070
302 0 10.013900 0.027445 1.696050 0.167725 -0.003985 -0.715590
304 0 9.771210 0.111275 1.141100 0.244511 -0.023678 -0.883150
305 0 8.841570 0.082605 0.540485 0.153997 -0.012720 -0.894430
306 0 10.081000 0.083600 0.901457 0.157369 -0.004281 -0.351590
307 0 8.825530 0.043400 0.919729 0.022986 -0.000254 -0.156080
308 0 8.414230 0.121885 0.462183 0.069982 -0.012175 -0.810330
309 0 9.251990 0.080485 0.207338 0.239455 -0.002462 -0.128970
311 0 8.854890 0.086930 -0.576560 0.269140 0.011572 0.457940
312 0 8.146110 0.081640 0.075653 0.079973 -0.005008 -0.691130
314 0 9.041700 0.089870 0.489852 0.162771 -0.012841 -0.922890
315 0 9.003450 0.066620 0.296364 0.234786 -0.012460 -0.753970
316 0 9.288300 0.111055 0.778009 0.214599 -0.021585 -0.935390
317 0 9.427920 0.034550 1.026190 0.157987 -0.005249 -0.757540
318 0 8.717510 0.060685 0.306511 0.105485 -0.006224 -0.857530
321 0 9.424050 0.022240 1.334900 0.109505 -0.001361 -0.533540
322 0 8.936930 0.020995 0.181029 0.177505 -0.002818 -0.491340
323 0 8.889800 0.034690 0.957576 0.019534 -0.000664 -0.400560
324 0 9.720380 0.028935 1.582630 0.151890 -0.003518 -0.661620
326 0 8.925190 0.062725 0.497449 0.106732 -0.006242 -0.893940
329 0 9.695180 0.018960 1.551580 0.121645 -0.001111 -0.482480
330 1 9.921420 0.048270 -0.371814 0.601342 -0.009360 -0.103670
331 0 9.793180 0.019980 1.619210 0.133945 -0.001541 -0.543030
333 0 9.998030 0.080385 1.524760 0.181450 -0.013104 -0.785390
334 0 10.273600 0.070900 1.496300 0.341715 -0.016095 -0.715540
335 0 9.977490 0.026020 1.520430 0.186010 -0.004800 -0.772380
340 0 9.331230 0.068995 -0.111981 0.053081 -0.000367 -0.096148
342 0 9.356180 0.016775 0.623344 0.152012 -0.001120 -0.392260
343 0 7.312210 0.095990 -0.504649 0.093504 -0.006476 -0.669120
344 0 9.061190 0.075145 0.488131 0.165348 -0.010926 -0.877140
345 0 8.200410 0.066745 0.192885 0.116930 -0.006158 -0.679530
352 0 8.569080 0.065870 0.308079 0.118066 -0.007669 -0.882060
355 0 9.347620 0.071975 1.177760 0.176120 -0.009616 -0.760980
356 0 8.026550 0.066770 0.056433 0.059014 -0.003233 -0.665960
357 0 9.010080 0.111000 0.479149 0.187964 -0.018726 -0.945580
358 0 9.224240 0.029940 1.275670 0.028550 -0.000882 -0.413380
363 0 9.638590 0.020690 1.344480 0.150040 -0.002212 -0.649430
364 0 8.897120 0.059080 0.526124 0.142365 -0.007660 -0.825480
365 0 9.752010 0.040015 1.553320 0.160380 -0.004633 -0.681570
366 0 8.879400 0.026570 0.770206 0.124092 -0.002123 -0.642950
367 0 9.157770 0.054745 -0.496759 0.314124 0.009043 0.443770
368 0 9.692850 0.019245 1.388920 0.180980 -0.003193 -0.714960
369 0 9.736400 0.027160 1.718010 0.082925 -0.001152 -0.463950
370 0 9.361250 0.050090 1.226040 0.124230 -0.004049 -0.583140
371 0 8.974900 0.060105 0.508443 0.153645 -0.009199 -0.887130
372 0 9.705570 0.086380 0.160678 0.180417 0.001324 0.082855
373 0 9.625260 0.016980 1.180920 0.161755 -0.001670 -0.549670
374 0 9.671920 0.022745 1.481890 0.152790 -0.002546 -0.681990
375 0 9.000430 0.043135 0.782939 0.191462 -0.007946 -0.787980
376 0 9.278420 0.027900 0.640271 0.215184 -0.013936 -0.748690
378 0 8.741370 0.056290 -0.045146 0.178805 -0.006427 -0.539920
379 0 9.571240 0.064095 -0.145955 0.347476 0.006580 0.245070
380 0 10.096300 0.025750 2.080970 0.064580 -0.001073 -0.535270
381 0 8.410120 0.101740 -0.534908 0.193928 -0.015244 -0.883490
382 0 10.208100 0.092000 1.578200 0.246745 -0.018138 -0.854300
383 0 9.806000 0.016940 1.662990 0.123290 -0.001002 -0.484000
385 0 9.647120 0.050675 0.826641 0.188368 -0.006599 -0.653240
386 0 9.725320 0.065635 0.707477 0.161711 -0.005802 -0.479550
389 0 9.910280 0.023555 1.429200 0.129460 -0.003031 -0.683450
391 0 9.098840 0.088215 0.203434 0.172491 -0.010711 -0.698670
392 0 9.330930 0.043170 1.274670 0.118500 -0.002912 -0.506070
393 0 8.437090 0.041750 0.490224 0.031634 -0.001002 -0.415370
394 0 9.330270 0.059970 1.047710 0.169524 -0.009011 -0.842510
396 0 9.768850 0.051135 1.824120 0.042040 -0.001308 -0.410590
397 0 9.829790 0.029440 1.830640 0.060205 -0.000848 -0.385120
399 0 10.101400 0.026100 1.971470 0.155350 -0.002727 -0.448660
400 0 9.621320 0.016660 1.253610 0.157780 -0.001912 -0.691540
401 0 9.696100 0.074545 1.153810 0.189982 -0.011902 -0.877450
402 0 8.857360 0.077940 0.136549 0.159175 -0.009905 -0.834170
403 0 9.159070 0.054375 1.227040 0.044715 -0.001193 -0.356500
404 0 10.107300 0.064350 2.159860 0.063740 -0.003995 -0.528790
406 0 9.844310 0.051275 0.942609 0.170633 -0.005789 -0.655400
407 0 9.393910 0.049855 0.532344 0.163131 -0.006779 -0.594790
408 0 8.879220 0.086370 -0.308137 0.158342 -0.005840 -0.456700
409 0 8.592060 0.093285 0.221281 0.280285 -0.020434 -0.874040
410 0 9.767680 0.080940 0.970319 0.166689 -0.010201 -0.776170
411 0 9.029500 0.080835 0.306280 0.161759 -0.011567 -0.853640
412 0 9.217310 0.019115 0.984304 0.139030 -0.001211 -0.454880
414 0 10.137600 0.023200 1.932820 0.147465 -0.002183 -0.593060
415 0 8.855890 0.075675 0.626066 0.194150 -0.013354 -0.780870
416 1 9.959790 0.026335 -1.351830 1.399534 -0.005907 -0.066822
417 0 8.503320 0.044675 0.462309 0.094053 -0.010372 -0.844270
418 0 9.359400 0.024010 1.158010 0.144575 -0.001975 -0.575070
419 0 8.835220 0.037830 0.780660 0.116944 -0.002514 -0.546990
420 0 7.760290 0.061745 -1.828920 0.420440 0.008373 0.294150
421 0 8.111820 0.091565 -0.841073 0.259823 -0.005910 -0.202990
424 0 8.477260 0.022305 -0.379475 0.244565 -0.000128 -0.020900
425 0 9.071950 0.073190 0.343175 0.194335 -0.013877 -0.767330
426 0 9.055050 0.024905 0.373527 0.176012 -0.005663 -0.632180
427 0 8.581090 0.074175 0.184351 0.108236 -0.007124 -0.893840
428 0 7.958010 0.088985 -0.644263 0.176614 -0.012939 -0.862950
429 0 8.527480 0.072480 0.633654 0.045562 -0.002087 -0.494790
432 1 9.131170 0.053235 -6.614910 4.143110 0.050914 0.217840
433 0 8.934150 0.052530 0.287626 0.199278 -0.008465 -0.678120
434 0 7.270380 0.082045 -1.235690 0.251983 -0.012551 -0.683150
435 0 9.270710 0.025700 1.059320 0.165750 -0.003379 -0.670870
436 0 9.913110 0.061145 2.089870 0.059890 -0.002953 -0.681800
437 1 7.522740 0.076855 -3.182450 1.319945 -0.006124 -0.054576
438 0 9.792690 0.062200 0.915777 0.151215 -0.006014 -0.656510
439 0 9.609880 0.021595 1.446290 0.135370 -0.001479 -0.512720
442 0 9.881000 0.029090 1.477220 0.203680 -0.004920 -0.729040
443 0 9.156710 0.023415 0.695323 0.185074 -0.006685 -0.756110
444 0 9.643640 0.070055 1.129470 0.154238 -0.010991 -0.864620
448 0 8.393090 0.107410 -0.370642 0.226582 -0.019525 -0.848250
449 0 8.409960 0.031970 0.022389 0.168860 -0.005615 -0.759240
452 0 8.883830 0.087705 0.010945 0.189872 -0.011726 -0.717200
453 0 8.771200 0.119835 0.104257 0.290455 -0.027324 -0.914710
455 0 9.148510 0.073720 0.453477 0.166998 -0.008510 -0.696400
456 0 8.824710 0.034360 0.778012 0.104283 -0.002268 -0.603090
458 0 8.546670 0.042050 0.557280 0.072445 -0.001705 -0.459930
459 0 8.144380 0.089290 -1.158750 0.204196 -0.000581 -0.028135
461 0 8.140150 0.114020 -0.667391 0.241609 -0.020174 -0.821050
467 0 9.720410 0.019995 1.599150 0.114520 -0.001436 -0.615490
468 0 8.405880 0.106205 -0.534345 0.268766 -0.024640 -0.847660
469 0 7.889350 0.101765 -1.049800 0.213910 -0.011044 -0.506110
470 0 8.925830 0.021130 0.568446 0.180626 -0.003371 -0.708330
471 0 8.408450 0.125155 0.259302 0.100023 -0.014224 -0.855370
472 0 10.587600 0.054250 1.940250 0.167250 -0.006978 -0.642110
475 0 9.279830 0.055730 1.433420 0.036640 -0.001211 -0.456010
476 0 9.282840 0.057460 1.432670 0.038715 -0.001725 -0.518950
477 1 9.621860 0.032755 -2.036260 1.629623 -0.030409 -0.198860
478 0 8.034260 0.108030 -1.240650 0.229992 -0.007925 -0.288170
479 0 9.178420 0.084190 0.823108 0.130060 -0.010217 -0.910440
480 0 8.798160 0.090495 0.285704 0.164132 -0.013120 -0.895610
481 0 7.905550 0.056045 -1.324500 0.282465 0.001286 0.068560
482 0 8.136670 0.134910 -0.251250 0.411466 -0.038348 -0.932460
483 0 7.628400 0.077555 -0.845737 0.202070 -0.010711 -0.599940
484 0 9.547970 0.038515 0.971040 0.215192 -0.008946 -0.781430
485 0 8.855990 0.028670 0.694379 0.155560 -0.003834 -0.682010
486 0 8.547870 0.085840 -0.458003 0.188426 -0.008297 -0.549890
487 0 8.045810 0.070960 -1.527220 0.275920 0.007274 0.315870
488 0 7.373230 0.075885 -1.776600 0.348095 -0.002779 -0.084180
489 0 9.227960 0.055795 0.001144 0.187617 -0.005941 -0.587950
490 0 8.263590 0.061355 -0.685658 0.168982 -0.003239 -0.321890
491 0 8.235330 0.074480 -0.646639 0.170687 -0.007137 -0.605050
492 0 8.477730 0.036440 -0.223491 0.214640 -0.003645 -0.403490
493 0 7.574520 0.072065 -1.352970 0.203180 -0.004274 -0.273820
494 0 8.223340 0.077280 -0.327047 0.169031 -0.010531 -0.850380
495 0 9.725960 0.051655 1.698170 0.126045 -0.003976 -0.629140
497 0 8.433100 0.024165 0.426883 0.062186 -0.000680 -0.365290
498 0 9.070440 0.034575 0.651459 0.184242 -0.006218 -0.771500
499 1 8.855030 0.081440 -12.176000 8.877215 -0.074651 -0.116290
501 0 9.585240 0.064555 0.818620 0.190156 -0.009665 -0.597710
504 0 8.160160 0.079825 -0.249718 0.201843 -0.014781 -0.693340
505 0 7.589560 0.161880 -0.666578 0.198491 -0.023210 -0.682720
506 0 8.024590 0.077550 -0.184243 0.106776 -0.004075 -0.436410
507 0 6.924170 0.069710 -1.130060 0.172540 -0.002790 -0.252770
508 0 8.586690 0.054645 -0.764111 0.268744 0.001787 0.106450
509 0 7.349000 0.101545 -1.691720 0.271345 -0.004020 -0.125630
510 0 8.244100 0.033360 -0.381034 0.228920 -0.003217 -0.302780
511 0 7.060340 0.113100 -1.311770 0.164790 -0.012664 -0.678770
512 0 8.923810 0.061575 0.614401 0.160148 -0.009278 -0.860980
513 0 7.612010 0.047990 -1.067290 0.126873 -0.004009 -0.546600
514 0 9.396420 0.026425 0.879984 0.204718 -0.006108 -0.720870
515 0 9.170690 0.095020 0.719758 0.171173 -0.015790 -0.906490
517 0 8.024730 0.095900 -0.750006 0.228515 -0.014120 -0.700970
519 0 7.618690 0.075515 -0.769195 0.285840 -0.014992 -0.773050
520 0 7.762710 0.157930 -0.879880 0.329357 -0.040167 -0.857760
521 1 7.861950 0.062055 -2.454570 0.745285 0.000963 0.019253
522 0 8.905450 0.041070 0.998599 0.044604 -0.000906 -0.362450
523 0 8.197770 0.092625 -0.807164 0.221391 -0.010918 -0.575920
524 0 9.425020 0.027915 1.208590 0.149055 -0.003166 -0.563900
525 0 9.425010 0.027265 1.201440 0.140430 -0.002335 -0.554240
526 0 8.379630 0.019765 0.012264 0.169111 -0.001818 -0.462370
528 0 8.947330 0.038495 1.053470 0.022885 -0.000039 -0.028126
529 0 9.113750 0.041490 0.271374 0.157344 -0.004506 -0.632330
530 0 8.969000 0.066410 0.660839 0.151335 -0.010188 -0.860200
531 0 7.430060 0.102355 -1.742420 0.469340 -0.008649 -0.137720
532 0 7.251420 0.227035 -1.320340 0.387832 -0.054010 -0.663460
533 0 8.161270 0.078810 -1.286840 0.502194 0.006005 0.139760
535 0 9.715730 0.035780 1.622280 0.134190 -0.002797 -0.576530
536 0 9.770740 0.074330 1.456560 0.190655 -0.012065 -0.836460
537 0 8.287100 0.096415 -0.850187 0.270335 -0.011850 -0.463920
538 0 9.014580 0.050785 1.131070 0.024185 -0.000506 -0.235160
539 0 9.359900 0.029310 1.349950 0.070770 -0.001157 -0.478490
540 0 9.355050 0.029400 1.349160 0.072295 -0.001074 -0.438800
541 0 9.277380 0.028475 -0.382625 0.153608 -0.001601 -0.258860
542 0 8.745150 0.118630 0.438155 0.143451 -0.017905 -0.906590
543 0 9.021790 0.092615 0.328876 0.209275 -0.017475 -0.822910
544 0 7.911730 0.095715 -1.465230 0.332005 -0.000089 -0.002117
545 0 9.499750 0.097190 0.886412 0.191380 -0.016535 -0.907990
546 0 8.486060 0.028255 0.512350 0.052718 -0.000810 -0.360230
547 0 9.706500 0.073920 0.826057 0.161557 -0.008579 -0.747840
548 0 9.359230 0.043485 0.953578 0.174243 -0.007876 -0.833500
549 0 9.259810 0.090405 0.410002 0.190364 -0.011712 -0.689520
550 0 7.481060 0.075455 -1.269230 0.152620 -0.005591 -0.458690
551 0 7.059660 0.200985 -0.475231 0.119182 -0.018103 -0.756360
552 0 8.542240 0.025120 0.325411 0.162901 -0.002827 -0.648810
553 0 8.151370 0.073645 -1.009710 0.294104 -0.009292 -0.433920
554 0 8.490560 0.020795 -0.083655 0.179740 -0.000950 -0.230130
555 1 7.975300 0.061780 -2.005490 0.706485 0.002616 0.051082
556 0 7.622620 0.116035 -1.344100 0.227640 -0.015840 -0.624090
557 0 7.747200 0.084700 -1.411940 0.234020 0.001061 0.043591
558 0 7.321550 0.083790 -1.672330 0.295800 -0.004159 -0.143910
559 0 7.951540 0.078675 -0.900682 0.252564 -0.009188 -0.489970
560 0 8.363910 0.085540 -0.324201 0.186487 -0.013993 -0.837110
561 0 9.649390 0.019350 1.486590 0.131830 -0.001412 -0.562920
563 0 8.707740 0.028370 0.666863 0.102815 -0.001546 -0.492360
564 0 8.080040 0.142275 -1.144880 0.260725 -0.019177 -0.532020
565 0 7.201390 0.228520 -0.699192 0.111649 -0.023117 -0.801030
566 0 9.178280 0.074425 0.463440 0.146256 -0.008459 -0.756650
567 0 9.179810 0.077865 0.438720 0.151851 -0.009095 -0.774300
568 0 9.477140 0.074190 1.218850 0.131335 -0.009585 -0.882150
571 0 9.701440 0.029675 1.420240 0.216895 -0.007708 -0.751590
572 0 8.458540 0.088110 -0.301059 0.201089 -0.013287 -0.752660
574 0 9.087190 0.084200 0.737273 0.150902 -0.012660 -0.904020
576 0 8.712940 0.021340 0.228431 0.193365 -0.004556 -0.675670
577 0 7.459460 0.148675 -1.317890 0.448860 -0.044299 -0.531040
578 0 7.582690 0.112715 -1.454910 0.294830 -0.009279 -0.253440
579 0 7.477590 0.048460 -1.489890 0.125675 -0.000298 -0.039128
580 0 8.745540 0.100075 0.167777 0.199787 -0.017524 -0.921560
581 0 8.723540 0.094850 0.251931 0.180856 -0.015685 -0.907480
583 0 8.003610 0.125785 -0.898120 0.292281 -0.021261 -0.651190
585 0 7.512870 0.074160 -0.913781 0.171536 -0.008634 -0.632490
588 0 7.923720 0.052965 -0.739202 0.291582 -0.007116 -0.401500
590 0 7.359640 0.096675 -0.723199 0.061622 -0.005706 -0.712530
591 0 7.250600 0.088125 -0.792490 0.052103 -0.004449 -0.649880
592 0 9.081770 0.095995 0.673837 0.177122 -0.016229 -0.902900
593 0 8.910020 0.068955 -0.008243 0.169908 -0.003624 -0.323570
595 0 9.063700 0.063770 -0.194197 0.152269 0.000008 0.000871
596 0 10.233100 0.126400 1.935520 0.143290 -0.017109 -0.907440
597 0 9.709900 0.037210 0.723762 0.148869 -0.002494 -0.329050
598 0 9.339270 0.017480 0.961961 0.175554 -0.002321 -0.653960
599 0 8.725200 0.029870 -0.188363 0.199447 -0.002142 -0.302640
600 0 9.101110 0.208895 1.019290 0.173665 -0.034015 -0.920890
601 0 8.873180 0.070330 0.256352 0.170856 -0.011882 -0.866370
602 0 8.591510 0.082040 -0.230281 0.216089 -0.012253 -0.709240
603 0 7.613450 0.090180 -1.284600 0.236325 -0.012603 -0.534600
605 0 8.510170 0.056990 0.107383 0.138715 -0.006736 -0.786650
606 0 8.506350 0.054645 0.118874 0.143936 -0.006636 -0.764580
607 0 8.600100 0.156170 -0.573877 0.312331 -0.032946 -0.842780
608 0 7.707450 0.154160 -0.390999 0.126066 -0.014479 -0.653370
609 1 7.867210 0.070540 -2.220160 0.615840 0.011571 0.195690
610 0 7.605670 0.107195 -0.963554 0.199947 -0.020983 -0.688470
611 0 7.678410 0.194155 -0.329970 0.112751 -0.016794 -0.700700
613 1 7.668040 0.074610 -2.211960 0.810105 -0.007750 -0.111470
614 0 8.493840 0.028365 0.201746 0.195979 -0.004715 -0.640110
615 0 7.431010 0.088445 -0.988215 0.292120 -0.016595 -0.738230
616 0 9.564750 0.090845 1.238840 0.163320 -0.013942 -0.867220
621 1 8.303820 0.075310 -1.664990 0.448235 0.010863 0.214010
622 0 7.524270 0.101875 -1.396270 0.308100 -0.015355 -0.415780
624 0 7.702740 0.101495 -1.308000 0.284295 -0.008691 -0.283140
626 0 9.559940 0.044800 1.482570 0.131175 -0.003651 -0.617570
627 0 7.161370 0.138550 -2.270140 1.010735 -0.091497 -0.486570
628 0 9.527880 0.017545 1.329030 0.142070 -0.001326 -0.504920
629 0 9.527740 0.018810 1.326780 0.149195 -0.001653 -0.572600
630 1 7.421560 0.038635 -5.080370 1.715495 -0.021083 -0.305280
632 0 7.955620 0.111010 -0.966870 0.231060 -0.015880 -0.680450
634 0 9.443780 0.053560 1.433240 0.119790 -0.003404 -0.548790
635 0 7.619090 0.152050 -0.558766 0.142515 -0.014629 -0.664920
636 0 8.729290 0.078050 -0.436096 0.214806 -0.005133 -0.336830
637 0 8.736500 0.080405 0.358142 0.132200 -0.009322 -0.837210
638 0 8.283900 0.097365 -0.116424 0.176740 -0.014417 -0.794260
642 0 8.656570 0.024870 -0.233725 0.235497 -0.002716 -0.365100
643 0 8.609550 0.072835 -0.157124 0.191776 -0.010701 -0.792070
644 0 8.167990 0.051105 -0.547703 0.227120 -0.002660 -0.197620
646 0 7.676940 0.067780 -0.397593 0.171005 -0.007904 -0.727550
647 0 8.058090 0.063725 -0.529294 0.177674 -0.006252 -0.522720
648 1 9.342770 0.018115 -4.665430 2.830515 -0.007190 -0.122530
649 0 9.456310 0.028105 1.077660 0.215920 -0.006985 -0.768270
650 0 8.934850 0.022550 0.387849 0.183852 -0.003655 -0.713700
651 0 8.468980 0.032210 0.013383 0.172789 -0.003726 -0.455830
652 0 8.929650 0.016515 0.369373 0.158608 -0.000721 -0.254230
655 0 7.250760 0.136570 -1.607740 0.436415 -0.039834 -0.561760
657 0 7.773750 0.056120 -2.012600 0.425065 0.011291 0.442560
658 0 8.421820 0.079650 -0.624853 0.253426 -0.012384 -0.642820
659 0 8.627470 0.043190 0.616192 0.089732 -0.002756 -0.593130
660 0 9.407850 0.063015 -0.071866 0.200171 0.003011 0.236650
661 0 10.115100 0.035200 1.384120 0.175725 -0.005088 -0.695160
663 0 8.918570 0.056070 -0.137842 0.165459 -0.004955 -0.553630
664 0 7.910940 0.115395 -1.088600 0.183870 -0.016299 -0.751520
665 0 8.712970 0.063605 0.026664 0.131500 -0.007289 -0.872540
666 0 8.788750 0.012575 -0.113767 0.166027 -0.000469 -0.210600
667 0 9.706320 0.039010 1.753320 0.034375 -0.000814 -0.402270
668 0 9.126620 0.095125 -0.001650 0.170369 -0.010275 -0.657900
669 1 10.614400 0.036150 -0.349973 1.889255 -0.050010 -0.270220
671 0 9.397670 0.057160 1.105120 0.217488 -0.010308 -0.835720
674 0 8.739170 0.043020 0.855120 0.034401 -0.000559 -0.255490
675 0 8.862960 0.044225 0.791095 0.139673 -0.003950 -0.621850
678 0 10.533700 0.059700 1.647590 0.150270 -0.002092 -0.226690
679 0 9.197630 0.080670 0.031700 0.147190 -0.004976 -0.465760
680 0 9.193890 0.080365 0.039597 0.142948 -0.004041 -0.384390
681 0 8.316310 0.093320 -0.207972 0.233608 -0.018957 -0.898470
683 0 9.611230 0.025455 1.269820 0.159620 -0.003754 -0.705510
684 0 7.607380 0.112745 -1.194090 0.231404 -0.018738 -0.757000
687 0 7.395030 0.098985 -1.169930 0.200217 -0.015242 -0.845770
688 0 8.956160 0.104115 0.509891 0.323391 -0.025686 -0.894940
689 0 8.637200 0.033830 0.775653 0.019785 0.000200 0.279320
690 0 8.948810 0.034345 0.808757 0.156204 -0.004510 -0.675010
691 0 7.245420 0.075005 -2.208210 0.443970 0.004286 0.114780
692 0 8.303670 0.082510 -0.811921 0.154551 -0.012264 -0.819230
694 0 9.746370 0.036295 1.856150 0.016200 -0.001620 -0.513350
695 0 7.439500 0.024875 -1.114070 0.185171 -0.003570 -0.698780
699 0 8.074980 0.065150 -0.623837 0.175037 -0.007775 -0.694320
701 0 9.080320 0.080435 0.522335 0.177850 -0.013216 -0.900650
702 0 9.045050 0.084780 0.825209 0.172285 -0.013695 -0.877540
703 0 9.431120 0.017590 1.228540 0.146010 -0.001561 -0.564820
704 0 9.415990 0.017560 1.214150 0.139695 -0.002085 -0.614580
705 0 10.344500 0.043050 2.260550 0.158230 -0.002889 -0.426710
707 0 7.317050 0.124795 -1.346370 0.320165 -0.022813 -0.584150
710 0 8.328540 0.078405 -0.753589 0.396966 -0.019261 -0.407800
712 0 8.955470 0.074850 -0.817900 0.153443 -0.004436 -0.397340
713 0 7.097100 0.098620 -1.180830 0.138575 -0.008395 -0.548550
714 0 8.017070 0.079435 -0.916490 0.428934 0.003263 0.086486
715 0 8.289930 0.031725 -0.020021 0.208831 -0.005484 -0.730830
716 0 8.960830 0.058165 0.511343 0.169904 -0.008901 -0.761010
719 0 7.580460 0.059015 -0.654999 0.076678 -0.003845 -0.786430
720 0 7.974400 0.028065 -0.639531 0.156392 -0.003261 -0.623520
724 0 9.256630 0.033035 1.008690 0.169693 -0.005482 -0.727170
725 0 9.252040 0.030485 1.015680 0.155708 -0.003641 -0.688840
726 0 7.750250 0.068755 -1.491870 0.287620 0.006723 0.320010
727 0 8.804560 0.073990 0.303396 0.133908 -0.009241 -0.887080
728 0 8.664440 0.156605 -0.096693 0.299989 -0.037100 -0.930830
731 0 7.429160 0.093410 -1.884440 0.490630 -0.006887 -0.100040
733 0 8.658640 0.022720 -0.081989 0.225212 -0.003072 -0.410240
735 0 7.529800 0.078415 -0.891198 0.150300 -0.008263 -0.660240
736 0 7.301600 0.089050 -1.507500 0.261140 -0.010147 -0.410700
740 0 7.328670 0.064910 -1.645100 0.245220 -0.002164 -0.129220
741 0 8.106100 0.083265 -0.516180 0.217283 -0.014529 -0.797980
742 1 8.978980 0.030025 -2.761440 1.509725 0.003850 0.072521
743 0 8.515080 0.025870 0.001989 0.182058 -0.003226 -0.503430
744 0 7.459080 0.091205 -1.056400 0.175468 -0.012485 -0.909140
745 0 9.576990 0.084090 0.208572 0.169144 -0.001693 -0.122520
746 0 10.416400 0.033300 0.365064 0.301261 0.004247 0.305250
748 0 9.954830 0.024395 1.662230 0.144575 -0.002525 -0.600420
750 0 8.030760 0.065630 -0.876132 0.115167 -0.001590 -0.219300
751 0 9.555930 0.027755 1.261360 0.119065 -0.001960 -0.532500
752 0 9.554260 0.028585 1.260550 0.120250 -0.002258 -0.561640
753 0 9.911310 0.050440 1.847930 0.158275 -0.005410 -0.650550
755 0 9.605660 0.052595 0.733244 0.165042 -0.007103 -0.594040
758 1 8.803920 0.058890 -8.712570 6.800955 0.008650 0.019866
761 1 9.105820 0.063350 -7.156850 4.674140 0.036691 0.131710
763 1 8.159670 0.028385 -6.657050 3.268645 -0.022049 -0.248690
765 0 9.392320 0.027680 1.287740 0.133015 -0.002381 -0.578890
766 0 7.674290 0.131700 -0.750428 0.231644 -0.022646 -0.702140
767 0 9.024160 0.027890 0.946863 0.115195 -0.003697 -0.707790
768 0 9.000600 0.023125 0.915805 0.115197 -0.001556 -0.565830
770 0 7.605420 0.033795 -1.118630 0.150258 -0.003452 -0.494340
771 0 8.346950 0.029970 -0.747794 0.208365 0.001309 0.165710
773 0 8.374050 0.112855 -0.101211 0.243770 -0.021708 -0.885130
775 0 9.052990 0.072875 0.807584 0.154825 -0.009882 -0.843850
776 0 8.968470 0.053910 0.959008 0.084209 -0.002998 -0.521230
777 0 8.948670 0.050345 0.943748 0.084339 -0.002254 -0.464690
778 0 9.832140 0.076340 0.058505 0.242548 0.010728 0.530310
781 0 8.327830 0.025215 -0.008452 0.177979 -0.002814 -0.442200
782 0 8.779290 0.090190 -0.733502 0.223652 -0.009426 -0.458540
783 0 9.882630 0.019170 1.596700 0.126070 -0.001430 -0.540310
785 0 8.707230 0.022275 0.380234 0.160417 -0.003419 -0.713000
787 0 7.584310 0.098380 -2.043890 0.583000 0.014174 0.181350
788 0 8.806100 0.088555 0.222277 0.177247 -0.014040 -0.899690
789 0 7.249550 0.117260 -1.040860 0.179546 -0.016280 -0.800580
791 0 8.889170 0.071760 -0.253455 0.169689 -0.002908 -0.244980
793 0 8.730840 0.054135 -0.566621 0.055406 -0.001365 -0.410660
794 1 8.680750 0.049510 -1.328250 0.179630 0.006048 0.337390
796 0 8.229990 0.099350 -0.406512 0.274780 -0.018426 -0.834120
797 0 8.602430 0.035025 0.571849 0.106146 -0.001790 -0.429900
798 0 9.016320 0.019790 0.717269 0.175064 -0.002591 -0.675050
799 0 7.838430 0.077365 -0.295199 0.183755 -0.009757 -0.775820
800 0 7.727080 0.066630 -1.940260 0.550580 -0.001432 -0.028704
801 0 9.116730 0.027660 0.235152 0.162529 -0.002405 -0.346620
802 0 7.890210 0.077625 -0.955025 0.294058 -0.009375 -0.410210
803 0 8.307140 0.039200 -1.172460 0.473073 0.001770 0.074036
804 0 8.221650 0.034120 -0.152816 0.188207 -0.005599 -0.722050
805 1 8.748240 0.042610 -2.171630 0.966810 0.012827 0.282400
807 0 8.369970 0.046450 -0.350150 0.251110 -0.001870 -0.139060
808 0 10.154000 0.019250 1.841430 0.166025 -0.004037 -0.704620
809 0 7.606950 0.038195 -0.351972 0.033865 -0.001025 -0.427340
810 0 8.906910 0.060665 0.235430 0.145698 -0.006275 -0.720830
813 0 8.003460 0.056330 -0.853679 0.221962 -0.007246 -0.556400
814 0 7.640840 0.077455 -1.070280 0.203454 -0.010319 -0.697460
815 0 9.540680 0.067815 0.143069 0.389700 -0.018655 -0.341000
816 1 10.448000 0.019100 -1.801430 1.748217 0.009945 0.226220
818 0 8.063650 0.087705 -0.871766 0.274395 -0.018044 -0.728150
819 0 8.465010 0.015670 0.165142 0.163695 -0.001543 -0.580200
820 0 9.497940 0.039700 1.513850 0.060620 -0.001361 -0.447170
821 0 9.752120 0.026025 1.801270 0.021690 -0.000293 -0.270930
822 0 9.394060 0.075800 -0.287524 0.468742 0.005276 0.107070
823 0 8.322090 0.046730 0.259788 0.150107 -0.004874 -0.609850
824 0 8.636910 0.068905 0.088795 0.120529 -0.006986 -0.902050
826 0 9.876060 0.081970 0.784390 0.168581 -0.009716 -0.769700
827 0 8.923250 0.095490 0.628622 0.185059 -0.017550 -0.890620
829 0 7.240120 0.118410 -1.032000 0.130480 -0.012332 -0.756390
831 0 8.585050 0.023205 -0.070054 0.160212 -0.001586 -0.320450
832 0 9.894470 0.038110 1.893540 0.067880 -0.001747 -0.578410
835 0 8.611910 0.068985 -0.541988 0.263144 -0.011828 -0.678460
836 0 8.855090 0.079045 0.218632 0.187926 -0.010447 -0.736610
838 0 7.786600 0.142715 -1.214670 0.267125 -0.025973 -0.731920
840 0 6.844030 0.137150 -1.217840 0.104145 -0.009512 -0.578480
842 1 8.093790 0.061535 -1.769640 0.555120 0.006533 0.155440
844 0 7.858070 0.049995 -1.485210 0.296530 0.004437 0.255930
845 1 8.012480 0.033205 -7.100930 4.762340 -0.008700 -0.052102
846 0 9.142520 0.017975 0.822073 0.151091 -0.002339 -0.644930
848 0 8.078190 0.033245 -0.487978 0.207953 -0.004949 -0.579970
849 0 10.443500 0.044950 1.150840 0.161494 -0.004618 -0.583560
850 0 10.172100 0.037550 1.218270 0.155420 -0.003070 -0.520240
852 0 9.141720 0.114685 0.895518 0.126105 -0.014233 -0.893310
853 0 7.913120 0.075445 -0.677558 0.187810 -0.010613 -0.783600
854 0 8.401630 0.054265 0.060900 0.076445 -0.004135 -0.907970
855 0 8.402340 0.052575 0.058275 0.075408 -0.004044 -0.910580
856 0 8.466370 0.134550 -0.278906 0.287596 -0.032548 -0.944140
858 0 9.072180 0.023760 0.846149 0.154704 -0.002824 -0.690440
859 0 7.831870 0.096155 -0.989967 0.284487 -0.017414 -0.597720
860 0 10.235500 0.047500 0.435333 0.361035 0.005522 0.272030
861 0 8.622620 0.053425 0.110162 0.170873 -0.007618 -0.770730
862 0 9.163540 0.035325 1.263510 0.025620 -0.000199 -0.127060
863 0 9.169550 0.036120 1.273170 0.024895 -0.000055 -0.045328
864 0 7.547020 0.039105 -0.307176 0.027161 -0.000645 -0.404900
865 0 7.695130 0.050005 -0.168743 0.052146 -0.002328 -0.600760
868 0 9.948540 0.069135 1.086590 0.184934 -0.008297 -0.587270
869 0 9.573930 0.053265 0.746320 0.162799 -0.006682 -0.743330
870 0 7.932090 0.114045 -0.797181 0.302781 -0.026868 -0.846980
871 0 8.966230 0.108640 -0.151784 0.203995 -0.019936 -0.869740
872 0 8.547660 0.055730 -0.863420 0.233626 -0.005429 -0.427380
873 0 8.203010 0.030175 -1.030440 0.227218 0.000594 0.059083
874 0 7.959400 0.058395 -0.053126 0.036333 -0.001439 -0.460880
875 0 9.946310 0.040635 1.598580 0.114515 -0.004143 -0.746870
876 0 9.218450 0.021365 0.731939 0.174709 -0.003385 -0.754370
878 0 9.736070 0.030275 1.677690 0.102400 -0.001831 -0.563470
880 0 9.254670 0.023835 1.022000 0.154051 -0.004338 -0.715520
881 0 9.315400 0.026125 1.235110 0.115165 -0.001748 -0.565640
883 0 8.657520 0.092055 -0.003336 0.249901 -0.017331 -0.797830
885 0 9.222210 0.020320 0.803600 0.164503 -0.003142 -0.737300
886 0 9.221700 0.020305 0.800223 0.163156 -0.002975 -0.729290
887 0 7.806760 0.053625 -1.925110 0.493320 0.008763 0.313540
888 0 9.987910 0.042425 1.109040 0.158042 -0.004657 -0.510070
889 0 9.983450 0.028495 1.117320 0.160125 -0.003836 -0.489780
890 0 8.666890 0.060565 0.238506 0.151060 -0.007804 -0.820710
891 0 9.523370 0.035605 1.465760 0.116630 -0.002684 -0.616420
892 0 8.814160 0.091335 -0.069316 0.219934 -0.012222 -0.604490
893 0 7.631210 0.098460 -1.139730 0.292581 -0.018639 -0.598610
894 0 8.937520 0.044190 1.028810 0.085437 -0.002343 -0.481440
895 0 8.741360 0.033080 0.123181 0.186270 -0.005660 -0.767610
896 0 8.269070 0.141210 -0.372896 0.411116 -0.042175 -0.946520
898 0 9.283420 0.024110 0.746238 0.188100 -0.005670 -0.686400
900 0 8.932750 0.069520 0.150765 0.199742 -0.012998 -0.756350
901 0 7.478440 0.060395 -2.019970 0.458495 -0.007112 -0.159780
902 0 8.729890 0.032320 0.233359 0.217908 -0.007273 -0.750450
903 0 9.103780 0.099085 0.626024 0.181252 -0.015370 -0.905460
904 0 9.312420 0.070895 -0.117870 0.210009 0.003582 0.237040
908 0 10.012900 0.024270 1.733220 0.168930 -0.002918 -0.676300
910 0 8.185800 0.093165 -0.894834 0.193942 -0.009462 -0.557070
911 0 8.694240 0.020380 0.313177 0.177832 -0.002700 -0.676890
912 0 8.594900 0.126995 -0.096762 0.308653 -0.027636 -0.836210
913 1 7.591330 0.049670 -2.228300 0.523925 0.000060 0.002160
914 1 8.767480 0.047515 -4.046920 2.383200 0.007880 0.047693
916 1 10.247400 0.024850 -1.723180 1.930967 -0.000577 -0.007009
917 0 9.604910 0.016810 1.337140 0.148885 -0.001710 -0.651400
921 0 9.230000 0.018315 1.005260 0.155355 -0.002755 -0.686660
922 0 7.778310 0.100270 -0.385169 0.141391 -0.011820 -0.825740
923 0 9.210370 0.023070 1.107870 0.120261 -0.001800 -0.627060
924 0 9.211740 0.022400 1.107620 0.120180 -0.001617 -0.624680
925 0 9.870550 0.093910 0.766371 0.209872 -0.009926 -0.522700
926 0 10.222900 0.042500 0.981393 0.208744 -0.000870 -0.083025
928 0 7.852290 0.105355 -1.217870 0.216795 -0.014444 -0.675120
929 0 7.864090 0.107895 -0.917999 0.292744 -0.024494 -0.801920
931 0 7.983190 0.067930 -0.938354 0.253853 -0.007791 -0.446780
932 0 8.407180 0.021675 -0.269339 0.169173 -0.003127 -0.503090
933 0 10.087700 0.146220 0.832833 0.210175 -0.021908 -0.853680
934 0 10.063100 0.136840 0.931995 0.241203 -0.023323 -0.852280
935 1 8.282530 0.026520 -6.095690 4.128910 -0.029647 -0.270500
937 0 7.816300 0.039990 -0.190285 0.075315 -0.002425 -0.563700
938 0 8.636820 0.070865 0.007365 0.169862 -0.010307 -0.832080
939 0 8.664740 0.080455 0.003077 0.166212 -0.011008 -0.845770
941 0 9.967060 0.016850 1.546540 0.173050 -0.002949 -0.684130
942 0 9.967160 0.017285 1.546270 0.175900 -0.002486 -0.690090
945 1 8.804220 0.063090 -1.427020 0.577560 0.018995 0.524360
946 1 9.288320 0.071925 -10.779800 8.077025 -0.050285 -0.106020
949 0 7.131250 0.069735 -1.334340 0.163990 -0.008173 -0.706520
950 0 9.021920 0.081255 0.803840 0.170084 -0.012957 -0.862760
951 0 8.331500 0.018880 -0.589092 0.161092 -0.000534 -0.127120
952 0 7.937720 0.027445 -0.132395 0.109596 -0.002754 -0.617620
953 0 9.559350 0.020345 1.373860 0.144660 -0.001664 -0.559170
954 0 9.175190 0.059475 1.186510 0.085305 -0.002759 -0.506190
955 1 9.173330 0.058895 -0.820280 0.290294 0.011958 0.476420
956 0 8.813150 0.021485 0.022188 0.170597 -0.003360 -0.462850
957 0 8.734290 0.088265 -0.021009 0.193976 -0.014487 -0.809050
958 0 8.412210 0.068155 -0.447733 0.212047 -0.008406 -0.619370
959 0 9.070470 0.022500 0.817584 0.175637 -0.004093 -0.712260
960 0 9.843160 0.056995 0.169685 0.360112 0.009329 0.361020
961 0 9.602160 0.044675 1.705040 0.044465 -0.000573 -0.224390
962 0 8.553400 0.051645 0.640647 0.067207 -0.002455 -0.452060
963 0 8.290110 0.080805 -0.275819 0.197960 -0.010948 -0.751090
966 0 9.588680 0.053265 1.298760 0.172020 -0.007484 -0.777880
967 0 8.262800 0.045555 -0.550205 0.233064 -0.007138 -0.648780
968 1 9.171650 0.067495 -1.159750 0.474919 0.014872 0.287720
970 0 9.640280 0.025945 1.688490 0.023530 -0.000210 -0.203110
971 0 8.452030 0.022695 -0.127867 0.214509 -0.003439 -0.515460
972 0 8.408860 0.062090 0.301048 0.180184 -0.010807 -0.769090
973 0 7.636790 0.138090 -0.400752 0.074408 -0.008813 -0.762360
975 0 9.268680 0.023915 1.109110 0.140556 -0.001904 -0.529600
976 0 9.291900 0.075790 0.459318 0.133630 -0.005584 -0.590610
978 0 8.299190 0.094855 0.137643 0.082844 -0.008099 -0.799870
981 0 8.516270 0.033235 0.162420 0.225498 -0.009329 -0.748550
982 0 7.982970 0.135105 -0.384721 0.196362 -0.020969 -0.877730
983 0 9.184490 0.034860 0.771016 0.149711 -0.004792 -0.729740
984 0 9.187460 0.038100 0.752515 0.143271 -0.004580 -0.766400
985 0 8.323790 0.027640 0.320760 0.058177 -0.001046 -0.510370
986 0 10.365400 0.057700 2.341630 0.120110 -0.003164 -0.393930
987 0 10.405400 0.041200 2.386050 0.090360 -0.001845 -0.438180
988 0 9.768410 0.040595 1.704710 0.182925 -0.004781 -0.638570
989 0 9.757890 0.031530 1.774090 0.075045 -0.001076 -0.381800
991 0 8.817160 0.050110 0.784809 0.108839 -0.003919 -0.587020
992 0 8.815410 0.050425 0.786640 0.108268 -0.003686 -0.572900
994 0 9.890220 0.028165 1.754640 0.139990 -0.003222 -0.635710
995 0 8.279980 0.026790 -0.182440 0.217746 -0.005173 -0.741980
997 1 9.948990 0.064550 -4.605570 3.681215 0.002468 0.004228
998 0 8.692070 0.038875 0.361986 0.200339 -0.008374 -0.793560
999 0 8.943370 0.055250 -0.442277 0.227189 0.003679 0.241240
1000 0 9.108770 0.078680 0.291087 0.168975 -0.008766 -0.651890
1001 0 9.433740 0.017185 0.799666 0.158846 -0.004472 -0.578120
1002 0 9.522060 0.015470 0.807443 0.146619 -0.000953 -0.323950
1003 0 8.900310 0.063160 -0.411996 0.208919 -0.006278 -0.532210
1005 0 9.295920 0.024910 1.011170 0.184015 -0.005130 -0.755870
1006 0 9.929750 0.021665 1.741450 0.151630 -0.002615 -0.647750
1007 0 8.094120 0.054875 -0.499976 0.088951 -0.004252 -0.786960
1008 0 7.876630 0.057730 -0.647219 0.111511 -0.005564 -0.843460
1009 0 7.812920 0.045610 -1.218140 0.244528 -0.000855 -0.061495
1010 0 9.044760 0.025105 0.917962 0.132041 -0.002030 -0.582210
1012 0 9.582460 0.036865 1.128610 0.177188 -0.006745 -0.805950
1013 0 8.431640 0.041725 -0.410628 0.242878 -0.004210 -0.406980
1014 0 9.671830 0.022390 1.247940 0.176890 -0.004235 -0.737010
1016 1 10.160800 0.020250 -2.896240 2.063176 -0.020967 -0.182960
1019 0 8.066810 0.068890 0.040469 0.057483 -0.003914 -0.770300
1023 0 9.521100 0.068400 0.857239 0.184578 -0.009663 -0.734780
1025 0 9.804960 0.030835 1.338810 0.178535 -0.005199 -0.781680
1026 0 9.506840 0.044340 1.615490 0.021185 -0.000024 -0.018979
1027 0 10.257300 0.043300 0.722380 0.308008 0.003290 0.196760
1028 0 7.968310 0.241255 -0.141068 0.179089 -0.033435 -0.818330
1029 0 9.427220 0.077505 0.737547 0.210690 -0.012085 -0.692400
1030 0 7.978790 0.094040 -0.227117 0.216130 -0.015194 -0.782590
1031 0 10.823400 0.055650 1.046780 1.201211 -0.091740 -0.317400
1034 0 8.463520 0.116785 0.088937 0.180902 -0.019454 -0.898680
1036 0 9.529650 0.016895 1.119590 0.190224 -0.002527 -0.702810
1037 0 9.711610 0.055770 1.813540 0.093575 -0.002953 -0.498190
1038 0 9.834180 0.012470 0.251292 0.241242 0.001085 0.260580
1039 0 9.075960 0.033950 0.061250 0.174969 -0.002069 -0.335960
1040 0 8.545210 0.098230 0.028326 0.163890 -0.014400 -0.898140
1042 0 10.048000 0.018200 1.896400 0.138455 -0.001371 -0.548560
1043 0 8.450490 0.022640 -0.234723 0.161546 -0.001360 -0.295100
1045 0 10.432000 0.022700 2.254520 0.143660 -0.002090 -0.612170
1046 0 9.345430 0.028555 1.291260 0.119665 -0.001975 -0.543940
1048 0 9.233290 0.044360 0.686143 0.141203 -0.004888 -0.698760
1049 0 9.497920 0.026010 1.251640 0.142945 -0.003341 -0.676390
1050 0 8.975350 0.113490 0.049163 0.192955 -0.016300 -0.775070
1052 0 9.886820 0.084520 1.292340 0.159720 -0.012091 -0.876700
1053 0 9.254130 0.024145 0.349391 0.173289 -0.002209 -0.420210
1054 0 9.254920 0.026910 0.341186 0.179926 -0.002084 -0.364500
1055 0 8.846790 0.063055 0.896679 0.067266 -0.002674 -0.500320
1056 0 7.531860 0.097145 -1.515570 0.256475 -0.002060 -0.075683
1057 0 9.393460 0.024190 1.081030 0.179427 -0.003222 -0.671850
1061 0 8.747640 0.045150 0.039071 0.246407 -0.008852 -0.694470
1062 0 9.548920 0.178705 0.869264 0.331436 -0.047417 -0.967330
1064 0 9.290680 0.021660 1.109110 0.146710 -0.002061 -0.597880
1065 0 8.750890 0.030185 0.532601 0.187537 -0.007169 -0.789990
1066 0 9.480030 0.057840 1.018950 0.113033 -0.006345 -0.872920
1067 0 9.858820 0.023830 1.503180 0.197070 -0.004170 -0.750410
1068 0 10.293900 0.049650 2.308510 0.073540 -0.001925 -0.462570
1070 0 9.558420 0.037290 0.562229 0.188870 -0.002996 -0.361700
1071 0 10.004500 0.033890 1.778010 0.163620 -0.003781 -0.659200
1072 0 9.313570 0.021380 1.079380 0.168477 -0.003138 -0.662500
1073 0 9.597630 0.037935 1.581170 0.094890 -0.002006 -0.498640
1074 0 9.849860 0.094050 1.765400 0.161490 -0.013582 -0.882790
1075 0 9.898300 0.030775 1.858190 0.095975 -0.001603 -0.492850
1076 0 10.446700 0.058750 1.146680 0.146893 -0.002498 -0.270000
1077 0 10.221400 0.022650 2.162960 0.100945 -0.001184 -0.516410
1078 0 10.066000 0.034050 1.727350 0.149265 -0.004316 -0.738580
1079 0 9.781990 0.036820 1.441380 0.194730 -0.006776 -0.793900
1080 0 8.956890 0.084970 0.848417 0.077890 -0.006759 -0.833460
1081 0 9.509570 0.023580 1.457480 0.093310 -0.001011 -0.436730
1082 0 9.175280 0.023700 0.825397 0.201651 -0.007389 -0.758040
1083 0 9.674550 0.021440 1.558010 0.124625 -0.001590 -0.547880
1084 0 9.237430 0.048175 1.123580 0.147016 -0.003662 -0.545480
1085 0 9.760390 0.039065 1.485870 0.181010 -0.006085 -0.742010
1087 0 9.227420 0.025390 1.100760 0.131905 -0.002177 -0.640030
1091 0 9.297620 0.079220 1.069760 0.168866 -0.012163 -0.874500
1094 0 8.804120 0.052000 0.965259 0.067032 -0.002138 -0.561270
1095 1 9.993110 0.022395 -1.827670 1.600758 -0.000836 -0.011715
1096 0 8.540190 0.076080 0.253550 0.152705 -0.009832 -0.852020
1100 0 10.757900 0.038000 2.256430 0.122500 -0.011162 -0.668700
1101 0 8.771480 0.037325 0.293848 0.184866 -0.005267 -0.622660
1102 0 9.639840 0.021765 1.224900 0.185045 -0.004410 -0.729830
1103 0 8.716360 0.096005 0.513146 0.158027 -0.014061 -0.880070
1109 0 10.025000 0.062830 1.449660 0.153900 -0.007751 -0.800550
1110 0 8.254050 0.083150 0.368714 0.061451 -0.003160 -0.553210
1111 0 8.748900 0.062975 -0.368387 0.180380 -0.001817 -0.138930
1112 0 8.446920 0.046605 -0.647969 0.192083 -0.000140 -0.013359
1114 0 9.421240 0.043020 1.214000 0.175450 -0.004567 -0.633360
1115 1 9.318760 0.047690 -1.286290 0.648507 0.010850 0.345670
1116 0 10.106600 0.056900 0.910810 0.148150 -0.000722 -0.082554
1118 0 9.393060 0.028580 1.271900 0.141945 -0.003198 -0.639200
1119 0 9.084040 0.021420 0.857917 0.152243 -0.002379 -0.671780
1124 1 10.618000 0.083350 -2.464920 4.890590 -0.175720 -0.192970
1125 0 9.412890 0.049245 1.512160 0.053900 -0.004251 -0.653440
1126 0 9.154400 0.025030 1.043960 0.134212 -0.001498 -0.454680
1127 0 9.044160 0.073175 0.799635 0.230921 -0.018567 -0.857540
1129 0 9.063600 0.047460 0.794049 0.218030 -0.009928 -0.813270
1130 0 8.811100 0.042505 0.914089 0.029217 -0.000546 -0.262330
1131 0 9.369010 0.018185 1.077470 0.162574 -0.002182 -0.687680
1134 0 9.818140 0.029770 1.805910 0.076995 -0.001355 -0.510160
1136 0 10.303100 0.041200 1.746350 0.126430 -0.004409 -0.737460
1137 0 8.818770 0.068025 -0.374337 0.324478 -0.002053 -0.082895
1138 0 8.405660 0.051000 -1.400120 0.455140 0.005298 0.206030
1139 0 10.113400 0.027150 1.114350 0.170264 -0.002510 -0.303360
1142 0 8.429890 0.086440 0.391426 0.152085 -0.009806 -0.723000
1143 0 8.757270 0.040725 0.848981 0.028314 -0.000671 -0.293900
1145 0 9.556150 0.045175 1.157030 0.217095 -0.009619 -0.825360
1149 0 9.704970 0.027250 1.245180 0.143710 -0.003012 -0.640880
1150 0 8.108380 0.083320 -0.785317 0.350691 -0.012742 -0.382070
1153 0 9.830740 0.046135 1.562470 0.133665 -0.004098 -0.633560
1155 0 9.413580 0.032360 1.457670 0.035290 -0.006738 -0.824950
1156 0 9.900360 0.055505 -0.139644 0.289838 0.013000 0.541620
1157 0 9.430580 0.039020 1.065170 0.165568 -0.005610 -0.744390
1158 0 8.775730 0.027455 0.649676 0.134136 -0.002396 -0.637660
1160 0 9.625420 0.060880 0.452067 0.221533 0.000031 0.002052
1162 0 9.734180 0.019785 1.420480 0.175455 -0.007150 -0.748280
1163 1 10.075200 0.045000 -0.337679 0.787202 -0.001921 -0.037296
1166 0 9.634600 0.023505 1.251660 0.141440 -0.002705 -0.693560
1168 0 8.991600 0.043885 0.206294 0.181187 -0.005718 -0.544090
1169 0 9.253500 0.067935 0.530671 0.185583 -0.010443 -0.695060
1170 1 9.385340 0.020955 -3.187390 1.607960 0.000741 0.020711
1171 0 8.389220 0.064175 0.430704 0.105471 -0.006180 -0.753920
1172 0 9.000930 0.047665 -0.001597 0.157791 -0.002452 -0.271730
1173 0 8.608060 0.058080 -0.436538 0.183601 -0.001329 -0.119850
1174 0 8.998440 0.069975 0.631128 0.137980 -0.008810 -0.814740
1175 0 9.383760 0.047465 -0.137894 0.256435 0.003883 0.273670
1176 0 8.955740 0.021975 0.741268 0.166243 -0.002462 -0.651110
1177 0 9.669440 0.064055 1.362150 0.086685 -0.005129 -0.876200
1181 1 9.236720 0.063720 -1.046620 0.098540 0.002830 0.473160
1184 0 9.018070 0.028940 0.681743 0.166127 -0.004475 -0.740880
1188 0 8.819090 0.094900 0.666742 0.099961 -0.009655 -0.850460
1191 0 8.879410 0.018920 0.507296 0.172864 -0.002684 -0.690240
1192 0 8.529960 0.051345 -0.295760 0.288216 -0.009082 -0.529700
1193 0 9.816490 0.020160 1.579550 0.148900 -0.002416 -0.636030
1194 0 9.239940 0.058060 0.758925 0.219220 -0.011948 -0.835430
1195 0 8.953300 0.106405 0.226470 0.235669 -0.018853 -0.889390
1196 0 9.761930 0.059440 0.598292 0.307510 -0.009945 -0.321140
1198 1 10.036900 0.043000 -1.707530 1.625646 -0.019806 -0.274650
1200 0 10.461700 0.019700 1.771560 0.174145 -0.003276 -0.495750
1201 0 8.848750 0.072080 0.292707 0.177618 -0.011034 -0.806680
1202 0 9.645830 0.068555 -0.004933 0.117216 -0.002646 -0.334490
1203 0 9.158340 0.025960 0.532655 0.173858 -0.004574 -0.570510
1205 0 8.968620 0.063270 0.365250 0.172742 -0.008219 -0.740400
1206 0 8.800110 0.049010 0.157705 0.072775 -0.002270 -0.645590
1207 0 8.759840 0.057090 0.891438 0.035158 -0.001211 -0.360610
1208 0 10.439500 0.061500 1.045590 0.172415 0.001102 0.104850
1210 0 9.930740 0.040350 1.363350 0.156520 -0.004774 -0.591050
1211 1 7.464790 0.074095 0.216217 0.057576 -0.002528 -0.627050
1213 0 8.950190 0.080800 0.566444 0.156551 -0.011447 -0.861600
1214 0 8.955990 0.037135 0.933322 0.111690 -0.001933 -0.404150
1215 0 9.632870 0.089425 1.210800 0.154135 -0.011566 -0.719420
1216 0 9.732750 0.084240 1.133660 0.246747 -0.016559 -0.608930
1217 0 9.806230 0.026530 1.445560 0.208605 -0.006408 -0.762770
1220 0 9.372210 0.082680 0.459574 0.163994 -0.011466 -0.824750
1223 0 9.367680 0.041800 1.432160 0.040320 -0.001206 -0.408630
1224 0 9.516510 0.065560 0.787469 0.178287 -0.009082 -0.750210
1225 0 8.559080 0.085915 0.542553 0.064285 -0.003915 -0.590240
1226 0 8.445840 0.040825 0.620108 0.022633 -0.000104 -0.096428
1227 0 8.943720 0.146310 0.359746 0.422037 -0.045444 -0.944530
1228 0 8.659630 0.115445 0.454540 0.119202 -0.014057 -0.823240
1229 0 9.209160 0.140390 0.217319 0.233965 -0.022878 -0.788320
1231 0 8.644910 0.073405 0.597651 0.041477 -0.003463 -0.761580
1232 0 8.520060 0.044275 0.380191 0.188801 -0.007110 -0.746700
1233 0 10.131200 0.077300 1.019470 0.179566 -0.010761 -0.756090
1235 0 8.860910 0.078755 -0.171846 0.238334 -0.012287 -0.693310
1236 0 7.949450 0.082940 0.247723 0.093894 -0.007743 -0.789750
1239 0 8.275800 0.170475 0.423755 0.096181 -0.013988 -0.805270
1240 0 9.419010 0.056130 -0.553408 0.420512 0.009882 0.387800
1241 0 9.079280 0.087330 0.956189 0.119583 -0.007328 -0.724120
1242 0 9.530740 0.038560 1.482890 0.123210 -0.002768 -0.544790
1243 0 8.746880 0.103510 0.456027 0.142088 -0.014655 -0.895570
1244 0 9.189880 0.095635 0.906966 0.133612 -0.013005 -0.916740
1245 0 9.161150 0.087460 0.374799 0.168468 -0.009865 -0.694770
1246 0 10.470400 0.057650 1.030260 0.303531 -0.004576 -0.144830
1247 0 9.700990 0.032835 1.385750 0.130405 -0.003253 -0.639910
1249 0 8.316520 0.093350 -0.114820 0.166167 -0.013421 -0.908790
1250 0 9.629620 0.117005 0.828133 0.238993 -0.022549 -0.873680
1251 0 8.873990 0.055140 0.083663 0.215463 -0.006610 -0.549470
1252 0 10.301700 0.087300 1.749690 0.155395 -0.012229 -0.937170
1253 0 9.849860 0.020360 1.509630 0.175575 -0.002747 -0.697940
1254 0 9.207860 0.072035 0.719620 0.160592 -0.010482 -0.821090
1255 0 10.716800 0.071000 2.240140 0.100525 -0.006809 -0.927900
1257 0 8.373640 0.115140 -0.465324 0.253233 -0.022495 -0.793720
1258 0 9.586830 0.040385 1.682920 0.020905 -0.000949 -0.378690
1259 0 8.863930 0.100645 0.316103 0.243679 -0.021033 -0.910040
1260 0 10.064600 0.089725 0.823644 0.168231 -0.007185 -0.501400
1261 0 9.173750 0.086365 0.888559 0.172602 -0.012173 -0.840580
1262 0 8.637450 0.083935 0.681165 0.137766 -0.009502 -0.705040
1263 0 9.640710 0.040215 0.586592 0.487200 -0.011101 -0.437790
1264 0 9.721960 0.028340 1.381820 0.154095 -0.003342 -0.649440
1265 0 8.844530 0.031845 0.755779 0.127840 -0.002656 -0.632110
1271 0 9.714030 0.054690 0.575849 0.252151 -0.006134 -0.431230
1274 1 9.899930 0.046010 -0.984948 1.320441 -0.007847 -0.101900
1275 0 10.404100 0.040000 1.492880 0.169465 -0.004272 -0.483370
1280 0 9.569600 0.068725 1.269340 0.177135 -0.010107 -0.836860
1282 0 8.060940 0.064065 0.142335 0.062960 -0.002238 -0.391020
1283 0 7.923980 0.159720 -0.305373 0.195049 -0.025635 -0.864440
1284 0 10.059900 0.039850 1.745440 0.168440 -0.005856 -0.698170
1286 0 9.190590 0.072720 0.819595 0.182406 -0.012275 -0.854590
1288 0 9.391920 0.073185 1.365050 0.164070 -0.008112 -0.735850
1289 0 9.178990 0.038445 1.249250 0.032530 -0.000731 -0.307030
1290 1 10.970800 0.054500 0.680502 1.700194 -0.038487 -0.330200
1292 0 9.598190 0.025540 1.605780 0.052575 -0.001192 -0.489730
1293 0 9.153280 0.057935 0.487145 0.188809 -0.008036 -0.683960
1295 0 10.487000 0.069700 1.821150 0.304005 -0.016068 -0.635920
1297 0 8.720630 0.024915 0.306452 0.193009 -0.004346 -0.672830
1298 0 9.115940 0.058460 1.088380 0.112108 -0.004015 -0.563270
1299 0 9.655440 0.020320 1.409610 0.167210 -0.002728 -0.670380
1304 0 7.985260 0.094860 0.095064 0.053563 -0.003218 -0.515260
1305 0 9.453610 0.026330 1.333290 0.144610 -0.002786 -0.593540
1306 0 10.289900 0.021850 1.830420 0.197545 -0.003656 -0.719020
1307 0 10.107200 0.056800 1.332820 0.186655 -0.008469 -0.721480
1308 0 9.323200 0.053310 0.171919 0.258125 -0.002529 -0.182680
1310 0 9.141640 0.053370 0.711165 0.191511 -0.009060 -0.792680
1311 0 10.069900 0.097535 0.883546 0.182530 -0.020875 -0.916900
1312 0 9.901230 0.073680 0.321096 0.465682 0.004171 0.096953
1316 0 9.804830 0.074370 1.022640 0.253249 -0.011306 -0.583690
1317 0 9.342510 0.049605 0.763446 0.191833 -0.007552 -0.753500
1320 0 7.976480 0.146305 -0.104418 0.132838 -0.017993 -0.827070
1323 1 9.852300 0.037945 -2.751400 2.727594 -0.014909 -0.031775
1324 0 8.402940 0.074385 0.371314 0.107900 -0.006251 -0.819050
1325 0 8.446960 0.151875 -0.145210 0.273430 -0.032948 -0.820080
1327 0 9.523660 0.024230 1.452110 0.111975 -0.001346 -0.489760
1328 0 8.182340 0.106205 -0.471320 0.233237 -0.020085 -0.838360
1329 0 8.802180 0.103895 0.385950 0.261896 -0.022437 -0.902060
1332 0 9.877080 0.023195 1.782610 0.125075 -0.001532 -0.503840
1333 0 9.197810 0.067990 0.818030 0.145269 -0.008982 -0.850020
1336 1 10.572000 0.018950 -2.881010 1.839065 -0.029306 -0.239400
1337 0 9.612990 0.029795 1.152580 0.237743 -0.009809 -0.756340
1338 0 10.039900 0.040300 1.439120 0.174120 -0.006208 -0.747580
1339 0 9.363210 0.067050 0.914709 0.127052 -0.008268 -0.871670
1340 0 8.259720 0.094220 -1.111930 0.256900 0.002865 0.096840
1341 1 9.348830 0.073670 -12.824100 9.084405 -0.099230 -0.160450
1342 1 9.899050 0.036265 -1.309030 0.678776 0.008224 0.115660
1343 1 9.594920 0.048325 -6.621830 4.463580 0.103080 0.411460
1344 1 10.103100 0.034250 -2.047060 2.063068 -0.023801 -0.171310
1345 0 9.176300 0.033880 1.161780 0.076705 -0.001570 -0.478490
1346 0 9.892150 0.077825 1.283770 0.175275 -0.011302 -0.743620
1347 0 9.011940 0.036950 1.098640 0.025305 -0.002799 -0.622800
1348 0 10.335400 0.078550 1.198550 0.172495 -0.014108 -0.838030
1349 0 9.844610 0.067925 1.311330 0.242495 -0.014049 -0.801790
1350 0 9.088710 0.056915 1.039760 0.143085 -0.005418 -0.637220
1351 0 8.812770 0.069085 0.329126 0.257475 -0.017033 -0.826180
1353 0 9.421330 0.027220 0.433705 0.230470 -0.001948 -0.196740
1354 0 9.024690 0.057560 1.039560 0.089601 -0.003289 -0.559990
1355 0 9.582660 0.047550 1.466400 0.153320 -0.004051 -0.631220
1356 0 9.352210 0.028100 1.247560 0.138780 -0.002792 -0.600540
1357 0 8.657530 0.033905 -0.391965 0.217065 -0.003956 -0.229530
1359 0 9.507080 0.030630 1.197800 0.174515 -0.004474 -0.716770
1361 0 9.489720 0.037325 1.162950 0.127050 -0.003847 -0.677010
1362 0 9.314370 0.088170 0.854781 0.143355 -0.011461 -0.882050
1363 0 10.804200 0.053250 0.929697 0.251491 -0.013827 -0.617280
1364 0 10.152400 0.120350 1.963950 0.357435 -0.042313 -0.975350
1366 0 8.913410 0.060825 0.520758 0.174771 -0.010090 -0.853890
1369 0 9.104510 0.082760 0.715225 0.187118 -0.013970 -0.870050
1370 0 9.629190 0.044225 1.066100 0.194006 -0.007104 -0.772870
1371 0 9.498080 0.074680 1.208730 0.139910 -0.009100 -0.814230
1372 0 10.208700 0.036000 0.204656 0.461078 -0.019304 -0.423190
1373 0 9.426190 0.087235 0.773601 0.167090 -0.012631 -0.876930
1375 0 8.894030 0.088385 0.030752 0.186522 -0.010997 -0.657450
1376 0 9.470440 0.038630 0.976597 0.136155 -0.005097 -0.725750
1378 1 10.215200 0.040600 -0.888369 0.922839 0.005217 0.140660
1379 0 9.941510 0.071695 1.968520 0.086625 -0.004048 -0.581600
1380 0 9.501440 0.052950 1.069900 0.182154 -0.008632 -0.808360
1381 0 9.423360 0.041690 1.300910 0.157535 -0.006923 -0.714560
1382 0 6.706590 0.124705 -0.601620 0.075323 -0.003192 -0.334410
1383 0 7.461950 0.100330 -1.676220 0.388265 -0.004314 -0.087869
1384 0 7.214190 0.188585 -1.073390 0.220777 -0.028345 -0.744720
1385 0 6.414100 0.131525 -1.189150 0.099305 -0.006022 -0.461250
1386 0 7.236260 0.108755 -1.060760 0.173897 -0.008987 -0.456150
1387 0 7.468060 0.117995 -1.435500 0.372175 -0.021423 -0.416670
1389 0 6.949010 0.259610 -0.831931 0.132360 -0.016870 -0.536930
1390 0 7.785620 0.291075 -0.273215 0.229428 -0.049813 -0.813520
1391 0 7.205750 0.167785 -1.414670 0.348505 -0.037708 -0.660080
1392 0 6.817490 0.122445 -1.191200 0.082455 -0.006783 -0.507440
1393 0 7.533270 0.119855 -0.865713 0.215328 -0.018522 -0.720950
1394 0 7.434080 0.149940 -0.950472 0.217509 -0.026252 -0.675170
1395 0 6.146170 0.148535 -1.629920 0.090650 -0.004570 -0.346560
