# id outlier x sx y sy covxy corrxy
1 0 10.552700 0.068300 1.979130 0.145435 -0.008532 -0.923920
2 0 9.676350 0.091605 1.575870 0.229665 -0.013930 -0.686150
3 0 9.585560 0.090435 1.206550 0.353887 -0.028141 -0.950650
4 0 9.228650 0.084035 0.789297 0.286424 -0.015685 -0.664460
5 0 10.546000 0.058700 2.450980 0.241240 -0.008959 -0.665650
6 0 9.727400 0.124225 1.498080 0.163220 -0.016363 -0.825650
7 0 9.068440 0.038260 1.169180 0.029145 -0.000204 -0.127650
8 0 8.656440 0.126040 -0.076399 0.373751 -0.032737 -0.868890
9 0 10.781200 0.071600 2.196490 0.130620 -0.010864 -0.796680
10 0 9.048610 0.083295 0.461457 0.187125 -0.011943 -0.901640
12 0 9.161660 0.030015 1.091810 0.083960 -0.000852 -0.301120
13 0 9.347760 0.098135 0.594488 0.216983 -0.015576 -0.702900
14 0 10.701900 0.060900 2.150440 0.098745 -0.008639 -0.826640
15 1 8.484110 0.052640 0.709426 0.073399 -0.002770 -0.685120
17 0 10.098100 0.067750 1.896280 0.233545 -0.009348 -0.605980
19 0 10.277500 0.077700 1.787430 0.231310 -0.013562 -0.940470
20 0 9.729710 0.045110 1.798320 0.031450 -0.000533 -0.232030
21 0 10.056000 0.076685 1.436820 0.214170 -0.011420 -0.703360
22 0 9.115530 0.023315 0.874199 0.097692 -0.001811 -0.560530
23 0 8.368250 0.092265 0.125660 0.243505 -0.014202 -0.691860
24 0 8.983150 0.095190 0.431481 0.184271 -0.013609 -0.750770
25 0 9.060750 0.031335 0.907449 0.103378 -0.009752 -0.822830
26 0 8.763960 0.087660 0.505302 0.256964 -0.015176 -0.746570
28 0 9.296160 0.106675 0.961500 0.267655 -0.018489 -0.705280
29 0 9.420480 0.037105 1.102730 0.182878 -0.009477 -0.875290
30 0 9.103640 0.023035 0.834785 0.127329 -0.002948 -0.745070
32 0 9.423540 0.027645 1.449250 0.043965 -0.000397 -0.276960
33 0 8.695920 0.059435 0.171359 0.111619 -0.005213 -0.818250
35 0 8.899420 0.064185 0.946416 0.059315 -0.002050 -0.426170
36 0 10.375100 0.043550 1.972700 0.201115 -0.007704 -0.814620
37 0 10.028500 0.015350 1.827940 0.064100 -0.000558 -0.468210
38 0 9.840670 0.069960 1.628840 0.194525 -0.009950 -0.679270
39 0 9.440770 0.022270 1.309900 0.093360 -0.001767 -0.551900
41 0 8.075700 0.138690 -0.525223 0.264823 -0.026307 -0.712080
43 0 9.184890 0.100660 0.523579 0.369512 -0.027038 -0.914170
44 0 8.886280 0.041560 0.538327 0.211030 -0.006519 -0.706770
45 0 8.712810 0.083305 0.177094 0.279955 -0.016007 -0.763310
46 0 8.879060 0.088125 0.454896 0.171625 -0.011286 -0.718170
50 0 9.882530 0.046730 1.475800 0.245125 -0.008537 -0.781490
51 0 9.437790 0.036545 0.602092 0.170392 -0.004063 -0.699220
52 0 9.015360 0.065780 0.497398 0.192841 -0.010745 -0.917100
53 0 9.393520 0.093980 0.673217 0.333398 -0.022774 -0.902840
55 0 8.748760 0.067325 -0.001032 0.198131 -0.009331 -0.760690
56 0 9.003350 0.033250 0.667430 0.149779 -0.004074 -0.696180
57 0 10.798400 0.028250 2.440130 0.217435 -0.002617 -0.366270
58 0 9.190750 0.080775 1.007620 0.239552 -0.013264 -0.710080
59 0 7.602710 0.139955 -0.451026 0.155240 -0.018152 -0.800630
62 0 8.834040 0.031350 0.367614 0.028247 -0.000552 -0.589320
64 0 8.946140 0.039625 0.624741 0.235574 -0.007171 -0.667020
66 0 8.084650 0.124895 -0.362088 0.253411 -0.023429 -0.820070
67 0 9.989510 0.037505 1.583700 0.152940 -0.010182 -0.940500
68 0 9.720560 0.124715 1.059070 0.434498 -0.039409 -0.921580
69 0 9.646170 0.026585 1.015810 0.082207 -0.002353 -0.613100
70 0 9.983920 0.060555 1.633250 0.259110 -0.012726 -0.740470
71 0 9.318370 0.060225 1.158730 0.170958 -0.008050 -0.622340
72 0 8.499190 0.021270 0.423190 0.058821 -0.000547 -0.354040
73 0 10.007100 0.034800 1.769580 0.206625 -0.004258 -0.554720
74 0 9.803000 0.029715 1.511450 0.157250 -0.010001 -0.936460
75 0 9.116090 0.066830 0.555481 0.272283 -0.012452 -0.710870
77 0 9.405220 0.032340 1.220340 0.183255 -0.007034 -0.728680
78 0 7.575860 0.060850 -0.479907 0.128415 -0.004835 -0.668780
79 0 9.579100 0.036105 1.373100 0.168295 -0.002596 -0.362940
81 0 9.762810 0.072820 1.152730 0.244607 -0.011409 -0.686370
82 0 9.388970 0.075940 0.841051 0.244925 -0.014360 -0.917770
83 0 9.632390 0.054605 1.645900 0.078135 -0.006259 -0.626160
86 0 8.975440 0.039845 1.122110 0.018215 0.000024 0.027661
87 0 9.387350 0.041635 0.829215 0.069563 -0.002168 -0.760130
90 0 8.901620 0.057420 0.857783 0.096011 -0.003442 -0.436580
92 0 9.118820 0.023780 0.786612 0.123372 -0.004736 -0.867300
93 0 9.468390 0.019425 1.330760 0.079790 -0.001031 -0.476790
94 0 10.484300 0.044600 2.119720 0.229765 -0.009680 -0.888440
95 0 8.598450 0.041620 0.566497 0.112475 -0.003045 -0.418510
96 0 9.666000 0.020640 1.597610 0.065870 -0.000370 -0.236580
97 0 10.007600 0.020210 1.900070 0.084680 -0.000782 -0.398740
98 0 9.223610 0.062780 0.992047 0.138484 -0.004825 -0.509740
99 0 9.490970 0.020970 1.170510 0.117000 -0.003073 -0.520260
103 0 7.947600 0.069695 -0.399145 0.153562 -0.008586 -0.768740
104 0 9.598810 0.040480 1.322080 0.200145 -0.004281 -0.485460
106 0 9.727090 0.056125 1.263980 0.214165 -0.005931 -0.506880
109 0 8.462590 0.209625 -0.065811 0.476382 -0.065966 -0.911500
112 0 9.282770 0.055810 0.481566 0.153432 -0.007723 -0.901260
115 0 7.891140 0.121015 -0.586497 0.216693 -0.019250 -0.776020
116 0 8.648140 0.073335 0.125860 0.303331 -0.016355 -0.830170
117 0 10.340500 0.082200 1.609170 0.227600 -0.014802 -0.912920
118 0 10.075600 0.034200 1.151290 0.152238 -0.015165 -0.693790
120 0 9.787600 0.029735 1.532080 0.191715 -0.001967 -0.279670
121 0 10.073000 0.035950 1.856360 0.137495 -0.000997 -0.191350
122 0 9.605220 0.067765 1.569460 0.101540 -0.003651 -0.470820
123 0 9.431550 0.066160 0.969802 0.264410 -0.010958 -0.682410
124 0 9.469030 0.033675 1.084290 0.203117 -0.003752 -0.465730
125 0 9.911060 0.034210 1.711500 0.174590 -0.004212 -0.605250
126 0 9.145770 0.063135 0.834330 0.257991 -0.009701 -0.608820
127 0 8.444470 0.051995 0.610060 0.080842 -0.003655 -0.603310
128 0 9.393950 0.074310 1.042390 0.240915 -0.012548 -0.676620
131 0 9.215740 0.075505 0.724708 0.233067 -0.010463 -0.609690
132 0 10.019200 0.069670 1.309590 0.191960 -0.009589 -0.580840
133 0 9.149360 0.037490 1.083830 0.110103 -0.002983 -0.514770
135 0 9.189180 0.064835 0.686732 0.224704 -0.010676 -0.787530
137 0 9.191820 0.082085 0.470021 0.214153 -0.012858 -0.767280
138 0 8.804430 0.095400 0.481210 0.155633 -0.011406 -0.745310
141 0 8.946610 0.028245 0.990642 0.029793 -0.000241 -0.210440
142 0 9.505540 0.071020 0.893249 0.217548 -0.010416 -0.772160
143 0 9.213000 0.050445 0.971513 0.244886 -0.009123 -0.674460
144 0 8.117750 0.152880 -0.323240 0.266694 -0.026049 -0.686800
145 0 8.531060 0.061330 0.625305 0.039619 -0.001379 -0.360260
147 0 8.891720 0.035940 0.903990 0.045726 -0.000632 -0.333470
149 1 7.546810 0.081160 0.041924 0.064321 -0.003952 -0.696340
150 0 10.121400 0.034450 1.754660 0.136210 -0.004616 -0.799740
151 0 9.606220 0.036685 1.361040 0.228420 -0.006158 -0.621850
152 0 9.168560 0.072645 0.574824 0.165731 -0.009959 -0.923630
153 0 9.478750 0.029140 1.331250 0.101710 -0.001793 -0.433500
155 0 9.046630 0.052015 0.971678 0.232536 -0.006757 -0.579560
156 0 9.807660 0.056645 1.599800 0.216150 -0.014521 -0.751270
157 0 10.145300 0.016700 2.044180 0.045665 -0.004575 -0.862220
158 0 8.358370 0.100045 -0.255220 0.374850 -0.027871 -0.937720
159 0 8.645520 0.116910 0.111687 0.387057 -0.036756 -0.961100
160 0 8.377270 0.075950 0.403277 0.168847 -0.006228 -0.558600
163 0 8.876550 0.041505 0.711114 0.120014 -0.008905 -0.800950
165 0 8.961190 0.103030 0.703816 0.261750 -0.012835 -0.501300
166 0 9.132150 0.073740 0.680756 0.204123 -0.010664 -0.670150
167 0 8.317800 0.096870 -0.206300 0.360934 -0.026009 -0.910360
170 0 9.286130 0.055145 0.881033 0.192067 -0.013255 -0.934530
171 0 8.963210 0.034720 1.092340 0.016710 -0.000017 -0.027054
172 0 9.012030 0.044740 0.718507 0.266903 -0.008559 -0.695230
173 0 10.158600 0.036850 1.902460 0.185450 -0.003575 -0.462380
174 0 9.441640 0.016485 1.326110 0.060060 -0.000813 -0.531590
176 0 10.674400 0.043550 2.255550 0.135285 -0.004573 -0.802050
177 0 9.616410 0.021520 1.530640 0.070585 -0.000352 -0.209630
178 0 9.798500 0.060225 1.788570 0.083220 -0.007837 -0.681430
181 0 8.217100 0.188290 -0.333874 0.428290 -0.043551 -0.627500
182 0 8.889470 0.030990 0.822927 0.090464 -0.001653 -0.436860
183 0 9.715230 0.041140 0.947567 0.187375 -0.003644 -0.380290
184 0 9.504050 0.065900 0.965053 0.239393 -0.011415 -0.863430
186 0 9.148200 0.038980 1.276540 0.027820 0.000323 0.258380
187 0 9.814540 0.107625 1.429690 0.310250 -0.024801 -0.820570
188 0 9.016370 0.069175 0.651812 0.150336 -0.006543 -0.591870
189 0 9.234610 0.035490 0.894752 0.140684 -0.006853 -0.872100
190 0 9.560640 0.091470 0.889575 0.267239 -0.017979 -0.811720
191 0 9.168870 0.032560 1.122770 0.093980 -0.001623 -0.426030
192 0 9.496880 0.027180 1.340330 0.119250 -0.005160 -0.776000
195 0 8.825050 0.029525 0.616856 0.150470 -0.003902 -0.676630
196 0 10.088800 0.046800 1.699740 0.188415 -0.007256 -0.846030
197 0 9.219090 0.072105 0.775559 0.233450 -0.016418 -0.951430
198 0 9.095870 0.034100 0.870513 0.207480 -0.011179 -0.837200
200 0 10.559500 0.036950 1.801570 0.180920 -0.004056 -0.694130
201 0 9.120990 0.077190 0.583045 0.262966 -0.017109 -0.934870
203 0 8.823070 0.074915 0.333319 0.213497 -0.008825 -0.540430
204 0 8.603700 0.033975 0.509859 0.072067 -0.004709 -0.750060
205 0 10.531900 0.113450 1.636450 0.207840 -0.022693 -0.891170
207 0 9.618950 0.055475 1.117920 0.150728 -0.007150 -0.885730
209 0 9.370140 0.031985 1.186130 0.171075 -0.001829 -0.271010
210 0 9.777160 0.042620 1.470250 0.212160 -0.003687 -0.403910
212 0 9.424090 0.020360 1.350230 0.062520 -0.000291 -0.210130
213 0 9.935530 0.027010 1.654170 0.133330 -0.012182 -0.942900
215 0 9.434280 0.042150 1.060790 0.180349 -0.007654 -0.884570
216 0 9.296660 0.103220 0.705292 0.377901 -0.030457 -0.924090
218 0 8.614520 0.033510 0.438710 0.108683 -0.011630 -0.873050
219 1 10.264100 0.083800 1.274260 0.212185 -0.016138 -0.915490
220 0 9.293490 0.062620 0.960196 0.250193 -0.009561 -0.640430
221 0 9.284240 0.068660 0.728095 0.237413 -0.011182 -0.787010
222 0 10.074300 0.016050 1.987330 0.060490 -0.000269 -0.243380
223 0 8.859090 0.055330 0.428152 0.187634 -0.008576 -0.797670
225 0 9.405380 0.050415 1.530530 0.031550 -0.000585 -0.294040
226 0 8.381270 0.092135 -0.162651 0.143029 -0.009901 -0.760500
227 0 9.033930 0.038865 0.648238 0.146762 -0.006576 -0.897690
228 0 9.039830 0.106515 0.554080 0.288467 -0.022237 -0.791620
229 0 9.308460 0.044070 1.392680 0.028300 -0.000595 -0.335110
231 0 9.898660 0.040210 1.648180 0.183590 -0.007891 -0.691500
233 0 9.150010 0.074720 1.021480 0.190709 -0.012079 -0.681580
235 0 9.246950 0.103415 0.421629 0.278791 -0.023322 -0.961380
236 0 10.527700 0.019550 2.213740 0.111535 -0.002444 -0.729930
237 0 9.881450 0.016750 1.797780 0.051170 -0.000340 -0.348720
238 0 8.615240 0.057645 0.182268 0.257458 -0.009755 -0.685820
239 0 9.015780 0.037650 0.717432 0.188105 -0.008583 -0.861660
240 0 9.373600 0.086275 1.204480 0.222073 -0.012158 -0.706750
241 1 8.399830 0.130225 -0.687817 0.258793 -0.030069 -0.874420
242 0 9.141450 0.052325 1.253220 0.031240 -0.000547 -0.254420
243 0 9.391470 0.078610 1.032090 0.232741 -0.013798 -0.739800
244 0 10.219400 0.051150 2.143970 0.135800 -0.003654 -0.490340
245 0 9.764250 0.055070 1.390280 0.279440 -0.010400 -0.704980
246 0 10.197000 0.061200 1.586710 0.149350 -0.008979 -0.565790
247 0 8.758010 0.109960 0.062083 0.249249 -0.017998 -0.659330
248 0 9.684290 0.019465 1.618470 0.063540 -0.000362 -0.270820
249 0 9.559090 0.135430 0.657365 0.281357 -0.033195 -0.905310
250 0 10.112800 0.070500 1.603900 0.280720 -0.014779 -0.823900
251 0 8.218500 0.097150 -0.539965 0.292574 -0.020324 -0.794760
253 0 9.121120 0.089645 0.628396 0.337521 -0.022862 -0.861900
254 0 8.592090 0.066915 0.352132 0.247490 -0.011874 -0.696030
255 0 8.902280 0.063325 0.399337 0.191589 -0.007241 -0.599240
256 0 9.328430 0.069980 0.822316 0.291689 -0.013892 -0.779790
258 0 8.698010 0.072980 0.241634 0.311479 -0.016883 -0.792260
259 0 9.155560 0.064060 0.710243 0.220209 -0.008453 -0.618290
260 0 8.907790 0.026140 0.891537 0.050605 -0.000422 -0.271980
261 0 8.562170 0.062025 0.329265 0.253800 -0.009674 -0.666440
263 0 9.192590 0.065365 1.096220 0.159262 -0.008458 -0.607210
265 0 9.659470 0.083595 1.168900 0.324906 -0.021007 -0.866470
266 0 10.367400 0.023200 1.554770 0.221425 -0.001376 -0.186250
267 0 8.682390 0.047440 0.766592 0.031235 -0.000838 -0.422200
268 0 8.744980 0.105710 -0.007165 0.283132 -0.021822 -0.853320
269 0 9.483830 0.043665 1.076600 0.203586 -0.003098 -0.328710
270 0 8.882540 0.069510 0.455797 0.205786 -0.009709 -0.692040
271 0 8.409900 0.046230 0.390035 0.074961 -0.004345 -0.627830
272 0 10.251100 0.053000 1.936860 0.239495 -0.009842 -0.676040
273 0 9.062040 0.055045 0.523410 0.083636 -0.003955 -0.862620
274 0 9.677900 0.031090 1.742480 0.027700 -0.000499 -0.317110
275 0 9.068290 0.078290 0.497532 0.167466 -0.009803 -0.941140
276 0 9.927510 0.101210 1.362310 0.162470 -0.012178 -0.775220
277 0 9.354350 0.055230 0.433707 0.144829 0.005316 0.838110
278 0 9.683670 0.035850 1.487710 0.183280 -0.004352 -0.532700
280 0 8.653160 0.080420 -0.015149 0.287010 -0.016396 -0.864130
283 0 9.425140 0.074100 1.083200 0.256804 -0.013176 -0.652370
284 0 9.894430 0.017490 1.649010 0.071950 -0.000873 -0.567260
285 0 9.015780 0.091730 0.560610 0.357578 -0.026835 -0.943930
286 0 9.855900 0.017940 1.746250 0.066080 -0.000692 -0.449910
287 0 8.919960 0.024115 0.793542 0.073483 -0.008007 -0.872630
291 0 7.872340 0.028680 -0.379782 0.125602 -0.002557 -0.540540
293 0 10.186900 0.074050 1.604580 0.231085 -0.010552 -0.584110
294 0 9.785440 0.035290 1.465530 0.170530 -0.006983 -0.892870
295 0 8.112490 0.130190 -0.148084 0.173084 -0.018354 -0.859260
297 0 10.295800 0.056500 1.920070 0.253800 -0.016559 -0.939710
298 0 9.011300 0.026195 0.689736 0.140638 -0.004075 -0.747360
300 0 9.112550 0.015965 0.878750 0.054609 -0.001087 -0.676180
301 0 9.746610 0.028715 1.582010 0.151750 -0.004868 -0.659010
302 0 10.013900 0.027445 1.787380 0.176610 -0.004044 -0.665140
304 0 9.771210 0.111275 1.177650 0.398059 -0.032890 -0.883410
305 0 8.841570 0.082605 0.439842 0.236967 -0.015076 -0.761050
306 0 10.081000 0.083600 1.447260 0.233135 -0.015423 -0.955820
307 0 8.825530 0.043400 0.920002 0.023389 -0.000150 -0.107830
308 0 8.414230 0.121885 0.404611 0.146793 -0.019598 -0.909560
309 0 9.251990 0.080485 0.646499 0.235398 -0.014216 -0.872970
311 0 8.854890 0.086930 0.252356 0.196993 -0.014271 -0.928100
312 0 8.146110 0.081640 -0.040289 0.165174 -0.009248 -0.723560
314 0 9.041700 0.089870 0.388291 0.170859 -0.011768 -0.754700
315 0 9.003450 0.066620 0.588527 0.247050 -0.016705 -0.921520
316 0 9.288300 0.111055 0.673833 0.312090 -0.025601 -0.846070
317 0 9.427920 0.034550 1.124810 0.190732 -0.005989 -0.720220
318 0 8.717510 0.060685 0.199733 0.178315 -0.006681 -0.621520
321 0 9.424050 0.022240 1.394720 0.049100 -0.000366 -0.288640
322 0 8.936930 0.020995 0.708225 0.065563 -0.002777 -0.803260
323 0 8.889800 0.034690 0.961370 0.020027 -0.000355 -0.350080
324 0 9.720380 0.028935 1.621540 0.107945 -0.002877 -0.569330
326 0 8.925190 0.062725 0.375730 0.187012 -0.008241 -0.749560
329 0 9.695180 0.018960 1.640010 0.057435 -0.000279 -0.236190
330 0 9.921420 0.048270 1.242560 0.124570 -0.008975 -0.717330
331 0 9.793180 0.019980 1.720430 0.062240 -0.000507 -0.322700
333 0 9.998030 0.080385 1.499480 0.173740 -0.006624 -0.458090
334 0 10.273600 0.070900 1.770270 0.155075 -0.004499 -0.434450
335 0 9.977490 0.026020 1.728780 0.149270 -0.003997 -0.764540
340 1 9.331230 0.068995 0.047705 0.131613 -0.007856 -0.911740
342 0 9.356180 0.016775 1.126970 0.079595 -0.000983 -0.597980
343 0 7.312210 0.095990 -0.532141 0.124753 -0.010923 -0.807120
344 0 9.061190 0.075145 0.502302 0.269556 -0.014999 -0.846000
345 0 8.200410 0.066745 0.200936 0.092478 -0.005495 -0.593430
352 0 8.569080 0.065870 0.183769 0.195383 -0.010057 -0.769430
355 0 9.347620 0.071975 1.160820 0.231770 -0.009460 -0.574980
356 0 8.026550 0.066770 -0.029155 0.137644 -0.007023 -0.817480
357 0 9.010080 0.111000 0.376555 0.210120 -0.018527 -0.818170
358 0 9.224240 0.029940 1.276320 0.029600 -0.000796 -0.382520
363 0 9.638590 0.020690 1.500200 0.082595 -0.001025 -0.457110
364 0 8.897120 0.059080 0.439565 0.238542 -0.010059 -0.730450
365 0 9.752010 0.040015 1.543350 0.222345 -0.005189 -0.537980
366 0 8.879400 0.026570 0.846753 0.047015 -0.000483 -0.361930
367 0 9.157770 0.054745 0.657974 0.120667 -0.005515 -0.888050
368 0 9.692850 0.019245 1.566410 0.079385 -0.001876 -0.665840
369 0 9.736400 0.027160 1.740490 0.048195 -0.000417 -0.277350
370 0 9.361250 0.050090 1.167050 0.197662 -0.003968 -0.376720
371 0 8.974900 0.060105 0.527038 0.251629 -0.012301 -0.815850
372 0 9.705570 0.086380 0.916413 0.248934 -0.015079 -0.936960
373 0 9.625260 0.016980 1.480680 0.058200 -0.000569 -0.421200
374 0 9.671920 0.022745 1.588110 0.068055 -0.001012 -0.459280
375 0 9.000430 0.043135 0.804895 0.177933 -0.008184 -0.731730
376 0 9.278420 0.027900 0.972949 0.130785 -0.022354 -0.968910
378 0 8.741370 0.056290 0.351334 0.214305 -0.014459 -0.931700
379 0 9.571240 0.064095 1.010870 0.126970 -0.007002 -0.883000
380 0 10.096300 0.025750 2.108450 0.029490 -0.000292 -0.332910
381 1 8.410120 0.101740 -0.563033 0.256476 -0.021074 -0.889990
382 0 10.208100 0.092000 1.661390 0.137785 -0.006423 -0.480060
383 0 9.806000 0.016940 1.752410 0.054970 -0.000210 -0.211420
385 0 9.647120 0.050675 1.194590 0.179070 -0.007697 -0.843970
386 0 9.725320 0.065635 1.248720 0.203765 -0.013831 -0.949060
389 0 9.910280 0.023555 1.630080 0.149880 -0.003662 -0.643110
391 0 9.098840 0.088215 0.469015 0.305568 -0.021556 -0.942110
392 0 9.330930 0.043170 1.296590 0.086445 -0.001579 -0.317270
393 0 8.437090 0.041750 0.496815 0.027795 -0.000486 -0.313940
394 0 9.330270 0.059970 1.025250 0.241635 -0.010257 -0.700440
396 0 9.768850 0.051135 1.830550 0.037875 -0.000681 -0.298570
397 0 9.829790 0.029440 1.847900 0.035750 -0.000225 -0.176220
399 0 10.101400 0.026100 2.013610 0.100420 -0.002086 -0.372520
400 0 9.621320 0.016660 1.503630 0.053000 -0.000467 -0.433600
401 0 9.696100 0.074545 1.209740 0.275816 -0.015647 -0.869250
402 0 8.857360 0.077940 0.123395 0.174248 -0.008993 -0.703270
403 0 9.159070 0.054375 1.228770 0.043535 -0.000803 -0.274370
404 0 10.107300 0.064350 2.151140 0.073485 -0.004703 -0.478340
406 0 9.844310 0.051275 1.346520 0.142880 -0.006028 -0.853130
407 0 9.393910 0.049855 0.974196 0.182897 -0.013588 -0.941940
408 0 8.879220 0.086370 0.225840 0.257646 -0.017532 -0.959910
409 0 8.592060 0.093285 0.194495 0.357354 -0.024809 -0.833790
410 0 9.767680 0.080940 1.036630 0.249814 -0.014366 -0.790340
411 0 9.029500 0.080835 0.308116 0.215405 -0.012535 -0.766580
412 0 9.217310 0.019115 1.120220 0.068010 -0.000302 -0.211060
414 0 10.137600 0.023200 2.029570 0.086890 -0.000827 -0.336060
415 0 8.855890 0.075675 0.622891 0.237300 -0.013091 -0.627360
416 0 9.959790 0.026335 1.104290 0.178461 -0.002203 -0.288690
417 0 8.503320 0.044675 0.474180 0.056351 -0.011216 -0.825110
418 0 9.359400 0.024010 1.268450 0.073005 -0.000479 -0.242320
419 0 8.835220 0.037830 0.810290 0.074975 -0.001258 -0.372900
420 0 7.760290 0.061745 -0.725952 0.129871 -0.006046 -0.719260
421 0 8.111820 0.091565 -0.445232 0.218029 -0.014469 -0.678880
424 0 8.477260 0.022305 0.211705 0.105711 -0.001209 -0.438900
425 0 9.071950 0.073190 0.660985 0.271161 -0.025592 -0.961540
426 0 9.055050 0.024905 0.763661 0.134305 -0.008610 -0.928770
427 0 8.581090 0.074175 0.024725 0.144864 -0.007878 -0.730900
428 0 7.958010 0.088985 -0.701371 0.255473 -0.015894 -0.794770
429 0 8.527480 0.072480 0.598308 0.083772 -0.005286 -0.808320
432 0 9.131170 0.053235 0.230788 0.176550 0.005233 0.696750
433 0 8.934150 0.052530 0.526785 0.232377 -0.009713 -0.727390
434 0 7.270380 0.082045 -1.137960 0.351530 -0.019583 -0.792160
435 0 9.270710 0.025700 1.152590 0.100035 -0.002009 -0.533560
436 0 9.913110 0.061145 2.076490 0.073185 -0.004777 -0.856440
437 0 7.522740 0.076855 -1.089210 0.119492 -0.005701 -0.486000
438 0 9.792690 0.062200 1.168840 0.168660 -0.008094 -0.873240
439 0 9.609880 0.021595 1.536470 0.068595 -0.000390 -0.237140
442 0 9.881000 0.029090 1.709480 0.094640 -0.001648 -0.442680
443 0 9.156710 0.023415 0.949064 0.095786 -0.006918 -0.890120
444 0 9.643640 0.070055 1.109860 0.250832 -0.012629 -0.699070
448 0 8.393090 0.107410 -0.386356 0.335053 -0.025826 -0.856240
449 0 8.409960 0.031970 0.181811 0.135030 -0.004580 -0.663390
452 0 8.883830 0.087705 0.163741 0.282692 -0.018728 -0.846530
453 0 8.771200 0.119835 0.170660 0.421845 -0.038221 -0.944990
455 0 9.148510 0.073720 0.665104 0.306765 -0.018663 -0.933310
456 0 8.824710 0.034360 0.819939 0.050031 -0.000788 -0.423920
458 0 8.546670 0.042050 0.573462 0.049865 -0.000735 -0.307790
459 0 8.144380 0.089290 -0.547933 0.256770 -0.018437 -0.930140
461 0 8.140150 0.114020 -0.617785 0.410839 -0.032891 -0.910470
467 0 9.720410 0.019995 1.687760 0.037550 -0.000243 -0.294100
468 0 8.405880 0.106205 -0.470603 0.255127 -0.023916 -0.859990
469 0 7.889350 0.101765 -0.872950 0.342186 -0.025115 -0.888910
470 0 8.925830 0.021130 0.786946 0.073068 -0.001809 -0.661500
471 0 8.408450 0.125155 0.147553 0.163095 -0.017919 -0.847300
472 0 10.587600 0.054250 2.105020 0.272150 -0.008698 -0.543610
475 0 9.279830 0.055730 1.432480 0.038165 -0.001204 -0.448690
476 0 9.282840 0.057460 1.431860 0.040300 -0.001656 -0.495980
477 0 9.621860 0.032755 0.997984 0.086603 -0.006640 -0.690590
478 1 8.034260 0.108030 -0.978686 0.283802 -0.025191 -0.897260
479 0 9.178420 0.084190 0.701395 0.159719 -0.009203 -0.667070
480 0 8.798160 0.090495 0.189456 0.193055 -0.012002 -0.726220
481 0 7.905550 0.056045 -0.540393 0.164595 -0.008764 -0.812890
482 0 8.136670 0.134910 -0.224928 0.464472 -0.045252 -0.942470
483 0 7.628400 0.077555 -0.775583 0.252687 -0.009947 -0.454260
484 0 9.547970 0.038515 1.233550 0.188705 -0.010158 -0.907560
485 0 8.855990 0.028670 0.765720 0.086634 -0.002704 -0.621670
486 0 8.547870 0.085840 -0.140837 0.261553 -0.017156 -0.930450
487 0 8.045810 0.070960 -0.513825 0.162225 -0.008710 -0.880970
488 0 7.373230 0.075885 -1.159940 0.220804 -0.009750 -0.539060
489 0 9.227960 0.055795 0.461409 0.140623 -0.006753 -0.901560
490 0 8.263590 0.061355 -0.231522 0.203789 -0.010161 -0.906490
491 0 8.235330 0.074480 -0.408441 0.232581 -0.013616 -0.904150
492 0 8.477730 0.036440 0.136182 0.175194 -0.005767 -0.790890
493 0 7.574520 0.072065 -0.928300 0.253563 -0.014528 -0.874090
494 0 8.223340 0.077280 -0.367073 0.275838 -0.014858 -0.849350
495 0 9.725960 0.051655 1.710740 0.099940 -0.002878 -0.497640
497 0 8.433100 0.024165 0.446294 0.036423 -0.000179 -0.174310
498 0 9.070440 0.034575 0.772985 0.200566 -0.007449 -0.825490
499 1 8.855030 0.081440 -0.250421 0.043866 0.001190 0.306410
501 0 9.585240 0.064555 1.217220 0.246118 -0.023735 -0.962160
504 0 8.160160 0.079825 -0.155173 0.193311 -0.007140 -0.343420
505 0 7.589560 0.161880 -0.689370 0.232862 -0.020965 -0.553010
506 0 8.024590 0.077550 -0.252503 0.193601 -0.002419 -0.159370
507 0 6.924170 0.069710 -1.150740 0.208172 -0.002519 -0.175710
508 0 8.586690 0.054645 0.128549 0.156413 -0.007616 -0.867640
509 0 7.349000 0.101545 -1.281970 0.338009 -0.023704 -0.815210
510 0 8.244100 0.033360 -0.037982 0.161446 -0.005035 -0.667190
511 0 7.060340 0.113100 -1.412490 0.243835 -0.013041 -0.503510
512 0 8.923810 0.061575 0.546459 0.249986 -0.011868 -0.771370
513 0 7.612010 0.047990 -0.770733 0.209952 -0.008472 -0.810550
514 0 9.396420 0.026425 1.164780 0.124890 -0.006084 -0.876670
515 0 9.170690 0.095020 0.612631 0.247466 -0.016938 -0.742080
517 0 8.024730 0.095900 -0.634011 0.374366 -0.026142 -0.907280
519 0 7.618690 0.075515 -0.722840 0.313585 -0.016244 -0.738320
520 0 7.762710 0.157930 -0.918005 0.301695 -0.036921 -0.832970
521 0 7.861950 0.062055 -0.646812 0.073870 -0.002947 -0.545640
522 0 8.905450 0.041070 0.994967 0.050341 -0.000978 -0.362970
523 0 8.197770 0.092625 -0.523171 0.298729 -0.021216 -0.927900
524 0 9.425020 0.027915 1.257450 0.134955 -0.002729 -0.401720
525 0 9.425010 0.027265 1.265350 0.119230 -0.001254 -0.281160
526 0 8.379630 0.019765 0.239450 0.076498 -0.000944 -0.426100
528 0 8.947330 0.038495 1.052730 0.023475 -0.000046 -0.033195
529 0 9.113750 0.041490 0.685234 0.152434 -0.005857 -0.878270
530 0 8.969000 0.066410 0.606441 0.234938 -0.011259 -0.676390
531 0 7.430060 0.102355 -1.192260 0.252943 -0.015962 -0.609330
532 0 7.251420 0.227035 -1.350150 0.396064 -0.048927 -0.640460
533 0 8.161270 0.078810 -0.405655 0.206848 -0.009767 -0.655480
535 0 9.715730 0.035780 1.656450 0.095735 -0.001466 -0.384780
536 0 9.770740 0.074330 1.400450 0.275820 -0.013751 -0.699020
537 0 8.287100 0.096415 -0.502163 0.296922 -0.022635 -0.905670
538 0 9.014580 0.050785 1.130880 0.024565 -0.000427 -0.207660
539 0 9.359900 0.029310 1.373930 0.037655 -0.000361 -0.285320
540 0 9.355050 0.029400 1.370420 0.041150 -0.000345 -0.253610
541 0 9.277380 0.028475 0.364110 0.123913 -0.004205 -0.788760
542 0 8.745150 0.118630 0.298221 0.171287 -0.018092 -0.865560
543 0 9.021790 0.092615 0.322656 0.199348 -0.013448 -0.673880
544 0 7.911730 0.095715 -0.773192 0.306473 -0.023935 -0.897770
545 0 9.499750 0.097190 0.819117 0.162856 -0.012318 -0.751090
546 0 8.486060 0.028255 0.520723 0.041166 -0.000438 -0.276970
547 0 9.706500 0.073920 0.997569 0.197869 -0.011194 -0.851730
548 0 9.359230 0.043485 1.031090 0.203388 -0.009079 -0.823350
549 0 9.259810 0.090405 0.646699 0.320285 -0.021420 -0.916850
550 0 7.481060 0.075455 -1.048010 0.265635 -0.013064 -0.747440
551 1 7.059660 0.200985 -0.490368 0.127295 -0.024467 -0.801800
552 0 8.542240 0.025120 0.467331 0.056953 -0.000677 -0.357260
553 0 8.151370 0.073645 -0.371347 0.222540 -0.012220 -0.810750
554 0 8.490560 0.020795 0.287811 0.086869 -0.001155 -0.492890
555 0 7.975300 0.061780 -0.535342 0.128295 -0.006101 -0.700930
556 0 7.622620 0.116035 -1.263310 0.323009 -0.026619 -0.843380
557 0 7.747200 0.084700 -0.785204 0.247032 -0.019379 -0.893440
558 0 7.321550 0.083790 -1.243680 0.268337 -0.012509 -0.588160
559 0 7.951540 0.078675 -0.546200 0.250787 -0.014475 -0.809040
560 0 8.363910 0.085540 -0.332452 0.198382 -0.012115 -0.725220
561 0 9.649390 0.019350 1.599090 0.045890 -0.000227 -0.240030
563 0 8.707740 0.028370 0.698885 0.059200 -0.000638 -0.334850
564 1 8.080040 0.142275 -0.913768 0.379408 -0.037059 -0.911190
565 0 7.201390 0.228520 -0.741108 0.171753 -0.032780 -0.851670
566 0 9.178280 0.074425 0.432823 0.214263 -0.011877 -0.731170
567 0 9.179810 0.077865 0.478375 0.240367 -0.013303 -0.752080
568 0 9.477140 0.074190 1.128260 0.197039 -0.010581 -0.689750
571 0 9.701440 0.029675 1.488660 0.201200 -0.009450 -0.789770
572 0 8.458540 0.088110 -0.168076 0.325494 -0.021214 -0.860440
574 0 9.087190 0.084200 0.630681 0.226646 -0.014665 -0.765050
576 0 8.712940 0.021340 0.519150 0.089008 -0.004045 -0.835600
577 0 7.459460 0.148675 -1.188050 0.299283 -0.033578 -0.766590
578 0 7.582690 0.112715 -1.250210 0.312467 -0.025529 -0.815140
579 0 7.477590 0.048460 -0.922646 0.167978 -0.006405 -0.759210
580 0 8.745540 0.100075 0.121719 0.257660 -0.018474 -0.788600
581 0 8.723540 0.094850 0.188707 0.229549 -0.015183 -0.727180
583 0 8.003610 0.125785 -0.649691 0.428879 -0.041166 -0.946280
585 0 7.512870 0.074160 -0.948728 0.285187 -0.010395 -0.500420
588 0 7.923720 0.052965 -0.417338 0.214720 -0.009897 -0.695020
590 0 7.359640 0.096675 -0.847936 0.130733 -0.010948 -0.822110
591 0 7.250600 0.088125 -0.907224 0.125820 -0.009804 -0.803500
592 0 9.081770 0.095995 0.584674 0.263061 -0.019079 -0.780170
593 0 8.910020 0.068955 0.311606 0.260633 -0.012757 -0.876820
595 0 9.063700 0.063770 0.561300 0.173151 -0.008568 -0.924040
596 0 10.233100 0.126400 1.817200 0.144210 -0.013925 -0.800090
597 0 9.709900 0.037210 1.333380 0.146940 -0.007322 -0.913710
598 0 9.339270 0.017480 1.225610 0.050765 -0.000768 -0.562690
599 0 8.725200 0.029870 0.393824 0.141520 -0.003627 -0.751840
600 0 9.101110 0.208895 0.953494 0.240127 -0.040194 -0.950910
601 0 8.873180 0.070330 0.350675 0.265711 -0.016553 -0.862090
602 0 8.591510 0.082040 -0.064595 0.242894 -0.015643 -0.837390
603 0 7.613450 0.090180 -1.152810 0.267419 -0.016764 -0.742150
605 0 8.510170 0.056990 0.049971 0.234205 -0.008238 -0.651640
606 0 8.506350 0.054645 0.073817 0.237289 -0.007708 -0.611510
607 0 8.600100 0.156170 -0.348432 0.451601 -0.047324 -0.962140
608 0 7.707450 0.154160 -0.479757 0.204490 -0.020582 -0.671720
609 0 7.867210 0.070540 -0.780586 0.160488 -0.008589 -0.788400
610 0 7.605670 0.107195 -0.957584 0.286528 -0.023183 -0.580550
611 0 7.678410 0.194155 -0.402819 0.190767 -0.025370 -0.747800
613 0 7.668040 0.074610 -0.857374 0.135247 -0.005929 -0.517740
614 0 8.493840 0.028365 0.306271 0.157832 -0.004354 -0.602920
615 0 7.431010 0.088445 -0.974030 0.354764 -0.020888 -0.746060
616 0 9.564750 0.090845 1.143600 0.245603 -0.014498 -0.677350
621 0 8.303820 0.075310 -0.481752 0.257679 -0.013325 -0.817670
622 0 7.524270 0.101875 -1.144300 0.365532 -0.028351 -0.871150
624 0 7.702740 0.101495 -0.935324 0.340820 -0.026742 -0.888000
626 0 9.559940 0.044800 1.531050 0.071480 -0.001511 -0.399140
627 0 7.161370 0.138550 -1.399720 0.226990 -0.022047 -0.566510
628 0 9.527880 0.017545 1.445940 0.068420 -0.000338 -0.234050
629 0 9.527740 0.018810 1.442090 0.071390 -0.000619 -0.370890
630 0 7.421560 0.038635 -1.204770 0.051785 -0.000932 -0.415180
632 0 7.955620 0.111010 -0.884343 0.343962 -0.027635 -0.882210
634 0 9.443780 0.053560 1.432970 0.111805 -0.002681 -0.421240
635 0 7.619090 0.152050 -0.618500 0.206525 -0.016140 -0.558050
636 0 8.729290 0.078050 0.027152 0.208503 -0.012744 -0.916950
637 0 8.736500 0.080405 0.232149 0.190877 -0.010901 -0.701800
638 0 8.283900 0.097365 -0.196219 0.172407 -0.010317 -0.584700
642 0 8.656570 0.024870 0.327655 0.133815 -0.003117 -0.756970
643 0 8.609550 0.072835 0.040679 0.231403 -0.012916 -0.908400
644 0 8.167990 0.051105 -0.201775 0.183314 -0.007563 -0.661710
646 0 7.676940 0.067780 -0.409942 0.179785 -0.008715 -0.657740
647 0 8.058090 0.063725 -0.418370 0.251279 -0.010689 -0.679410
648 0 9.342770 0.018115 0.540411 0.079659 0.000259 0.125590
649 0 9.456310 0.028105 1.235530 0.156795 -0.006875 -0.820190
650 0 8.934850 0.022550 0.726023 0.093923 -0.002431 -0.752500
651 0 8.468980 0.032210 0.196892 0.187417 -0.000595 -0.076359
652 0 8.929650 0.016515 0.752623 0.063437 -0.000516 -0.385090
655 0 7.250760 0.136570 -1.402040 0.275440 -0.027693 -0.727620
657 0 7.773750 0.056120 -0.721450 0.099284 -0.004499 -0.816380
658 0 8.421820 0.079650 -0.175342 0.240234 -0.015291 -0.926110
659 0 8.627470 0.043190 0.631306 0.062390 -0.001759 -0.476530
660 0 9.407850 0.063015 0.844593 0.125765 -0.006646 -0.920830
661 0 10.115100 0.035200 1.745170 0.141270 -0.004429 -0.805660
663 0 8.918570 0.056070 0.350158 0.139060 -0.006432 -0.894990
664 1 7.910940 0.115395 -1.055740 0.307718 -0.027763 -0.903140
665 0 8.712970 0.063605 -0.058805 0.150700 -0.007406 -0.775000
666 0 8.788750 0.012575 0.594261 0.034419 -0.000063 -0.125220
667 0 9.706320 0.039010 1.759750 0.027525 -0.000392 -0.312140
668 0 9.126620 0.095125 0.385906 0.297250 -0.022596 -0.969880
669 0 10.614400 0.036150 1.974720 0.148225 -0.008730 -0.544480
671 0 9.397670 0.057160 1.081170 0.320917 -0.014245 -0.795850
674 0 8.739170 0.043020 0.853612 0.036387 -0.000583 -0.259080
675 0 8.862960 0.044225 0.796436 0.125317 -0.003533 -0.526600
678 0 10.533700 0.059700 1.988290 0.254485 -0.010395 -0.813280
679 0 9.197630 0.080670 0.508874 0.208265 -0.012844 -0.957530
680 0 9.193890 0.080365 0.515718 0.207097 -0.012373 -0.948050
681 0 8.316310 0.093320 -0.250449 0.356755 -0.024376 -0.847120
683 0 9.611230 0.025455 1.378440 0.151430 -0.003438 -0.642960
684 0 7.607380 0.112745 -1.183290 0.391132 -0.030113 -0.866740
687 0 7.395030 0.098985 -1.251060 0.229070 -0.015585 -0.729040
688 0 8.956160 0.104115 0.571029 0.411547 -0.032885 -0.922320
689 0 8.637200 0.033830 0.775430 0.019860 0.000188 0.258120
690 0 8.948810 0.034345 0.846403 0.109101 -0.003703 -0.580250
691 0 7.245420 0.075005 -1.324380 0.184205 -0.011764 -0.796900
692 1 8.303670 0.082510 -0.833360 0.192944 -0.019355 -0.913050
694 0 9.746370 0.036295 1.851990 0.016575 -0.001970 -0.513150
695 0 7.439500 0.024875 -0.741104 0.067345 -0.001688 -0.635170
699 0 8.074980 0.065150 -0.467168 0.248862 -0.012214 -0.878980
701 0 9.080320 0.080435 0.500085 0.296996 -0.016777 -0.788820
702 0 9.045050 0.084780 0.746965 0.248179 -0.016821 -0.782820
703 0 9.431120 0.017590 1.339070 0.074175 -0.000736 -0.434240
704 0 9.415990 0.017560 1.324040 0.069745 -0.001301 -0.585610
705 0 10.344500 0.043050 2.256940 0.172830 -0.001988 -0.281310
707 0 7.317050 0.124795 -1.270780 0.382715 -0.027783 -0.655540
710 0 8.328540 0.078405 -0.241635 0.234106 -0.016656 -0.678600
712 1 8.955470 0.074850 -0.286613 0.102141 -0.007679 -0.876180
713 0 7.097100 0.098620 -1.264190 0.239915 -0.008168 -0.344420
714 0 8.017070 0.079435 -0.453997 0.215539 -0.010299 -0.572410
715 0 8.289930 0.031725 0.053581 0.183739 -0.005549 -0.741040
716 0 8.960830 0.058165 0.553843 0.244352 -0.008265 -0.565630
719 0 7.580460 0.059015 -0.818194 0.122367 -0.005033 -0.646630
720 0 7.974400 0.028065 -0.345796 0.141802 -0.003477 -0.720600
724 0 9.256630 0.033035 1.083960 0.128813 -0.004349 -0.596630
725 0 9.252040 0.030485 1.105810 0.103395 -0.001758 -0.421880
726 0 7.750250 0.068755 -0.812319 0.203741 -0.011221 -0.861200
727 0 8.804560 0.073990 0.236982 0.192630 -0.008783 -0.651520
728 0 8.664440 0.156605 -0.186117 0.277921 -0.034896 -0.885470
731 0 7.429160 0.093410 -1.354310 0.275085 -0.018255 -0.744390
733 0 8.658640 0.022720 0.392386 0.122608 -0.003201 -0.732840
735 0 7.529800 0.078415 -0.999447 0.247365 -0.010693 -0.590380
736 0 7.301600 0.089050 -1.265240 0.296243 -0.017772 -0.740730
740 0 7.328670 0.064910 -1.170780 0.226107 -0.011229 -0.800370
741 0 8.106100 0.083265 -0.489146 0.268647 -0.014674 -0.723470
742 0 8.978980 0.030025 0.307019 0.110162 -0.002357 -0.621990
743 0 8.515080 0.025870 0.264006 0.134596 -0.003283 -0.663390
744 0 7.459080 0.091205 -1.170360 0.188791 -0.012276 -0.787260
745 0 9.576990 0.084090 0.880886 0.224367 -0.014618 -0.945790
746 0 10.416400 0.033300 1.509000 0.121550 0.000339 0.077220
748 0 9.954830 0.024395 1.768300 0.127660 -0.001212 -0.307740
750 0 8.030760 0.065630 -0.524804 0.225157 -0.011537 -0.927570
751 0 9.555930 0.027755 1.350810 0.118020 -0.000305 -0.082397
752 0 9.554260 0.028585 1.339800 0.136470 -0.000594 -0.131130
753 0 9.911310 0.050440 1.824910 0.179890 -0.006433 -0.593610
755 0 9.605660 0.052595 1.182790 0.189494 -0.014607 -0.946120
758 1 8.803920 0.058890 -0.317382 0.051632 -0.000206 -0.045247
761 1 9.105820 0.063350 0.142389 0.141958 0.005521 0.777340
763 0 8.159670 0.028385 -0.645864 0.048032 -0.000365 -0.225830
765 0 9.392320 0.027680 1.329460 0.086140 -0.001373 -0.443110
766 0 7.674290 0.131700 -0.813057 0.272157 -0.023150 -0.638420
767 0 9.024160 0.027890 0.989180 0.058182 -0.002879 -0.674340
768 0 9.000600 0.023125 0.974977 0.049529 -0.000394 -0.311610
770 0 7.605420 0.033795 -0.714991 0.154541 -0.006209 -0.831250
771 0 8.346950 0.029970 0.020511 0.106945 -0.002069 -0.537940
773 0 8.374050 0.112855 -0.168556 0.316772 -0.023620 -0.798070
775 0 9.052990 0.072875 0.714897 0.250237 -0.012006 -0.684240
776 0 8.968470 0.053910 0.972241 0.063059 -0.001972 -0.379760
777 0 8.948670 0.050345 0.957006 0.063451 -0.001130 -0.296940
778 0 9.832140 0.076340 1.180820 0.154175 -0.009035 -0.901620
781 0 8.327830 0.025215 0.154373 0.122312 -0.001670 -0.312980
782 1 8.779290 0.090190 -0.290891 0.223681 -0.018875 -0.918780
783 0 9.882630 0.019170 1.744340 0.078920 -0.000317 -0.175100
785 0 8.707230 0.022275 0.568336 0.071694 -0.001938 -0.618950
787 0 7.584310 0.098380 -1.098790 0.269323 -0.019290 -0.779660
788 0 8.806100 0.088555 0.195866 0.279064 -0.017807 -0.848190
789 0 7.249550 0.117260 -1.121750 0.224151 -0.015762 -0.631740
791 0 8.889170 0.071760 0.378416 0.209387 -0.012486 -0.937630
793 1 8.730840 0.054135 -0.581444 0.115583 -0.005589 -0.888770
794 1 8.680750 0.049510 -0.310357 0.169561 -0.008392 -0.755680
796 0 8.229990 0.099350 -0.287581 0.390173 -0.028951 -0.952030
797 0 8.602430 0.035025 0.586838 0.078956 -0.001042 -0.294840
798 0 9.016320 0.019790 0.908089 0.063371 -0.000864 -0.483040
799 0 7.838430 0.077365 -0.345788 0.243274 -0.012044 -0.710480
800 0 7.727080 0.066630 -0.820722 0.165047 -0.008263 -0.758570
801 0 9.116730 0.027660 0.781288 0.135942 -0.005585 -0.884740
802 0 7.890210 0.077625 -0.683459 0.269593 -0.013605 -0.722010
803 0 8.307140 0.039200 -0.109452 0.120197 -0.004146 -0.736860
804 0 8.221650 0.034120 -0.051440 0.206786 -0.005456 -0.639950
805 0 8.748240 0.042610 0.111135 0.109607 -0.003599 -0.827210
807 0 8.369970 0.046450 0.020661 0.179145 -0.006899 -0.687250
808 0 10.154000 0.019250 2.003190 0.090245 -0.003345 -0.738010
809 0 7.606950 0.038195 -0.343239 0.026788 -0.000412 -0.296670
810 0 8.906910 0.060665 0.283402 0.213229 -0.008851 -0.761050
813 0 8.003460 0.056330 -0.429211 0.203923 -0.010621 -0.871640
814 0 7.640840 0.077455 -0.935196 0.286822 -0.014969 -0.803270
815 0 9.540680 0.067815 0.984283 0.161701 -0.015036 -0.792380
816 0 10.448000 0.019100 1.777830 0.068590 -0.001394 -0.612490
818 0 8.063650 0.087705 -0.603855 0.278281 -0.019003 -0.884400
819 0 8.465010 0.015670 0.374710 0.050367 -0.000325 -0.350890
820 0 9.497940 0.039700 1.529390 0.038670 -0.000504 -0.279730
821 0 9.752120 0.026025 1.803130 0.019705 -0.000119 -0.172520
822 0 9.394060 0.075800 0.725385 0.184128 -0.010855 -0.723780
823 0 8.322090 0.046730 0.253455 0.149665 -0.004771 -0.543510
824 0 8.636910 0.068905 -0.025755 0.174913 -0.008320 -0.749420
826 0 9.876060 0.081970 1.182700 0.210936 -0.013529 -0.956190
827 0 8.923250 0.095490 0.529755 0.275468 -0.021313 -0.802820
829 0 7.240120 0.118410 -1.158130 0.199868 -0.016188 -0.671370
831 0 8.585050 0.023205 0.301526 0.158189 -0.001903 -0.355380
832 0 9.894470 0.038110 1.920310 0.032205 -0.000534 -0.415860
835 0 8.611910 0.068985 0.036620 0.206498 -0.011114 -0.906350
836 0 8.855090 0.079045 0.401143 0.314376 -0.019116 -0.888350
838 0 7.786600 0.142715 -1.045770 0.466591 -0.047945 -0.962000
840 0 6.844030 0.137150 -1.316660 0.187225 -0.017075 -0.680280
842 0 8.093790 0.061535 -0.474559 0.116105 -0.005426 -0.790760
844 0 7.858070 0.049995 -0.571719 0.139288 -0.005817 -0.757630
845 0 8.012480 0.033205 -0.882306 0.091709 0.000018 0.004399
846 0 9.142520 0.017975 0.982911 0.091023 -0.001800 -0.632500
848 0 8.078190 0.033245 -0.228859 0.179751 -0.005528 -0.692780
849 0 10.443500 0.044950 1.591000 0.131360 -0.005395 -0.874740
850 0 10.172100 0.037550 1.734260 0.123590 -0.003816 -0.856530
852 0 9.141720 0.114685 0.765488 0.168885 -0.016058 -0.840750
853 0 7.913120 0.075445 -0.668483 0.260970 -0.012605 -0.707090
854 0 8.401630 0.054265 -0.111696 0.112230 -0.004858 -0.742020
855 0 8.402340 0.052575 -0.122235 0.106841 -0.004820 -0.767540
856 0 8.466370 0.134550 -0.351416 0.326300 -0.034393 -0.888990
858 0 9.072180 0.023760 0.991706 0.056589 -0.000651 -0.386540
859 0 7.831870 0.096155 -0.880008 0.325831 -0.022294 -0.789680
860 0 10.235500 0.047500 1.757000 0.094830 -0.004354 -0.859920
861 0 8.622620 0.053425 0.176823 0.242853 -0.008487 -0.686090
862 0 9.163540 0.035325 1.261740 0.026965 -0.000227 -0.135850
863 0 9.169550 0.036120 1.271620 0.026745 -0.000090 -0.072402
864 0 7.547020 0.039105 -0.308501 0.027700 -0.000712 -0.411200
865 0 7.695130 0.050005 -0.178946 0.056341 -0.003124 -0.587300
868 0 9.948540 0.069135 1.277720 0.221680 -0.011206 -0.730610
869 0 9.573930 0.053265 1.076520 0.154839 -0.007321 -0.901870
870 0 7.932090 0.114045 -0.771105 0.383424 -0.030564 -0.866180
871 1 8.966230 0.108640 -0.116110 0.251563 -0.027003 -0.920880
872 0 8.547660 0.055730 -0.250336 0.163517 -0.007789 -0.888610
873 0 8.203010 0.030175 -0.179975 0.120069 -0.004278 -0.835410
874 0 7.959400 0.058395 -0.160879 0.102715 -0.004380 -0.693090
875 0 9.946310 0.040635 1.594000 0.212530 -0.003913 -0.432790
876 0 9.218450 0.021365 0.983516 0.112228 -0.002240 -0.732380
878 0 9.736070 0.030275 1.725060 0.044875 -0.000477 -0.315030
880 0 9.254670 0.023835 1.108920 0.095830 -0.004497 -0.750070
881 0 9.315400 0.026125 1.287680 0.054085 -0.000514 -0.307300
883 0 8.657520 0.092055 0.062784 0.218400 -0.014091 -0.743550
885 0 9.222210 0.020320 1.010030 0.113582 -0.002154 -0.661180
886 0 9.221700 0.020305 1.008450 0.107492 -0.001992 -0.660340
887 0 7.806760 0.053625 -0.681519 0.104603 -0.005364 -0.852080
888 0 9.987910 0.042425 1.619050 0.169675 -0.009529 -0.937870
889 0 9.983450 0.028495 1.648620 0.140300 -0.007766 -0.931120
890 0 8.666890 0.060565 0.181316 0.262329 -0.010276 -0.721520
891 0 9.523370 0.035605 1.501070 0.070665 -0.001274 -0.454920
892 0 8.814160 0.091335 0.306357 0.292241 -0.024482 -0.937910
893 0 7.631210 0.098460 -1.054680 0.298436 -0.021745 -0.784350
894 0 8.937520 0.044190 1.012820 0.118018 -0.003297 -0.495980
895 0 8.741360 0.033080 0.397304 0.154189 -0.005057 -0.853010
896 0 8.269070 0.141210 -0.381194 0.484799 -0.051115 -0.946990
898 0 9.283420 0.024110 1.035770 0.127768 -0.006926 -0.896750
900 0 8.932750 0.069520 0.518793 0.243738 -0.021761 -0.965840
901 0 7.478440 0.060395 -0.983341 0.149016 -0.006271 -0.692140
902 0 8.729890 0.032320 0.447567 0.177014 -0.008060 -0.870220
903 0 9.103780 0.099085 0.498072 0.252485 -0.018363 -0.816620
904 0 9.312420 0.070895 0.741894 0.161368 -0.009424 -0.928020
908 0 10.012900 0.024270 1.883920 0.086535 -0.001268 -0.482690
910 0 8.185800 0.093165 -0.490682 0.296683 -0.021494 -0.959460
911 0 8.694240 0.020380 0.566174 0.058509 -0.000852 -0.499710
912 0 8.594900 0.126995 -0.015810 0.408711 -0.037369 -0.887610
913 0 7.591330 0.049670 -0.842697 0.088317 -0.002653 -0.574770
914 0 8.767480 0.047515 -0.033344 0.226350 0.001595 0.172940
916 0 10.247400 0.024850 1.477280 0.125855 -0.001760 -0.308360
917 0 9.604910 0.016810 1.518870 0.050840 -0.000325 -0.334870
921 0 9.230000 0.018315 1.117960 0.080090 -0.002167 -0.705460
922 0 7.778310 0.100270 -0.503109 0.228515 -0.016066 -0.776670
923 0 9.210370 0.023070 1.184620 0.042300 -0.000406 -0.374560
924 0 9.211740 0.022400 1.184740 0.041060 -0.000357 -0.359960
925 0 9.870550 0.093910 1.018940 0.305584 -0.022103 -0.889460
926 0 10.222900 0.042500 1.803860 0.131315 -0.005004 -0.862210
928 1 7.852290 0.105355 -1.125140 0.293994 -0.024271 -0.901620
929 0 7.864090 0.107895 -0.868259 0.309907 -0.025740 -0.842290
931 0 7.983190 0.067930 -0.488482 0.229813 -0.012855 -0.852110
932 0 8.407180 0.021675 0.149568 0.109424 -0.004653 -0.857880
933 1 10.087700 0.146220 1.053970 0.362765 -0.036101 -0.965030
934 0 10.063100 0.136840 1.258640 0.403048 -0.039785 -0.977240
935 0 8.282530 0.026520 -0.562689 0.066704 -0.000637 -0.252130
937 0 7.816300 0.039990 -0.164429 0.039996 -0.001115 -0.428400
938 0 8.636820 0.070865 0.112514 0.265056 -0.015145 -0.903050
939 0 8.664740 0.080455 0.055171 0.293698 -0.017246 -0.893120
941 0 9.967060 0.016850 1.790150 0.095270 -0.002302 -0.772380
942 0 9.967160 0.017285 1.793240 0.094840 -0.001547 -0.687830
945 0 8.804220 0.063090 0.255437 0.116264 -0.006567 -0.878770
946 1 9.288320 0.071925 0.225359 0.036004 0.001278 0.563650
949 0 7.131250 0.069735 -1.362890 0.292575 -0.010984 -0.621500
950 0 9.021920 0.081255 0.718933 0.248247 -0.015822 -0.750870
951 0 8.331500 0.018880 0.044072 0.094694 -0.001684 -0.663730
952 0 7.937720 0.027445 -0.083986 0.049803 -0.001807 -0.575020
953 0 9.559350 0.020345 1.478330 0.070725 -0.000561 -0.326470
954 0 9.175190 0.059475 1.198020 0.066510 -0.001625 -0.373600
955 0 9.173330 0.058895 0.454453 0.159466 -0.007240 -0.850070
956 0 8.813150 0.021485 0.522092 0.119911 -0.005551 -0.902540
957 0 8.734290 0.088265 0.209930 0.312343 -0.023506 -0.953650
958 0 8.412210 0.068155 -0.107735 0.217269 -0.011024 -0.878790
959 0 9.070470 0.022500 0.908417 0.126035 -0.003776 -0.708830
960 0 9.843160 0.056995 1.319340 0.104480 -0.005119 -0.903670
961 0 9.602160 0.044675 1.700820 0.049020 -0.000684 -0.238320
962 0 8.553400 0.051645 0.621953 0.078765 -0.003628 -0.461280
963 0 8.290110 0.080805 -0.267874 0.302383 -0.015803 -0.785700
966 0 9.588680 0.053265 1.264840 0.250313 -0.008734 -0.647420
967 0 8.262800 0.045555 -0.136445 0.174718 -0.007022 -0.875730
968 0 9.171650 0.067495 0.440409 0.204901 -0.012233 -0.858590
970 0 9.640280 0.025945 1.689500 0.021975 -0.000073 -0.100420
971 0 8.452030 0.022695 0.222771 0.114094 -0.002631 -0.658030
972 0 8.408860 0.062090 0.289180 0.198344 -0.012087 -0.727180
973 0 7.636790 0.138090 -0.499626 0.160927 -0.017378 -0.866300
975 0 9.268680 0.023915 1.187940 0.077250 -0.000867 -0.346580
976 0 9.291900 0.075790 0.682719 0.270223 -0.015866 -0.931680
978 0 8.299190 0.094855 -0.002919 0.143878 -0.011823 -0.784270
981 0 8.516270 0.033235 0.362404 0.080582 -0.007358 -0.803730
982 0 7.982970 0.135105 -0.471806 0.233626 -0.020951 -0.738700
983 0 9.184490 0.034860 0.857237 0.218478 -0.005813 -0.667880
984 0 9.187460 0.038100 0.820471 0.217710 -0.005646 -0.658880
985 0 8.323790 0.027640 0.345198 0.026261 -0.000260 -0.313190
986 0 10.365400 0.057700 2.337570 0.114125 -0.002686 -0.298800
987 0 10.405400 0.041200 2.406460 0.060410 -0.000636 -0.215570
988 0 9.768410 0.040595 1.682110 0.204165 -0.005922 -0.615040
989 0 9.757890 0.031530 1.778090 0.062920 -0.000706 -0.292550
991 0 8.817160 0.050110 0.797312 0.081842 -0.003044 -0.484560
992 0 8.815410 0.050425 0.800155 0.079442 -0.002610 -0.459230
994 0 9.890220 0.028165 1.821630 0.065895 -0.001903 -0.486670
995 0 8.279980 0.026790 0.038728 0.142748 -0.003924 -0.781760
997 0 9.948990 0.064550 1.144950 0.223248 -0.003876 -0.160020
998 0 8.692070 0.038875 0.443291 0.193094 -0.008883 -0.765510
999 0 8.943370 0.055250 0.459401 0.135756 -0.006132 -0.895630
1000 0 9.108770 0.078680 0.588041 0.284636 -0.018955 -0.946150
1001 0 9.433740 0.017185 1.208580 0.072195 -0.007110 -0.933410
1002 0 9.522060 0.015470 1.315160 0.058910 -0.001285 -0.745320
1003 0 8.900310 0.063160 0.244412 0.159837 -0.007883 -0.902680
1005 0 9.295920 0.024910 1.143180 0.101780 -0.004099 -0.724210
1006 0 9.929750 0.021665 1.817060 0.096570 -0.001809 -0.560550
1007 0 8.094120 0.054875 -0.523135 0.194830 -0.007904 -0.830860
1008 0 7.876630 0.057730 -0.739330 0.166233 -0.006179 -0.655140
1009 0 7.812920 0.045610 -0.596483 0.165791 -0.008125 -0.859930
1010 0 9.044760 0.025105 0.967309 0.082653 -0.001119 -0.428900
1012 0 9.582460 0.036865 1.269340 0.193045 -0.007730 -0.798540
1013 0 8.431640 0.041725 -0.000120 0.156408 -0.004716 -0.737920
1014 0 9.671830 0.022390 1.459190 0.117025 -0.003433 -0.746060
1016 0 10.160800 0.020250 1.434130 0.104230 -0.002003 -0.370340
1019 0 8.066810 0.068890 -0.068890 0.137938 -0.007783 -0.828810
1023 0 9.521100 0.068400 0.996603 0.251500 -0.011849 -0.752510
1025 0 9.804960 0.030835 1.522060 0.155640 -0.004247 -0.737540
1026 0 9.506840 0.044340 1.615420 0.020970 0.000024 0.020753
1027 0 10.257300 0.043300 1.801990 0.102465 -0.003454 -0.828860
1028 0 7.968310 0.241255 -0.217790 0.238652 -0.042379 -0.885450
1029 0 9.427220 0.077505 0.821385 0.250354 -0.011671 -0.612360
1030 0 7.978790 0.094040 -0.307386 0.307924 -0.019317 -0.725450
1031 0 10.823400 0.055650 2.202900 0.169580 -0.036923 -0.819890
1034 0 8.463520 0.116785 -0.022916 0.213100 -0.019415 -0.783560
1036 0 9.529650 0.016895 1.392170 0.067550 -0.001206 -0.684750
1037 0 9.711610 0.055770 1.789280 0.122285 -0.004611 -0.519600
1038 0 9.834180 0.012470 1.491730 0.072900 -0.000442 -0.400170
1039 0 9.075960 0.033950 0.677153 0.132829 -0.003526 -0.807380
1040 0 8.545210 0.098230 -0.072415 0.216269 -0.014891 -0.717690
1042 0 10.048000 0.018200 2.002230 0.047120 -0.000313 -0.299620
1043 0 8.450490 0.022640 0.207383 0.098305 -0.002203 -0.663810
1045 0 10.432000 0.022700 2.348560 0.070395 -0.000971 -0.422290
1046 0 9.345430 0.028555 1.313840 0.082790 -0.001259 -0.426050
1048 0 9.233290 0.044360 0.784727 0.192447 -0.006156 -0.707310
1049 0 9.497920 0.026010 1.336010 0.101280 -0.002887 -0.577370
1050 0 8.975350 0.113490 0.266916 0.402377 -0.035040 -0.958670
1052 0 9.886820 0.084520 1.193740 0.183410 -0.011611 -0.739740
1053 0 9.254130 0.024145 0.911335 0.127643 -0.002892 -0.783360
1054 0 9.254920 0.026910 0.907682 0.131605 -0.003107 -0.784260
1055 0 8.846790 0.063055 0.900628 0.060299 -0.001959 -0.410400
1056 0 7.531860 0.097145 -1.156080 0.281983 -0.020398 -0.829170
1057 0 9.393460 0.024190 1.243000 0.096815 -0.001713 -0.549320
1061 0 8.747640 0.045150 0.397362 0.176444 -0.007298 -0.802720
1062 0 9.548920 0.178705 0.741605 0.392246 -0.052092 -0.936770
1064 0 9.290680 0.021660 1.203410 0.076000 -0.000917 -0.433990
1065 0 8.750890 0.030185 0.654334 0.072686 -0.005011 -0.778390
1066 0 9.480030 0.057840 0.931874 0.200982 -0.008092 -0.741110
1067 0 9.858820 0.023830 1.682940 0.110945 -0.002740 -0.707150
1068 0 10.293900 0.049650 2.318020 0.057690 -0.001018 -0.303930
1070 0 9.558420 0.037290 1.146270 0.139550 -0.004432 -0.841170
1071 0 10.004500 0.033890 1.820450 0.158385 -0.003103 -0.520690
1072 0 9.313570 0.021380 1.192660 0.091115 -0.002187 -0.639690
1073 0 9.597630 0.037935 1.597540 0.064205 -0.001190 -0.354770
1074 0 9.849860 0.094050 1.672940 0.262160 -0.019864 -0.852270
1075 0 9.898300 0.030775 1.892760 0.048635 -0.000460 -0.257650
1076 0 10.446700 0.058750 1.715270 0.156395 -0.007104 -0.877260
1077 0 10.221400 0.022650 2.207980 0.047180 -0.000355 -0.312290
1078 0 10.066000 0.034050 1.823640 0.159560 -0.003189 -0.524490
1079 0 9.781990 0.036820 1.517310 0.195935 -0.007878 -0.816850
1080 0 8.956890 0.084970 0.723556 0.149152 -0.010739 -0.808650
1081 0 9.509570 0.023580 1.497260 0.045505 -0.000214 -0.179350
1082 0 9.175280 0.023700 1.014890 0.084538 -0.007014 -0.878270
1083 0 9.674550 0.021440 1.626040 0.059325 -0.000699 -0.389310
1084 0 9.237430 0.048175 1.080920 0.208194 -0.003843 -0.404160
1085 0 9.760390 0.039065 1.575890 0.141400 -0.003535 -0.492380
1087 0 9.227420 0.025390 1.186840 0.049785 -0.000494 -0.341980
1091 0 9.297620 0.079220 0.982609 0.254003 -0.015345 -0.768540
1094 0 8.804120 0.052000 0.953350 0.073786 -0.003037 -0.582350
1095 0 9.993110 0.022395 1.280860 0.109810 -0.002226 -0.474310
1096 0 8.540190 0.076080 0.135621 0.242077 -0.012464 -0.732660
1100 0 10.757900 0.038000 2.379100 0.213735 -0.009377 -0.411410
1101 0 8.771480 0.037325 0.466527 0.189744 -0.003210 -0.374500
1102 0 9.639840 0.021765 1.456870 0.102335 -0.003432 -0.784940
1103 0 8.716360 0.096005 0.426295 0.241199 -0.016543 -0.741220
1109 0 10.025000 0.062830 1.515840 0.252210 -0.009952 -0.735080
1110 0 8.254050 0.083150 0.331140 0.103689 -0.007181 -0.813250
1111 0 8.748900 0.062975 0.302405 0.186829 -0.011451 -0.923220
1112 0 8.446920 0.046605 0.036942 0.138764 -0.005039 -0.746490
1114 0 9.421240 0.043020 1.172440 0.256148 -0.005341 -0.505310
1115 0 9.318760 0.047690 0.755204 0.071704 -0.003140 -0.835510
1116 0 10.106600 0.056900 1.597420 0.146035 -0.007904 -0.925660
1118 0 9.393060 0.028580 1.318040 0.087420 -0.002324 -0.559490
1119 0 9.084040 0.021420 0.995264 0.062759 -0.000684 -0.392610
1124 0 10.618000 0.083350 1.842790 0.259625 -0.034471 -0.677040
1125 0 9.412890 0.049245 1.498240 0.058570 -0.005948 -0.665990
1126 0 9.154400 0.025030 1.115050 0.061535 -0.000317 -0.189240
1127 0 9.044160 0.073175 0.761309 0.315385 -0.021822 -0.805640
1129 0 9.063600 0.047460 0.815655 0.238385 -0.011211 -0.803120
1130 0 8.811100 0.042505 0.913733 0.030672 -0.000490 -0.253300
1131 0 9.369010 0.018185 1.265860 0.057965 -0.000666 -0.454300
1134 0 9.818140 0.029770 1.830930 0.042775 -0.000500 -0.350160
1136 0 10.303100 0.041200 1.883500 0.207580 -0.005628 -0.664050
1137 0 8.818770 0.068025 0.301845 0.191835 -0.009993 -0.818640
1138 0 8.405660 0.051000 -0.038699 0.094711 -0.003254 -0.621810
1139 0 10.113400 0.027150 1.763270 0.126265 -0.006139 -0.892490
1142 0 8.429890 0.086440 0.382233 0.152003 -0.009845 -0.615660
1143 0 8.757270 0.040725 0.850036 0.029820 -0.000518 -0.260320
1145 0 9.556150 0.045175 1.287560 0.217100 -0.009887 -0.815640
1149 0 9.704970 0.027250 1.437270 0.184495 -0.002188 -0.371320
1150 0 8.108380 0.083320 -0.456341 0.265456 -0.014318 -0.650400
1153 0 9.830740 0.046135 1.483250 0.249625 -0.004823 -0.441540
1155 0 9.413580 0.032360 1.453140 0.034990 -0.007739 -0.834420
1156 0 9.900360 0.055505 1.178080 0.178188 -0.006923 -0.813630
1157 0 9.430580 0.039020 1.139190 0.216761 -0.006109 -0.642660
1158 0 8.775730 0.027455 0.730316 0.055907 -0.000642 -0.361090
1160 0 9.625420 0.060880 1.123850 0.182022 -0.008869 -0.831900
1162 0 9.734180 0.019785 1.586170 0.065570 -0.008622 -0.897390
1163 0 10.075200 0.045000 1.555080 0.082990 -0.004337 -0.603450
1166 0 9.634600 0.023505 1.427460 0.116990 -0.001802 -0.519380
1168 0 8.991600 0.043885 0.627293 0.174948 -0.009917 -0.919710
1169 0 9.253500 0.067935 0.874892 0.253850 -0.020107 -0.957000
1170 0 9.385340 0.020955 0.743400 0.061920 -0.000970 -0.657800
1171 0 8.389220 0.064175 0.413915 0.104534 -0.007745 -0.713610
1172 0 9.000930 0.047665 0.579472 0.164564 -0.008310 -0.915320
1173 0 8.608060 0.058080 0.152021 0.182244 -0.009152 -0.896520
1174 0 8.998440 0.069975 0.549869 0.217167 -0.008847 -0.584810
1175 0 9.383760 0.047465 0.933711 0.126521 -0.006587 -0.883040
1176 0 8.955740 0.021975 0.875351 0.063273 -0.000653 -0.379280
1177 0 9.669440 0.064055 1.203620 0.126260 -0.005549 -0.662770
1181 1 9.236720 0.063720 0.008964 0.042063 -0.003275 -0.767090
1184 0 9.018070 0.028940 0.803775 0.129956 -0.003756 -0.681290
1188 0 8.819090 0.094900 0.540832 0.172273 -0.013115 -0.787030
1191 0 8.879410 0.018920 0.741349 0.068846 -0.001165 -0.581290
1192 0 8.529960 0.051345 0.155131 0.191022 -0.010277 -0.850840
1193 0 9.816490 0.020160 1.701080 0.078420 -0.001427 -0.541460
1194 0 9.239940 0.058060 0.869543 0.268761 -0.015749 -0.893260
1195 0 8.953300 0.106405 0.266985 0.377826 -0.028437 -0.918490
1196 0 9.761930 0.059440 1.241780 0.150240 -0.006934 -0.601410
1198 0 10.036900 0.043000 1.426450 0.078530 -0.002270 -0.626070
1200 0 10.461700 0.019700 2.229470 0.082755 -0.004318 -0.888180
1201 0 8.848750 0.072080 0.339495 0.288985 -0.015387 -0.800570
1202 1 9.645830 0.068555 0.337697 0.074397 -0.004721 -0.873500
1203 0 9.158340 0.025960 0.892558 0.132047 -0.007103 -0.904790
1205 0 8.968620 0.063270 0.460511 0.255664 -0.010506 -0.715660
1206 0 8.800110 0.049010 0.291619 0.263932 -0.008470 -0.806410
1207 0 8.759840 0.057090 0.888241 0.036103 -0.001444 -0.346870
1208 0 10.439500 0.061500 1.940580 0.155275 -0.008357 -0.915190
1210 0 9.930740 0.040350 1.606510 0.220760 -0.009836 -0.856360
1211 1 7.464790 0.074095 0.216217 0.057576 -0.002528 -0.627050
1213 0 8.950190 0.080800 0.489670 0.218836 -0.011289 -0.666960
1214 0 8.955990 0.037135 0.937228 0.094879 -0.001470 -0.307130
1215 0 9.632870 0.089425 1.164570 0.173472 -0.005587 -0.367950
1216 0 9.732750 0.084240 1.224540 0.202725 -0.007328 -0.439420
1217 0 9.806230 0.026530 1.603910 0.138910 -0.006195 -0.811200
1220 0 9.372210 0.082680 0.600663 0.220510 -0.014691 -0.914660
1223 0 9.367680 0.041800 1.435320 0.041560 -0.000886 -0.356860
1224 0 9.516510 0.065560 1.025590 0.233698 -0.013028 -0.888110
1225 0 8.559080 0.085915 0.442415 0.147032 -0.008220 -0.697410
1226 0 8.445840 0.040825 0.619775 0.022736 -0.000125 -0.110740
1227 0 8.943720 0.146310 0.311975 0.481142 -0.053152 -0.934100
1228 0 8.659630 0.115445 0.329012 0.190472 -0.017519 -0.769700
1229 0 9.209160 0.140390 0.535158 0.437403 -0.047716 -0.975680
1231 0 8.644910 0.073405 0.475430 0.112092 -0.007775 -0.878310
1232 0 8.520060 0.044275 0.396742 0.157112 -0.007358 -0.718730
1233 0 10.131200 0.077300 1.356290 0.205690 -0.013356 -0.946690
1235 0 8.860910 0.078755 0.007844 0.191345 -0.010878 -0.720590
1236 1 7.949450 0.082940 0.238616 0.096681 -0.010081 -0.853310
1239 0 8.275800 0.170475 0.375405 0.164439 -0.023341 -0.893200
1240 0 9.419010 0.056130 0.917973 0.108351 -0.005261 -0.881800
1241 0 9.079280 0.087330 0.845387 0.200606 -0.010468 -0.656770
1242 0 9.530740 0.038560 1.501040 0.091945 -0.001861 -0.423580
1243 0 8.746880 0.103510 0.330745 0.190350 -0.016257 -0.787750
1244 0 9.189880 0.095635 0.777917 0.192002 -0.015189 -0.810320
1245 0 9.161150 0.087460 0.648881 0.313024 -0.022648 -0.953630
1246 0 10.470400 0.057650 1.922590 0.133310 -0.007535 -0.719480
1247 0 9.700990 0.032835 1.412750 0.230505 -0.003455 -0.420660
1249 0 8.316520 0.093350 -0.243841 0.181607 -0.013212 -0.792210
1250 0 9.629620 0.117005 0.917726 0.397366 -0.034346 -0.957850
1251 0 8.873990 0.055140 0.424459 0.192860 -0.008464 -0.809960
1252 0 10.301700 0.087300 1.648890 0.174155 -0.011290 -0.766250
1253 0 9.849860 0.020360 1.727650 0.064415 -0.000638 -0.383220
1254 0 9.207860 0.072035 0.699964 0.185056 -0.006007 -0.454470
1255 0 10.716800 0.071000 2.087420 0.142560 -0.007414 -0.726260
1257 0 8.373640 0.115140 -0.311677 0.381208 -0.033112 -0.914010
1258 0 9.586830 0.040385 1.683300 0.021320 -0.000853 -0.328980
1259 0 8.863930 0.100645 0.313267 0.350323 -0.026491 -0.886960
1260 0 10.064600 0.089725 1.373700 0.261855 -0.018103 -0.964060
1261 0 9.173750 0.086365 0.772802 0.262942 -0.015178 -0.743510
1262 0 8.637450 0.083935 0.656886 0.162779 -0.011979 -0.677280
1263 0 9.640710 0.040215 1.237580 0.160250 -0.002441 -0.322580
1264 0 9.721960 0.028340 1.521910 0.121480 -0.001527 -0.324320
1265 0 8.844530 0.031845 0.818701 0.054401 -0.000908 -0.432210
1271 0 9.714030 0.054690 1.199880 0.138010 -0.006158 -0.861460
1274 0 9.899930 0.046010 1.306580 0.089525 -0.003022 -0.488950
1275 0 10.404100 0.040000 2.052460 0.156050 -0.008859 -0.938190
1280 0 9.569600 0.068725 1.158100 0.281823 -0.013271 -0.754280
1282 0 8.060940 0.064065 0.140058 0.061950 -0.002108 -0.340110
1283 0 7.923980 0.159720 -0.397812 0.257857 -0.030586 -0.844910
1284 0 10.059900 0.039850 1.763710 0.212185 -0.006168 -0.586080
1286 0 9.190590 0.072720 0.771192 0.270453 -0.013418 -0.699660
1288 0 9.391920 0.073185 1.305380 0.249860 -0.011154 -0.687920
1289 0 9.178990 0.038445 1.250400 0.035110 -0.000557 -0.268280
1290 0 10.970800 0.054500 2.373420 0.145790 -0.002463 -0.207980
1292 0 9.598190 0.025540 1.618010 0.032490 -0.000805 -0.408720
1293 0 9.153280 0.057935 0.679352 0.246751 -0.009889 -0.740150
1295 0 10.487000 0.069700 2.074680 0.209310 -0.010963 -0.675020
1297 0 8.720630 0.024915 0.551727 0.081663 -0.002663 -0.662330
1298 0 9.115940 0.058460 1.110510 0.077090 -0.002211 -0.398470
1299 0 9.655440 0.020320 1.528080 0.095465 -0.001711 -0.605780
1304 0 7.985260 0.094860 0.053833 0.099121 -0.007876 -0.795430
1305 0 9.453610 0.026330 1.379860 0.089760 -0.001880 -0.506000
1306 0 10.289900 0.021850 2.073090 0.145220 -0.002859 -0.775270
1307 0 10.107200 0.056800 1.640910 0.194010 -0.010242 -0.893310
1308 0 9.323200 0.053310 0.847685 0.157235 -0.006537 -0.847050
1310 0 9.141640 0.053370 0.787949 0.266127 -0.011198 -0.746450
1311 1 10.069900 0.097535 0.843276 0.154383 -0.023721 -0.897530
1312 0 9.901230 0.073680 1.296770 0.206890 -0.013163 -0.785780
1316 0 9.804830 0.074370 1.195340 0.204636 -0.007984 -0.540740
1317 0 9.342510 0.049605 0.971744 0.203720 -0.009166 -0.857220
1320 0 7.976480 0.146305 -0.178696 0.203767 -0.022503 -0.808420
1323 0 9.852300 0.037945 0.936749 0.164590 -0.010103 -0.505610
1324 0 8.402940 0.074385 0.270661 0.199164 -0.010594 -0.821900
1325 0 8.446960 0.151875 -0.158030 0.214485 -0.024264 -0.737450
1327 0 9.523660 0.024230 1.501840 0.053175 -0.000365 -0.253940
1328 0 8.182340 0.106205 -0.510190 0.273945 -0.020444 -0.752330
1329 0 8.802180 0.103895 0.308227 0.357383 -0.027345 -0.852190
1332 0 9.877080 0.023195 1.834520 0.066835 -0.000606 -0.315710
1333 0 9.197810 0.067990 0.714035 0.249468 -0.011847 -0.760180
1336 0 10.572000 0.018950 1.884790 0.064110 -0.003037 -0.603980
1337 0 9.612990 0.029795 1.392820 0.177035 -0.010443 -0.896620
1338 0 10.039900 0.040300 1.690370 0.172460 -0.006694 -0.841160
1339 0 9.363210 0.067050 0.823900 0.197208 -0.009116 -0.683450
1340 0 8.259720 0.094220 -0.431631 0.266048 -0.020481 -0.927900
1341 1 9.348830 0.073670 0.233096 0.043159 -0.000602 -0.130550
1342 1 9.899050 0.036265 0.964597 0.188829 -0.002158 -0.262840
1343 0 9.594920 0.048325 0.753262 0.160707 0.004956 0.670360
1344 0 10.103100 0.034250 1.312370 0.201535 -0.002320 -0.227890
1345 0 9.176300 0.033880 1.187160 0.041255 -0.000536 -0.289330
1346 0 9.892150 0.077825 1.272330 0.214435 -0.010373 -0.634590
1347 0 9.011940 0.036950 1.092440 0.041475 -0.003612 -0.636060
1348 1 10.335400 0.078550 1.231770 0.174925 -0.016592 -0.883370
1349 0 9.844610 0.067925 1.481540 0.295200 -0.018524 -0.887480
1350 0 9.088710 0.056915 1.027060 0.153262 -0.005502 -0.555850
1351 0 8.812770 0.069085 0.463098 0.309555 -0.023069 -0.916730
1353 0 9.421330 0.027220 1.093240 0.126833 -0.004564 -0.835260
1354 0 9.024690 0.057560 1.057380 0.058537 -0.001798 -0.419520
1355 0 9.582660 0.047550 1.472830 0.147710 -0.002961 -0.416720
1356 0 9.352210 0.028100 1.280830 0.095170 -0.002127 -0.520590
1357 0 8.657530 0.033905 0.271541 0.178719 -0.006469 -0.503290
1359 0 9.507080 0.030630 1.313820 0.128970 -0.003274 -0.594050
1361 0 9.489720 0.037325 1.166650 0.201262 -0.003675 -0.455300
1362 0 9.314370 0.088170 0.742878 0.171861 -0.009634 -0.650840
1363 1 10.804200 0.053250 1.739160 0.133525 -0.007159 -0.774390
1364 0 10.152400 0.120350 1.955800 0.415925 -0.048489 -0.974980
1366 0 8.913410 0.060825 0.516081 0.254451 -0.012152 -0.765180
1369 0 9.104510 0.082760 0.644190 0.297617 -0.016727 -0.730470
1370 0 9.629190 0.044225 1.274920 0.183060 -0.006688 -0.806170
1371 0 9.498080 0.074680 1.123760 0.210557 -0.008996 -0.599280
1372 1 10.208700 0.036000 1.280840 0.194745 -0.009211 -0.580320
1373 0 9.426190 0.087235 0.725018 0.243332 -0.016144 -0.818230
1375 0 8.894030 0.088385 0.312392 0.302422 -0.021228 -0.931720
1376 0 9.470440 0.038630 1.077860 0.211419 -0.004247 -0.474220
1378 0 10.215200 0.040600 1.678990 0.056765 -0.001787 -0.755920
1379 0 9.941510 0.071695 1.968530 0.084100 -0.003437 -0.494550
1380 0 9.501440 0.052950 1.145900 0.229435 -0.007902 -0.637310
1381 0 9.423360 0.041690 1.330190 0.115260 -0.006498 -0.633370
1382 1 6.706590 0.124705 -0.601708 0.075320 -0.003234 -0.337620
1383 0 7.461950 0.100330 -1.202570 0.284548 -0.016857 -0.629570
1384 0 7.214190 0.188585 -1.151760 0.275173 -0.031409 -0.696360
1385 1 6.414100 0.131525 -1.195300 0.102530 -0.007955 -0.538560
1386 0 7.236260 0.108755 -1.139210 0.269670 -0.009570 -0.339690
1387 0 7.468060 0.117995 -1.243070 0.281366 -0.023607 -0.714320
1389 0 6.949010 0.259610 -0.877222 0.187258 -0.028971 -0.659720
1390 0 7.785620 0.291075 -0.312048 0.267393 -0.054939 -0.834060
1391 0 7.205750 0.167785 -1.430020 0.321060 -0.034885 -0.690460
1392 0 6.817490 0.122445 -1.277430 0.158505 -0.014210 -0.690210
1393 0 7.533270 0.119855 -0.945947 0.261979 -0.019710 -0.641120
1394 0 7.434080 0.149940 -1.019190 0.272985 -0.029374 -0.613010
1395 1 6.146170 0.148535 -1.653810 0.118030 -0.009464 -0.563300
