# x_refit,sx_refit,y_refit,sy_refit,covxy_refit
0.552299 0.091880 1.179935 0.130245 -0.010605
0.111950 0.088585 0.490046 0.179532 -0.010655
1.441179 0.062950 2.113555 0.096575 -0.004898
0.624419 0.133160 1.400955 0.188695 -0.025465
-0.047601 0.037525 0.432909 0.091019 -0.002678
-0.459351 0.129095 -0.342418 0.202138 -0.016888
1.656480 0.064250 -0.272017 1.014303 -0.003858
-0.069230 0.080725 -1.359335 0.574862 0.027213
0.047840 0.030090 0.177434 0.144153 -0.001588
0.244619 0.091230 0.166841 0.242780 -0.008588
1.583580 0.065150 -0.349974 1.057864 0.019749
-0.630580 0.051540 0.706513 0.046489 -0.002213
0.973880 0.063350 1.434865 0.160390 -0.007390
0.617949 0.045000 0.958845 0.125870 -0.004792
0.925580 0.054525 0.953725 0.351047 -0.004054
0.001120 0.025000 -0.534421 0.378978 0.003074
-0.743541 0.094285 -0.211696 0.199822 -0.014415
-0.145640 0.092125 0.304440 0.172714 -0.012181
-0.062150 0.028380 -0.005637 0.169569 -0.002301
-0.345780 0.082185 0.166616 0.187393 -0.012005
0.181849 0.103815 0.722727 0.173073 -0.015353
0.306290 0.036620 0.187947 0.169262 0.001204
-0.009570 0.024005 -0.289216 0.242508 0.001995
0.313510 0.028825 0.534621 0.114911 -0.002241
-0.195971 0.070770 0.242292 0.169632 -0.008521
1.252979 0.032550 0.760105 0.425178 0.005747
0.911880 0.015300 0.378570 0.283577 0.001284
0.729020 0.066015 1.199545 0.187705 -0.010883
-1.034010 0.123945 -1.028393 0.442787 -0.032119
0.063849 0.101745 0.021735 0.178417 -0.000922
-0.227551 0.039990 -0.023863 0.158233 -0.001107
-0.399500 0.082475 -0.293842 0.190462 -0.004723
-0.243000 0.095095 0.319107 0.173434 -0.015313
0.770370 0.043015 0.773525 0.219604 0.001178
0.309930 0.054050 -1.322215 0.663540 0.033319
-0.096991 0.068075 -0.621006 0.345838 0.011084
0.273170 0.095540 0.107701 0.224365 0.003691
-0.362571 0.067770 -0.424573 0.198418 -0.002957
-0.110460 0.034700 -0.531123 0.382035 0.004282
1.688479 0.023500 1.763425 0.318045 -0.000825
0.079920 0.080775 0.579490 0.158034 -0.009174
-1.515630 0.135325 -0.484291 0.149100 -0.019973
-0.172880 0.033780 -0.138227 0.234860 -0.000804
-1.038260 0.121290 -0.497012 0.220383 -0.022123
0.870649 0.035615 0.346852 0.319993 0.006815
0.599760 0.121645 0.525913 0.217905 -0.004765
0.856970 0.049115 1.077685 0.231230 -0.006389
0.207160 0.063475 0.623083 0.201864 -0.009395
-0.616100 0.022120 -0.715972 0.207605 -0.002833
0.903979 0.051025 1.299945 0.122200 -0.002485
0.000060 0.074565 0.025178 0.268984 -0.005137
0.293190 0.033280 0.489237 0.156734 -0.001133
-1.544790 0.062410 -0.540549 0.059558 -0.002183
0.462500 0.032135 0.691272 0.208439 -0.003849
0.660700 0.074405 0.682870 0.240569 -0.001456
0.256260 0.060145 -0.280004 0.338093 0.009888
0.512630 0.053585 0.957315 0.145195 -0.006764
1.267480 0.021700 0.338149 0.439055 0.005778
-0.140301 0.038970 0.433411 0.092841 -0.003252
-0.702030 0.064230 -0.817487 0.242735 0.003482
-0.212350 0.058205 0.148468 0.187748 -0.008540
0.003389 0.025650 -0.753720 0.383305 0.007741
0.352910 0.019125 0.268827 0.177101 -0.001309
1.360479 0.034000 1.345085 0.159990 0.000874
-0.519240 0.040830 -0.093828 0.138763 -0.003865
0.557690 0.025335 0.654600 0.151365 -0.001475
0.900780 0.025255 0.965455 0.144565 0.000346
0.101069 0.062255 0.881235 0.093205 -0.005137
0.358230 0.036185 0.007662 0.969866 -0.008892
-1.166090 0.076270 -0.479919 0.118758 -0.007809
0.486710 0.053345 0.860775 0.169212 -0.004447
0.606709 0.052330 0.945815 0.164790 -0.004590
-0.663020 0.190295 -0.329111 0.306538 -0.045429
1.123480 0.079800 1.126975 0.222740 0.001545
0.148240 0.060530 -0.328179 0.259825 -0.014197
-1.232151 0.113000 -0.727537 0.255614 -0.023091
1.218980 0.080600 0.696429 0.262462 0.004005
0.957479 0.033500 -0.800138 0.484420 -0.031098
0.679219 0.032030 0.819945 0.254250 -0.000748
0.944180 0.040000 1.355155 0.182200 -0.007292
0.484119 0.069370 0.885115 0.196590 -0.010514
0.305090 0.056825 0.637193 0.152878 -0.002894
0.350260 0.024270 0.004174 0.361586 0.001789
0.811660 0.049575 1.052395 0.175340 -0.001499
0.032169 0.061915 0.469552 0.154020 -0.005629
-0.655710 0.059375 0.241502 0.070270 -0.002605
0.282080 0.065465 0.693966 0.202566 -0.009540
0.469760 0.019340 0.158600 0.280535 0.002054
-0.397901 0.089230 -0.559082 0.235756 0.006165
0.102520 0.067760 0.448302 0.173536 -0.007676
0.919080 0.068445 0.586819 0.348577 0.002195
0.047460 0.048345 0.369203 0.133730 -0.002714
0.084390 0.071205 0.072546 0.194259 -0.003861
0.066859 0.086180 0.244870 0.178636 -0.008608
-0.303190 0.099260 0.385668 0.137338 -0.013521
1.262280 0.040300 1.672685 0.130045 -0.001640
-0.166390 0.028295 0.068868 0.095514 -0.001832
0.389339 0.071320 0.097192 0.293986 -0.001920
0.103930 0.055565 0.360894 0.157991 -0.002982
-1.019630 0.168170 -0.520101 0.318873 -0.041372
-0.575351 0.065730 -0.079551 0.154726 -0.008214
-0.219960 0.034780 -0.049901 0.136290 -0.003568
-1.568491 0.082115 0.058564 0.055307 -0.004053
1.005580 0.029600 0.195655 0.412221 0.005716
0.484240 0.032290 0.727548 0.170197 -0.002228
0.051290 0.073700 -0.944215 0.546376 0.024272
0.364320 0.028490 0.483233 0.235357 -0.003926
-0.083890 0.051350 0.450944 0.125599 -0.004787
0.695049 0.078250 1.061205 0.147820 -0.007086
1.026279 0.016150 0.750165 0.180948 -0.001302
-0.753230 0.102930 -0.976422 0.250410 0.008615
-0.466801 0.115210 -0.934811 0.298956 0.010612
-0.740450 0.080195 0.263096 0.092225 -0.005652
1.006080 0.039650 0.187148 0.494917 0.015174
-0.241190 0.042305 -0.178304 0.217859 -0.004072
-0.158610 0.108025 0.414979 0.194743 -0.018240
0.008460 0.077520 0.506452 0.157094 -0.011068
-0.788590 0.102215 -0.905218 0.249607 0.003420
0.162009 0.043545 -0.233187 0.315771 0.005772
-0.151080 0.035535 0.348345 0.096507 -0.002970
-0.099430 0.052325 0.188837 0.164497 -0.001240
1.046180 0.041200 1.403805 0.194415 -0.003507
0.325769 0.016745 0.108102 0.218024 -0.001267
1.551579 0.050300 1.204725 0.346385 -0.015705
0.501010 0.023105 0.478977 0.163633 -0.001996
0.675920 0.056165 1.104615 0.163910 -0.007338
-0.892751 0.201525 -0.756871 0.335328 -0.038410
0.381430 0.064345 0.131758 0.361814 0.002673
0.271660 0.037265 0.464028 0.150606 -0.003397
0.034960 0.040285 0.550466 0.097107 -0.002390
0.701610 0.108810 1.179095 0.144050 -0.011374
-0.093451 0.066630 0.531457 0.119732 -0.007201
0.124829 0.043085 -0.591932 0.420179 0.009776
0.452519 0.099245 0.679515 0.168600 -0.012740
0.054210 0.034335 0.348248 0.119474 -0.002721
0.379869 0.026685 0.508147 0.146005 -0.000717
-0.284010 0.031105 -0.237812 0.150440 -0.000383
0.978780 0.054800 0.937975 0.189406 -0.001214
0.104770 0.073170 -0.470223 0.357373 0.014188
-0.015671 0.041895 0.146731 0.161804 0.000182
0.013920 0.083825 -0.251910 0.232193 0.006316
-0.286910 0.069240 0.020867 0.210955 -0.009285
1.428880 0.105350 1.500585 0.192095 -0.018767
0.503200 0.055625 -0.311764 0.409497 0.011742
0.250420 0.036765 0.601157 0.210856 -0.004097
0.659850 0.046435 1.095355 0.178860 -0.004293
0.659850 0.046435 1.095355 0.178860 -0.004293
0.815639 0.024450 0.434523 0.261847 0.004151
0.317329 0.041110 0.158444 0.162856 0.001415
0.189680 0.096870 0.111981 0.237438 -0.001192
0.414300 0.025925 0.310415 0.262917 -0.001663
-0.511781 0.032320 -0.500423 0.198601 -0.003017
1.170079 0.075800 0.831665 0.198795 -0.010219
0.170469 0.059445 0.702738 0.133448 -0.005504
0.165820 0.064635 0.135797 0.234741 -0.000347
0.970079 0.019550 0.871015 0.168742 -0.000719
-0.258110 0.053555 -0.788728 0.411180 0.006911
0.291929 0.054745 0.882365 0.130347 -0.006480
-0.734620 0.088800 -0.268014 0.170108 -0.012820
-0.080960 0.039420 -0.870164 0.424639 0.011177
-0.072170 0.107725 0.281120 0.188423 -0.016217
0.201460 0.050295 0.619379 0.144182 -0.005527
0.775459 0.037425 0.761985 0.345234 -0.005726
0.780649 0.053645 1.403285 0.102960 -0.003819
0.125440 0.096420 -0.409447 0.187217 0.008604
1.417979 0.023500 0.514654 0.391581 0.004396
0.766190 0.017425 0.532398 0.201134 -0.002019
-0.506761 0.052135 -0.292686 0.179801 -0.003307
-0.095440 0.043470 -0.176251 0.158594 0.000221
0.268250 0.081485 0.984715 0.115360 -0.007833
-0.706341 0.132825 -1.050337 0.240254 -0.019470
0.024270 0.055130 0.585386 0.127319 -0.005851
0.276879 0.079715 0.758715 0.156162 -0.011345
1.104179 0.054900 1.593155 0.132955 -0.003703
0.658899 0.059580 0.979775 0.131420 -0.002506
-0.360690 0.110710 -0.417487 0.398919 -0.023705
0.569030 0.019230 0.583459 0.134485 -0.001274
0.451460 0.140495 0.420618 0.212247 -0.021222
0.987880 0.064050 0.684062 0.322206 0.003423
-0.894530 0.100280 -1.057364 0.310863 -0.003139
0.018539 0.096550 0.214999 0.184344 -0.007681
-0.519550 0.069880 -0.061681 0.159263 -0.008192
-0.213181 0.068255 0.195137 0.138306 -0.007074
0.204610 0.066870 0.418408 0.163514 -0.001609
-0.426081 0.068360 -0.299106 0.179476 -0.003493
0.040009 0.070520 0.489829 0.133990 -0.007206
-0.208040 0.025780 -0.115446 0.126365 -0.002172
-0.551540 0.062005 0.050107 0.093546 -0.003746
0.072789 0.060285 0.465605 0.185190 -0.009471
0.534519 0.072700 0.496261 0.263420 0.000469
-0.434530 0.046000 0.023421 0.116747 -0.004458
-0.377630 0.107115 -0.230790 0.194337 -0.012274
0.362539 0.040165 0.555999 0.296308 -0.006510
-0.234580 0.067760 0.274514 0.125355 -0.007302
-0.709230 0.045065 -0.375531 0.150072 -0.004964
1.128480 0.063350 1.475665 0.190405 -0.009178
0.564170 0.029445 0.910915 0.096445 -0.002097
-0.049030 0.075450 -1.298965 0.599027 0.028611
0.792820 0.109005 1.253885 0.207320 -0.019741
-0.460561 0.081785 -0.415667 0.172403 -0.003166
0.183769 0.032380 0.460212 0.130193 -0.002452
0.305440 0.074260 0.737426 0.170135 -0.009794
0.779870 0.016415 0.088886 0.321685 0.001516
-0.077781 0.099390 -0.277315 0.277732 0.007970
0.735900 0.019450 0.615287 0.171205 -0.006263
0.007250 0.063655 -0.085858 0.269031 0.004789
-1.243420 0.026625 -1.370985 0.208912 0.000320
1.075979 0.112200 1.308325 0.245430 -0.022641
0.671350 0.035450 0.391241 0.177937 0.001916
-0.989870 0.127235 -0.230540 0.190113 -0.020784
1.172979 0.051450 1.006505 0.194715 0.001172
-0.099390 0.037910 -0.460482 0.538672 0.000304
1.441480 0.080250 -0.080063 0.732701 0.041496
-0.003820 0.015215 -0.943408 0.296670 0.001314
0.625430 0.025385 0.877395 0.133288 -0.001534
0.903080 0.033480 1.067505 0.157090 -0.000151
0.661839 0.105055 0.681326 0.231037 -0.003658
-0.291121 0.081625 0.236058 0.169846 -0.011849
0.967279 0.083650 0.370483 0.228566 0.009593
-0.289861 0.046905 0.129430 0.127158 -0.005048
-0.695451 0.121105 0.368770 0.134448 -0.022686
0.135070 0.081240 -0.310215 0.404124 0.009224
1.547879 0.025450 -0.029419 1.228134 -0.038561
-0.255361 0.088300 -1.174525 0.568492 0.032796
-0.967950 0.079335 -0.129716 0.089919 -0.006295
0.412370 0.074925 0.491940 0.172492 0.001430
-0.065041 0.082310 0.185348 0.172771 -0.010656
-0.115371 0.062445 -0.392707 0.243264 0.003458
0.168830 0.115710 0.437589 0.207154 -0.016568
0.322160 0.047855 0.559158 0.191218 -0.001099
-0.396410 0.059765 -0.012931 0.131403 -0.005108
0.309090 0.021135 0.340227 0.117232 -0.001680
-0.178451 0.019970 -0.869182 0.329062 0.001523
-0.220031 0.033625 0.061766 0.114431 -0.003361
-0.421781 0.061225 -0.406283 0.230806 0.002225
-0.189930 0.060500 0.200047 0.103332 -0.004192
0.579220 0.018905 0.579791 0.122730 -0.001117
0.676829 0.019750 0.684990 0.139336 -0.001556
0.895180 0.091815 1.258195 0.206700 -0.015870
0.879610 0.050875 0.836955 0.199623 0.002397
0.216510 0.071555 -0.380985 0.059889 0.001342
-0.022370 0.076265 -0.290480 0.271090 0.007636
0.241460 0.016950 -0.352146 0.273663 0.002325
-1.799911 0.097755 -0.540895 0.115441 -0.011597
-0.054860 0.074710 0.095117 0.138882 -0.003633
-0.917470 0.066100 -0.468360 0.160309 -0.007848
1.044880 0.063100 0.016327 0.430898 0.017054
-0.540831 0.063785 0.023901 0.113834 -0.006104
0.235620 0.070365 0.686055 0.192173 -0.010473
-1.081000 0.063325 -0.089641 0.072574 -0.003813
-0.100380 0.102000 0.195500 0.206178 -0.018064
0.108629 0.034260 0.417644 0.103775 -0.002874
0.523999 0.020770 0.494254 0.174909 -0.001131
-0.210240 0.062815 0.183038 0.119483 -0.004643
0.632040 0.036060 0.990085 0.162860 -0.002566
-0.236250 0.026920 -0.211715 0.176351 -0.003490
0.041430 0.052720 -1.216949 0.565500 0.020063
0.620560 0.028385 0.807795 0.124099 -0.002571
0.249829 0.050630 0.754515 0.156221 -0.006419
-0.134521 0.064640 0.079030 0.162104 -0.003428
0.595590 0.084870 -0.319702 0.237837 0.016595
0.510469 0.016485 0.161492 0.256742 -0.000730
0.558570 0.021740 0.570866 0.193419 -0.002359
0.147300 0.023000 -0.291969 0.265058 0.004250
0.456010 0.060300 -0.744308 0.540059 0.016472
0.990979 0.028500 1.099835 0.145425 -0.004756
-0.709661 0.108310 -0.868764 0.178408 -0.006008
1.080879 0.063650 0.863205 0.765553 -0.022097
0.690840 0.018170 0.680166 0.127674 -0.001384
0.528880 0.049540 0.234471 0.244701 0.002131
0.613899 0.069990 0.065339 0.304161 0.010990
0.792230 0.021030 0.673760 0.287909 0.001282
1.339580 0.039750 1.178105 0.240395 0.002097
-0.009851 0.090455 -0.284645 0.229018 0.007302
0.224050 0.042320 0.543383 0.154136 -0.004778
-0.673030 0.039845 -0.380834 0.137228 -0.004493
0.213490 0.058575 0.596575 0.154723 -0.005671
1.747379 0.050200 0.656247 0.309128 -0.006573
0.657060 0.049450 1.031345 0.149270 -0.006081
0.717790 0.028485 0.882305 0.130080 -0.002880
0.983279 0.028500 1.196405 0.136185 -0.003287
0.506180 0.016735 0.215198 0.230214 -0.001423
0.591829 0.079660 0.681781 0.191648 -0.002852
-0.258150 0.077265 -0.155846 0.182069 -0.008859
0.042860 0.058940 0.507392 0.156960 -0.007416
0.998879 0.056300 1.459665 0.157955 -0.007130
0.728960 0.052535 0.437583 0.185754 0.000496
0.281529 0.055210 -0.164591 0.287694 0.008475
-0.231740 0.089055 -0.834527 0.239710 0.011054
-0.515410 0.097880 -0.290206 0.180493 -0.007841
0.665660 0.083200 0.610308 0.207598 -0.004186
-0.087120 0.084120 0.007059 0.179941 -0.009337
0.105989 0.020145 0.083080 0.143956 -0.000514
1.021879 0.023750 1.119535 0.167975 -0.002428
-0.248960 0.081425 0.156921 0.194027 -0.012181
0.242280 0.023970 0.283592 0.176488 -0.002720
-0.280110 0.038025 -0.023153 0.145492 -0.003896
-1.355140 0.060165 -2.632815 0.739690 0.023348
-1.008640 0.082800 -1.479805 0.474309 0.015895
-0.636730 0.022825 -1.345665 0.319766 0.004182
-0.065781 0.026665 -0.452662 0.277114 0.004606
-0.531811 0.075475 -0.071797 0.126743 -0.007775
-1.165781 0.088240 -0.953851 0.199617 -0.008999
-0.589420 0.072235 0.596552 0.072441 -0.004537
-0.178041 0.058260 -0.342936 0.387887 -0.000308
-1.855110 0.067260 -1.936325 0.278795 0.004064
0.165170 0.028735 0.258001 0.156872 -0.001170
0.797970 0.061495 2.087135 0.060830 -0.004076
0.672569 0.061105 0.507584 0.188750 -0.000920
0.494300 0.022615 0.564974 0.147082 -0.001759
0.769060 0.030520 0.638388 0.282797 -0.003418
0.519730 0.065805 0.738327 0.283829 -0.007634
-0.728150 0.107795 -0.734254 0.216756 -0.007218
-0.702160 0.032750 -0.684891 0.253641 -0.001818
-0.228601 0.085920 -0.422181 0.235642 -0.000042
-0.346880 0.113380 -0.414506 0.192903 -0.001834
0.010890 0.042065 -0.207501 0.274853 0.004768
-0.290060 0.032725 -0.144885 0.159035 -0.004084
-0.568240 0.040570 -0.264033 0.171491 -0.005969
-0.960020 0.092145 -1.652085 0.290960 0.019189
-1.000880 0.107130 -1.190247 0.238899 0.004154
0.652189 0.038495 0.538334 0.153358 -0.002077
-0.707561 0.107385 -0.812575 0.278062 -0.022453
-1.241310 0.099520 -1.530295 0.289066 0.007773
-0.187640 0.021185 -0.387903 0.247945 -0.001017
-0.721550 0.124515 0.104427 0.166745 -0.020406
1.482380 0.064600 1.456485 0.461250 0.000780
0.172090 0.057600 0.873565 0.107395 -0.006127
-1.079650 0.113855 -1.625635 0.216090 0.005078
0.058189 0.092505 0.591022 0.160689 -0.013125
-0.320490 0.082650 0.035820 0.162299 -0.011362
-1.207020 0.058610 -2.108465 0.500395 0.016216
-1.479720 0.083070 -1.313245 0.310109 -0.007307
0.429680 0.033350 0.242846 0.211064 0.001446
-0.257450 0.027485 -0.135878 0.139813 -0.001949
-0.555901 0.092315 -0.892238 0.261504 0.007810
-1.070550 0.071445 -2.249115 0.586465 0.025749
-1.741621 0.074805 -2.534785 0.705210 0.015729
0.112320 0.058895 -0.396022 0.191496 -0.002852
-0.877561 0.075440 -1.073534 0.198529 0.001818
-0.636520 0.037095 -0.930873 0.306527 0.005769
-0.889960 0.075535 -0.686727 0.108230 -0.003135
0.618939 0.056830 1.094915 0.140700 -0.008768
-0.680210 0.022335 -0.557213 0.102109 -0.001469
-0.048890 0.030960 0.034382 0.160439 0.000159
0.612200 0.022440 0.695046 0.130056 -0.001940
0.437550 0.020750 -0.143045 0.322145 0.002522
-1.573350 0.195940 -0.817776 0.271221 -0.044978
-1.088301 0.075060 -0.529384 0.186496 -0.011982
-2.183720 0.073520 -1.746255 0.173610 -0.006134
-0.530850 0.050125 -1.599405 0.559521 0.015638
-1.761281 0.103410 -2.305105 0.454360 0.021058
-0.875080 0.030985 -1.225566 0.346498 0.004107
-2.056201 0.115435 -1.603715 0.190300 -0.014931
-0.190770 0.064120 0.246360 0.115645 -0.005616
-1.493490 0.062325 -1.698945 0.303500 0.008925
0.286779 0.027955 0.029745 0.271257 0.003194
0.062160 0.090720 0.361613 0.199203 -0.012099
1.023379 0.023000 1.062535 0.146590 -0.000752
-1.461700 0.103425 -1.253715 0.178480 -0.009838
-1.358760 0.161135 -1.143266 0.353741 -0.043933
-0.208080 0.040750 0.350174 0.095224 -0.002794
-0.912451 0.098040 -1.259625 0.257298 0.008325
0.310369 0.024905 0.497730 0.179359 -0.002627
-0.734900 0.019690 -0.937315 0.189597 0.000048
-0.167260 0.037775 0.284483 0.093262 -0.002664
-0.000060 0.042305 -0.333021 0.185623 0.002807
-0.145500 0.066155 0.293468 0.160183 -0.007974
-1.679700 0.103475 -2.295175 0.703100 0.009263
-1.854160 0.228955 -1.626965 0.411697 -0.060255
-0.949540 0.075930 -1.800935 0.612450 0.015336
0.609960 0.039785 0.959975 0.192675 -0.002442
0.660069 0.074220 1.055375 0.159875 -0.005199
-0.826611 0.097185 -1.316085 0.308830 0.005840
-0.094590 0.060775 0.444494 0.139547 -0.006108
0.243350 0.027465 0.390828 0.125503 -0.002601
0.159989 0.029825 -0.750807 0.153802 0.001578
-0.386210 0.114810 0.249672 0.180128 -0.020364
-0.095261 0.088220 -0.047181 0.316480 -0.015104
-1.208941 0.093895 -2.104465 0.525620 0.025301
0.405990 0.078835 0.413604 0.302404 -0.013622
-0.626620 0.028830 -0.373135 0.094734 -0.001801
0.593229 0.074695 0.476893 0.171089 -0.002462
0.267210 0.073880 0.433451 0.130926 -0.001837
0.147120 0.091530 -0.117980 0.252035 0.005933
-1.633890 0.076620 -1.793195 0.299610 0.006329
-2.089890 0.226430 -0.449574 0.150895 -0.036273
-0.573720 0.025685 -0.664678 0.216145 -0.003833
-0.962200 0.072955 -1.645895 0.303840 0.004192
-0.623671 0.021060 -1.030330 0.299619 0.002672
-1.489320 0.114690 -1.717805 0.232545 -0.000559
-1.371580 0.080955 -2.102085 0.469430 0.022287
-1.796751 0.088570 -2.272135 0.582205 0.005001
-1.161740 0.079740 -1.490575 0.219100 0.006590
-0.748200 0.086830 -0.629317 0.198561 -0.011437
0.532470 0.019060 0.434279 0.176259 -0.002502
-0.406800 0.027030 -0.235541 0.120269 -0.002124
-1.040000 0.141120 -1.538425 0.259315 0.002588
-1.924881 0.215360 -0.767307 0.174307 -0.038579
0.073199 0.076350 0.112980 0.185467 -0.005919
0.361139 0.075050 0.902215 0.153200 -0.009984
0.567360 0.022935 0.645884 0.149005 -0.002108
-0.654181 0.091025 -0.788465 0.257331 0.000913
-0.022820 0.079115 0.424590 0.164479 -0.010749
-0.402511 0.021705 -0.706090 0.265470 0.000969
-1.660940 0.154815 -1.632765 0.515863 -0.047778
-1.531530 0.118510 -1.885465 0.347000 0.008616
-1.638640 0.047660 -2.225705 0.440510 0.010251
-0.362161 0.093810 -0.193351 0.220037 -0.012202
-1.117810 0.119150 -1.513805 0.279444 0.012522
-1.604460 0.066510 -1.373195 0.232663 -0.004801
0.551490 0.049560 1.078455 0.085450 -0.001615
-1.189380 0.056145 -1.479255 0.251500 0.005252
-1.867661 0.088260 -0.932855 0.105039 -0.008117
-0.045530 0.085710 0.354280 0.165796 -0.010510
-0.216910 0.063975 -0.638156 0.334937 0.010830
-0.049331 0.063390 -0.863625 0.382615 0.013817
1.152980 0.124100 1.528505 0.367245 -0.035451
0.599970 0.045315 -0.053788 0.361234 0.010435
0.223519 0.017455 -0.113259 0.221113 -0.001384
-0.389740 0.030205 -0.997828 0.294046 0.006185
-0.244531 0.070135 -0.189041 0.179724 -0.001905
-0.529990 0.082570 -0.591180 0.271503 -0.008873
-1.494040 0.085410 -1.691205 0.260450 -0.002413
-0.610810 0.051465 -0.286906 0.148787 -0.003092
-0.499081 0.155780 -1.028933 0.227579 0.000455
-1.402280 0.155430 -0.612211 0.244994 -0.030895
-1.500520 0.106770 -1.311535 0.232058 -0.017863
-1.427990 0.192440 -0.483070 0.232495 -0.035904
-1.441781 0.074090 -2.963225 1.089235 0.008235
-0.620251 0.030710 -0.557338 0.235904 -0.001326
-1.675830 0.091330 -1.497715 0.214535 -0.004927
0.453400 0.097145 0.906315 0.189703 -0.016153
-0.403790 0.133425 -0.234888 0.230944 -0.019893
-0.810910 0.070025 -2.188875 0.533070 0.021235
-1.586500 0.102505 -1.910215 0.399440 0.005048
-1.406840 0.098300 -1.799935 0.401485 0.012203
0.446950 0.040320 0.644288 0.159121 -0.004697
-1.960120 0.138190 -2.809645 1.372810 -0.114200
0.412350 0.018575 0.386776 0.153591 -0.001505
-1.166151 0.110465 -1.373315 0.242533 0.001972
0.324440 0.057300 0.860985 0.138628 -0.005690
-1.532530 0.165585 -0.715727 0.214243 -0.030986
-0.390950 0.079240 -0.890066 0.315049 0.006819
-0.381480 0.081230 0.075928 0.133528 -0.008349
-0.808661 0.084755 -0.434450 0.233545 -0.015830
0.086519 0.034995 0.495951 0.107005 -0.002411
-0.505450 0.072545 -0.588451 0.160122 -0.000963
-0.944551 0.059645 -1.147225 0.492591 0.005669
-1.448000 0.066440 -0.972237 0.155575 -0.006516
-1.058491 0.064350 -1.040958 0.330668 0.000760
0.347560 0.037820 0.338013 0.180243 0.001592
-0.177561 0.024220 -0.509051 0.275247 0.001039
-0.645391 0.026440 -0.778387 0.415437 -0.005183
-0.184171 0.016720 -0.620135 0.269031 0.001361
-1.839510 0.114960 -2.107255 0.566445 -0.034927
-1.339380 0.056770 -2.776175 0.725450 0.025528
-0.691630 0.080575 -1.137138 0.248516 0.000102
-0.485130 0.042195 -0.158824 0.147523 -0.004549
0.291080 0.062815 -0.873689 0.546836 0.023767
1.001679 0.038800 0.775955 0.208766 0.001491
-0.193830 0.056260 -0.612488 0.172763 0.001477
-1.215900 0.113865 -1.437405 0.153555 -0.000489
-0.400721 0.067905 -0.252802 0.157158 -0.007167
0.589129 0.033900 0.876345 0.124900 -0.003540
0.013760 0.094020 -0.473344 0.197079 0.007254
0.268320 0.039860 0.517426 0.176497 -0.002755
-1.012100 0.079440 -1.197038 0.383749 0.010808
-0.372070 0.043210 0.193913 0.104300 -0.003524
1.253779 0.021450 1.270935 0.163955 0.000049
0.082660 0.081115 -0.451435 0.221830 0.009847
-1.504110 0.114705 -1.615785 0.156795 0.001066
1.188379 0.117050 1.194405 0.193790 -0.017088
-1.720240 0.101005 -1.454035 0.210848 -0.015129
-0.189390 0.036985 -0.200472 0.254396 -0.003025
-0.478530 0.035115 0.062597 0.076110 -0.002167
-0.170040 0.033930 0.084962 0.147530 -0.003117
-1.870900 0.075725 -2.947155 0.797850 0.023503
-0.812140 0.078945 -1.097049 0.145270 -0.006187
0.624249 0.034830 1.124135 0.085395 -0.002524
-1.676410 0.025685 -2.119155 0.275260 -0.000398
-1.044810 0.064230 -1.084858 0.159080 0.000214
0.866280 0.019635 0.519948 0.274916 0.000366
-0.027730 0.089170 0.152089 0.190793 -0.008468
-0.081560 0.090945 0.544016 0.122878 -0.010623
0.312570 0.020525 0.312733 0.131994 -0.000148
1.224179 0.041000 1.630815 0.139525 -0.004042
-1.790020 0.128430 -1.837375 0.301445 -0.007030
-0.155210 0.080880 -1.114985 0.143484 -0.002843
-2.015080 0.097985 -1.538125 0.201895 -0.015216
-1.099151 0.075390 -1.655975 0.626344 0.019345
-0.827351 0.031005 -0.632139 0.113999 -0.000761
-0.161100 0.046005 0.010430 0.277248 -0.005098
-1.533660 0.058765 -0.876933 0.090852 -0.004613
-1.140930 0.027500 -1.315315 0.205567 0.001532
-0.232330 0.084990 -0.296513 0.209783 0.001304
0.136889 0.030680 0.301005 0.201786 -0.004578
-1.369020 0.065440 -2.197935 0.539445 0.019856
-0.302960 0.070515 -0.009037 0.145627 -0.006835
-0.448650 0.156140 -0.385058 0.285212 -0.033733
-0.083791 0.062445 0.299263 0.120989 -0.004842
-1.678730 0.097260 -2.340055 0.591435 0.006062
-0.454990 0.022895 -1.005541 0.311736 0.002519
-1.578180 0.077890 -1.216397 0.114377 -0.004384
-1.815230 0.087945 -2.055715 0.406105 0.005625
-1.782590 0.066200 -2.301635 0.569085 0.012938
-1.010970 0.080135 -0.909885 0.265429 -0.008278
-0.597361 0.027690 -0.762492 0.302547 0.002217
-1.649040 0.092645 -1.341205 0.190144 -0.012941
0.459479 0.086205 -0.343641 0.298003 0.016739
1.295380 0.030750 -0.121084 0.307303 0.007498
0.844359 0.023360 0.983795 0.209900 -0.001318
-1.090540 0.058960 -1.420065 0.261746 0.009037
0.436589 0.034435 0.758655 0.232735 -0.004174
0.486010 0.045855 -0.011501 0.311243 0.007166
0.275960 0.030125 0.492618 0.125642 -0.002418
-1.461740 0.144780 -1.036735 0.335952 -0.038862
-0.117721 0.023065 -0.037640 0.158055 -0.002799
-1.507970 0.035590 -1.917405 0.378660 0.006487
-0.768910 0.029490 -1.713505 0.408085 0.008675
-0.742701 0.109545 -0.434514 0.184104 -0.014297
-0.072551 0.072190 0.425112 0.175268 -0.010309
-0.167100 0.049450 0.214534 0.184464 -0.007268
0.719430 0.079830 -0.522656 0.496511 0.029930
-0.785951 0.023125 -0.882923 0.275290 -0.001095
-0.334260 0.087315 -1.082834 0.216883 0.002600
0.768180 0.018155 0.792985 0.201485 -0.001466
-0.403320 0.023940 -0.503459 0.246426 -0.001296
-1.527400 0.097030 -2.721825 0.886730 0.035770
-0.318030 0.081680 -0.161526 0.157790 -0.004963
-1.865160 0.115725 -1.310155 0.239523 -0.022180
-0.224771 0.072425 -0.925010 0.367485 0.014418
-0.840140 0.052215 -0.787254 0.123342 -0.000124
-0.392080 0.054555 -0.828141 0.058458 -0.000487
-0.437470 0.053375 -1.771415 0.203000 0.014453
-1.206740 0.034170 -1.468955 0.244261 0.003562
-0.511790 0.036360 -0.193686 0.153877 -0.003872
-0.098500 0.019365 -0.265818 0.227153 -0.001853
-1.263430 0.069985 -0.733764 0.131688 -0.006507
-1.391280 0.065380 -2.677705 0.838735 0.012577
0.003790 0.031775 -0.607667 0.371352 0.008285
-1.226470 0.074420 -1.500685 0.402739 0.001584
-0.807470 0.040575 -1.977645 0.663200 0.011719
-0.893790 0.035765 -0.769954 0.240657 -0.000701
-0.747880 0.040050 -1.103572 0.428046 0.006159
-1.497450 0.039890 -1.268955 0.146766 -0.005691
-0.220110 0.060095 -0.173050 0.186494 -0.001244
-1.114250 0.054525 -1.517515 0.246855 0.004028
-1.470660 0.077395 -1.516135 0.204485 0.000242
0.438330 0.069965 -0.485594 0.554030 0.000465
-1.055500 0.087010 -1.315885 0.249353 -0.005686
-0.651350 0.015825 -0.920330 0.210292 -0.001791
0.386900 0.037950 0.616558 0.124509 -0.003597
0.641089 0.024880 0.836745 0.094353 -0.001699
-0.785750 0.052220 -0.334442 0.136300 -0.004965
-0.473170 0.068360 -0.199482 0.131216 -0.005529
0.765229 0.081785 0.353754 0.152387 -0.001256
-0.203091 0.092405 0.308207 0.168234 -0.014015
-1.875480 0.124545 -1.266685 0.189314 -0.021375
-0.531990 0.017365 -1.165188 0.245827 0.001235
0.783440 0.035095 0.907295 0.157070 -0.004364
-0.502251 0.071000 -1.070180 0.245369 -0.001836
-0.269200 0.070740 -0.416341 0.306774 0.004922
-1.329610 0.141200 -1.735365 0.199195 0.012070
-2.270370 0.134920 -1.380955 0.172071 -0.018819
-1.021621 0.062390 -2.383855 0.762285 0.019212
-1.259891 0.047665 -2.363535 0.587545 0.017277
0.027100 0.018315 -0.008642 0.162935 -0.000036
-1.037860 0.031740 -1.231777 0.312442 0.001771
1.321980 0.047050 0.804745 0.151681 -0.001076
1.054179 0.034750 0.613144 0.183365 0.002191
0.032599 0.121850 0.672848 0.208194 -0.022791
-1.214251 0.068580 -1.105368 0.224430 -0.003693
-0.714160 0.053160 -0.171184 0.085869 -0.004161
-0.644481 0.128450 -0.613802 0.243414 -0.019619
-0.043800 0.023995 -0.106613 0.199778 -0.003348
-1.290950 0.094390 -1.451725 0.326715 -0.005316
-0.494300 0.052210 -0.367684 0.238928 -0.003105
0.050600 0.033745 0.519505 0.095247 -0.002571
-1.566900 0.037330 -0.927737 0.085113 -0.002491
0.842669 0.073460 0.605437 0.236064 0.001868
0.461630 0.055930 0.256004 0.143342 -0.000268
-1.190050 0.112370 -1.205483 0.203227 -0.010922
-0.153470 0.108865 -0.457833 0.163205 -0.010210
-0.569700 0.058845 -1.270205 0.253520 0.001934
-0.910060 0.032725 -1.902645 0.487215 0.010049
-1.154480 0.060475 -0.194412 0.066955 -0.003267
0.821650 0.040175 1.185445 0.172960 -0.004220
0.104819 0.022980 -0.003207 0.164503 0.000142
0.622640 0.028890 0.701969 0.140496 -0.003046
0.138530 0.024760 0.246012 0.146436 -0.000786
0.207649 0.029645 0.359493 0.178891 -0.002453
-0.456070 0.080665 -0.442776 0.355950 -0.014460
0.104609 0.019750 0.047281 0.186329 -0.000891
-1.306690 0.053040 -2.721975 0.791805 0.021175
0.874280 0.038775 0.298442 0.318631 0.008942
-0.451310 0.069125 -0.097517 0.131024 -0.005057
0.415150 0.035605 0.680822 0.152454 -0.003263
-0.295530 0.092065 -0.706595 0.354510 0.011787
-1.479530 0.101070 -1.557015 0.342119 -0.008279
-0.183721 0.033595 0.412611 0.083212 -0.002397
-0.373180 0.031960 -0.483604 0.149633 0.000496
-0.807840 0.151415 -0.872989 0.226744 -0.019752
0.163400 0.022800 -0.100697 0.273265 0.001402
-0.154760 0.109630 -0.572787 0.275363 0.011890
-1.639360 0.057630 -2.705845 0.615800 0.011105
-0.389740 0.027055 -0.516955 0.181014 0.000584
-0.018520 0.094900 0.341438 0.149925 -0.011127
0.197400 0.070605 -0.764224 0.432219 0.019270
-1.176641 0.041795 -1.043251 0.193744 0.000030
0.896580 0.025835 0.871875 0.185906 -0.001698
-0.509090 0.029800 -0.449274 0.173916 -0.004072
-0.911270 0.098620 -1.354765 0.215424 0.010444
-0.411130 0.021965 -0.676528 0.274670 0.001465
-0.522930 0.118965 -0.623400 0.203340 0.000418
-1.525550 0.047510 -3.134525 0.761985 0.008010
0.490890 0.017170 0.274762 0.200602 -0.001931
0.114409 0.018250 0.117022 0.129821 -0.000420
-1.330821 0.099340 -0.671441 0.160717 -0.013204
0.094689 0.023035 0.076270 0.174534 -0.003384
0.750850 0.096885 0.316726 0.217112 0.002787
1.114280 0.043600 0.267635 0.360005 0.007785
1.114280 0.043600 0.267635 0.360005 0.007785
-1.264370 0.105510 -1.543645 0.223510 -0.005133
-1.245310 0.108845 -1.317475 0.298431 -0.015906
-1.133550 0.068440 -1.587485 0.306535 0.006490
-0.711841 0.020265 -1.161493 0.291880 0.003164
0.956980 0.124965 0.450201 0.175517 0.004031
-0.463050 0.077405 -0.378325 0.167362 -0.002185
0.861990 0.022470 0.675501 0.177275 0.002219
-1.985470 0.068455 -1.759175 0.140225 -0.001379
-0.102210 0.083770 0.446094 0.156012 -0.010748
-0.783610 0.019075 -1.533245 0.348806 0.003967
-1.178391 0.027200 -1.103402 0.176436 -0.003263
0.444520 0.019990 0.451266 0.144621 -0.001569
0.063100 0.064920 0.495341 0.193896 -0.008856
0.056439 0.058760 -1.440675 0.540465 0.027896
-0.373341 0.094335 -0.593762 0.212083 0.005400
-0.704300 0.068010 -0.974093 0.169846 0.002038
0.727920 0.056080 -0.535500 0.651137 0.019227
0.494659 0.044840 1.095105 0.104650 -0.003074
-0.566140 0.047890 0.085748 0.101234 -0.003703
-0.814711 0.083080 -0.682870 0.188057 -0.001387
0.470240 0.053045 0.858715 0.159962 -0.003639
-0.853801 0.043885 -1.200422 0.184800 0.001831
0.524429 0.026935 0.752825 0.105923 -0.002947
-0.660351 0.024240 -1.007615 0.325249 0.001373
-0.702550 0.065980 -0.272108 0.149904 -0.006097
-1.480320 0.134245 -0.527590 0.154637 -0.017128
0.153190 0.024735 0.259095 0.151204 -0.001995
0.168580 0.067965 -0.023754 0.211233 0.004998
-0.821760 0.096180 -0.043842 0.134819 -0.012737
1.345779 0.067000 1.050315 0.239425 0.006207
-0.591710 0.037030 -0.755470 0.267091 -0.001970
-1.124510 0.135775 -0.628049 0.251424 -0.026575
0.061299 0.029855 0.200300 0.224909 -0.001228
1.269079 0.050900 1.680625 0.167305 -0.007218
0.645849 0.035985 1.031825 0.132705 -0.002429
1.359079 0.029400 -0.105407 0.280400 0.014314
-0.302270 0.052285 0.090746 0.162915 -0.006613
0.774469 0.026425 0.860185 0.162659 -0.002958
-0.830940 0.028600 -0.900509 0.159557 0.000482
-0.170541 0.054390 -1.170701 0.475566 0.015603
-0.010771 0.071825 -0.303941 0.259264 0.006876
0.311359 0.015470 -0.222596 0.263496 0.001783
-0.212971 0.063400 -0.876174 0.197267 0.000600
0.182930 0.025350 0.171033 0.192481 -0.001338
0.814919 0.022270 0.972335 0.141550 -0.000965
-1.012980 0.054175 -0.819312 0.073492 -0.000478
-1.238530 0.061340 -0.924296 0.125153 -0.004868
-1.295510 0.055005 -1.979345 0.485655 0.014058
-0.071820 0.025210 0.153246 0.117053 -0.001734
0.467700 0.035720 0.512095 0.203382 -0.000777
-0.682310 0.042210 -0.948208 0.326726 0.001110
0.552760 0.020960 0.454593 0.191695 -0.000736
-1.046471 0.066085 -0.128652 0.084177 -0.004881
-1.405180 0.065600 -2.898225 1.443795 -0.087029
0.410219 0.073180 0.421839 0.225989 -0.000921
0.450220 0.026335 0.291851 0.199775 -0.000082
0.689369 0.031970 0.710659 0.185281 -0.000901
0.396640 0.050375 0.851495 0.110088 -0.006851
1.146580 0.045250 0.003207 0.547562 0.014091
0.333799 0.078965 0.368954 0.257507 -0.006664
-1.140831 0.094160 -0.621458 0.147502 -0.009910
0.699900 0.057490 0.538424 0.286622 0.004418
-0.658280 0.114595 -0.170446 0.218579 -0.022128
0.420190 0.017725 0.068716 0.226990 0.000839
0.589660 0.045775 1.301935 0.094975 -0.002992
0.755219 0.053665 -0.507108 0.627108 0.025664
-0.038671 0.033920 -0.646307 0.245275 0.004451
-0.568211 0.096805 -0.272183 0.181047 -0.012970
0.934580 0.019450 0.834285 0.177795 -0.002197
-0.664940 0.021905 -1.147656 0.282584 0.003662
1.316080 0.022350 1.353405 0.140635 -0.001538
0.238490 0.031165 0.495548 0.128573 -0.001403
0.119969 0.049010 0.251758 0.218962 -0.001038
0.384900 0.033910 0.633853 0.173073 -0.001217
-0.147110 0.110815 -0.468906 0.214727 0.007335
0.771090 0.079025 0.958715 0.251177 -0.012401
0.139600 0.026390 -0.431390 0.259758 0.004274
-0.261500 0.066000 0.209548 0.166779 -0.008794
-1.582800 0.092215 -1.957195 0.439565 0.015776
0.278640 0.023805 0.244737 0.166837 -0.001132
-0.363740 0.046945 -0.653947 0.281445 0.000282
0.391649 0.187230 0.565602 0.252704 -0.033695
0.155519 0.026010 0.421086 0.112962 -0.001646
-0.369061 0.029760 -0.380873 0.222025 -0.004136
0.364480 0.058750 0.700522 0.105431 -0.003964
0.742660 0.023145 0.671214 0.167826 -0.000726
0.445189 0.040200 -0.102202 0.275772 0.004088
0.896979 0.039025 1.174075 0.153870 -0.000900
0.199140 0.021925 0.245373 0.136305 -0.000758
0.479660 0.039260 0.775535 0.139883 -0.004336
0.790120 0.031490 0.969315 0.176740 -0.002753
1.106979 0.021650 1.172455 0.126070 -0.001833
0.954880 0.040650 1.136615 0.195985 -0.002274
0.658270 0.027425 0.812855 0.147508 -0.000490
-0.155120 0.092195 0.636566 0.130480 -0.010587
0.392859 0.024035 0.493321 0.126716 -0.002322
0.063490 0.025325 -0.094989 0.227824 0.000061
0.557190 0.021800 0.616561 0.125566 -0.001588
0.122940 0.048825 0.656685 0.125736 -0.003923
0.647309 0.037965 0.804805 0.223634 -0.004183
0.111210 0.024945 0.120865 0.185026 -0.003656
0.168639 0.064450 0.631938 0.192899 -0.009785
0.287889 0.081930 0.233282 0.229036 -0.000329
-0.306550 0.051580 0.565076 0.063448 -0.002021
-0.580140 0.071805 -0.070675 0.110935 -0.006030
1.645980 0.032200 1.719705 0.326100 -0.008648
-0.346730 0.035125 -0.396314 0.369965 -0.004559
-0.397950 0.092980 0.207186 0.159169 -0.012687
0.086110 0.038745 0.102866 0.226768 -0.001707
0.903080 0.053900 0.945455 0.191300 0.001158
-0.854091 0.086390 0.301826 0.081485 -0.006792
-0.368260 0.059015 -1.163265 0.458154 0.015365
-0.668390 0.045915 -1.453145 0.470506 0.010310
0.314890 0.050555 0.776315 0.116641 -0.003614
0.991280 0.055250 0.271206 0.328268 0.011093
0.275180 0.027705 0.495659 0.129331 -0.002429
-0.029810 0.021595 -0.086970 0.210353 -0.002332
-0.393081 0.060925 -0.046229 0.103512 -0.002230
0.039209 0.024905 0.078799 0.147530 -0.002395
-0.086750 0.062160 0.307608 0.143878 -0.005901
0.758730 0.019735 0.467163 0.229613 -0.000489
-0.304541 0.043535 0.205679 0.098193 -0.003390
0.253220 0.018210 0.071561 0.216557 -0.001932
0.706300 0.028345 0.857415 0.124606 -0.002758
1.171679 0.034900 1.162325 0.255145 -0.005695
-0.307330 0.075600 -0.767757 0.631725 -0.015031
-0.704821 0.052495 -2.283745 0.722600 0.017262
1.000380 0.030050 0.263665 0.387893 0.009001
-0.671761 0.090190 -0.131090 0.194558 -0.013057
-0.351891 0.042530 0.084817 0.103518 -0.003305
0.439019 0.042500 0.459354 0.206151 -0.000247
0.586710 0.022100 0.364463 0.278176 -0.001376
-1.006841 0.084470 -1.243828 0.481285 -0.004704
0.711229 0.042960 1.138685 0.136305 -0.003135
0.296400 0.027340 0.587216 0.090148 -0.002014
0.751980 0.061535 -1.228522 0.921162 0.033416
0.310410 0.034260 0.478540 0.195056 -0.001530
-0.339890 0.027660 -0.291972 0.193567 -0.003946
0.514979 0.063540 -0.132209 0.523362 0.011667
0.089230 0.024160 -0.203808 0.277454 0.004002
0.610100 0.017105 0.421049 0.202168 -0.001903
0.517690 0.023495 0.513690 0.224837 -0.001154
0.517690 0.023495 0.513690 0.224837 -0.001154
-0.120440 0.046160 -0.555306 0.338901 0.008113
0.145840 0.079525 -0.220223 0.319526 0.012078
-0.736060 0.063525 -0.109866 0.119329 -0.005469
-0.115311 0.045920 -0.775791 0.396260 0.011212
-0.508491 0.056520 -1.164602 0.439785 0.012800
-0.112540 0.057435 0.233569 0.177613 -0.005505
0.270410 0.049665 -0.987672 0.560829 0.018296
-0.160010 0.024255 -0.190162 0.220347 -0.002953
0.552500 0.058505 1.123435 0.102565 -0.004984
0.122060 0.063510 -1.367415 0.107745 0.004359
0.102799 0.022875 0.087824 0.194712 -0.002814
-0.096220 0.030990 0.031361 0.148566 -0.000932
1.486580 0.043350 1.759085 0.150545 -0.006467
-0.287530 0.100800 0.438526 0.148906 -0.015349
-0.580360 0.058100 -1.043077 0.350542 0.005427
0.700450 0.019575 0.711096 0.145709 -0.001194
0.105360 0.032360 0.133485 0.177596 -0.000986
-0.161941 0.102225 -0.184724 0.157153 -0.003762
0.637939 0.062255 0.166829 0.676292 -0.011389
1.350780 0.021400 0.849505 0.319694 0.004507
-0.266420 0.072960 -0.158746 0.238896 -0.002983
0.531759 0.069815 -0.268717 0.129720 -0.001517
0.042490 0.024725 -0.358043 0.335067 0.004655
-0.142820 0.072505 0.047941 0.211393 -0.006122
-0.358410 0.056165 0.290241 0.124587 -0.006141
1.361179 0.081450 0.541056 0.486858 0.028121
0.817280 0.039045 0.647382 0.393320 0.005709
0.115479 0.055250 -0.241617 0.532193 0.006097
-0.158601 0.085095 0.254010 0.166384 -0.011713
-0.155360 0.038595 0.230012 0.148183 -0.002866
0.557260 0.059855 0.694274 0.374696 -0.008119
0.621130 0.087395 0.709378 0.346343 -0.016807
0.689240 0.025240 0.639416 0.181818 -0.000792
0.259080 0.085615 0.100359 0.157969 -0.003721
0.263380 0.040810 0.657497 0.106072 -0.002852
0.400929 0.064445 0.269954 0.201960 0.001618
-0.554111 0.084605 0.361827 0.098588 -0.007330
-0.669570 0.039170 0.022920 0.088750 -0.002938
-0.206850 0.140225 -0.121822 0.186340 -0.014726
-0.464610 0.115425 0.248538 0.166073 -0.018536
0.083270 0.139180 -0.443456 0.302786 0.019838
-0.473371 0.075775 0.462318 0.099990 -0.006901
-0.597000 0.044370 -0.282884 0.128587 -0.003001
1.012980 0.074250 0.656461 0.156934 -0.002733
0.703079 0.049335 0.981365 0.143580 -0.006760
-0.250310 0.080195 -0.547000 0.238727 -0.007504
-1.158910 0.083720 0.221865 0.087384 -0.017858
-0.840310 0.162880 0.362635 0.155727 -0.024676
0.312420 0.070625 -1.072914 0.784876 0.009468
-0.038530 0.082065 0.698032 0.128805 -0.008566
0.416269 0.037875 0.750485 0.136789 -0.003602
-0.358130 0.102450 0.178959 0.187841 -0.018068
0.070950 0.104890 0.660913 0.180162 -0.017748
0.043880 0.084315 -0.249171 0.319629 0.012525
1.338079 0.053800 0.401963 0.502141 -0.020104
0.588360 0.040950 0.913125 0.168965 -0.002579
-0.795100 0.094015 -0.377580 0.193000 -0.015052
0.522289 0.118645 0.367814 0.150872 -0.005721
-0.244040 0.051625 -0.515791 0.253650 0.001830
1.188479 0.078050 1.429315 0.189050 -0.009306
0.735000 0.021320 0.545450 0.285542 -0.002998
0.091049 0.079055 0.436097 0.181660 -0.011454
1.608880 0.072200 1.987655 0.109855 -0.007082
-0.729920 0.112420 -0.901734 0.247387 -0.001925
0.475160 0.039455 0.901595 0.116285 -0.004152
-0.249670 0.093500 -0.098662 0.158557 -0.005923
0.955179 0.088685 0.349259 0.195866 0.008521
0.054120 0.088560 0.555679 0.149641 -0.010005
-0.472430 0.084990 0.158538 0.139635 -0.009074
0.529210 0.039990 -0.044109 0.630899 -0.004474
0.614820 0.029590 0.696072 0.242636 -0.002588
-0.271880 0.030165 -0.186553 0.181541 -0.004253
0.594069 0.051950 0.021481 0.318396 0.001911
1.548180 0.078650 1.245995 0.399005 0.005313
1.280080 0.020600 0.647224 0.344840 0.006369
0.433809 0.058660 0.897825 0.120525 -0.003516
0.384669 0.027680 0.592778 0.096088 -0.001948
-1.037960 0.074400 -0.487902 0.160955 -0.007426
-1.192770 0.162585 -0.533007 0.313458 -0.040968
0.944480 0.035550 1.228805 0.166645 -0.002212
0.083300 0.077160 0.426523 0.157039 -0.007892
0.267420 0.078315 0.954195 0.115880 -0.005640
0.063560 0.038180 0.480711 0.096414 -0.002749
0.515389 0.034580 0.652404 0.119682 -0.003906
0.039639 0.062680 0.032166 0.270156 -0.001854
1.376679 0.077050 1.353885 0.346240 -0.009735
0.539140 0.020845 0.583373 0.135329 -0.000794
0.380270 0.027115 0.595768 0.122282 -0.002324
-1.125540 0.095535 0.044227 0.085675 -0.007297
0.336320 0.026825 0.528801 0.133661 -0.001567
1.172379 0.019800 1.019065 0.192825 0.000611
0.995880 0.062100 0.794495 0.229666 0.002707
0.205500 0.049640 -0.539819 0.431317 0.007808
0.966080 0.095740 0.576391 0.165717 -0.011480
0.436110 0.057155 0.668649 0.186071 -0.005235
0.686040 0.060140 0.356403 0.476568 -0.002968
-1.136720 0.145545 -0.282517 0.247662 -0.031250
-0.722200 0.079455 0.141931 0.089704 -0.005283
-0.655070 0.136800 -0.428329 0.306590 -0.034321
0.408179 0.025240 0.493729 0.142380 -0.002697
-0.927820 0.111650 -0.810507 0.237377 -0.015755
-0.323400 0.091650 -0.009286 0.156957 -0.009255
0.766089 0.025470 0.878195 0.144826 -0.001365
0.086530 0.069470 0.496008 0.120978 -0.005623
0.510420 0.025895 0.223142 0.236361 0.003947
0.927979 0.044350 0.835285 0.208004 0.000296
0.254089 0.069475 0.611465 0.127843 -0.006290
-0.860980 0.091555 -1.695975 0.458566 0.025587
0.064290 0.032220 0.220622 0.133777 -0.003235
0.785439 0.062540 0.816845 0.261950 -0.004609
-0.099180 0.038715 0.376406 0.099917 -0.002791
1.209479 0.063800 0.889535 0.146395 -0.006611
0.730550 0.063455 0.641399 0.229922 0.001010
-0.013761 0.054220 0.490799 0.136048 -0.004887
-0.322440 0.038605 -0.420622 0.290074 0.000385
0.307079 0.027860 -0.474937 0.455943 0.006645
0.476700 0.044715 0.891385 0.160773 -0.004584
0.238379 0.028790 0.496636 0.126982 -0.001698
0.227730 0.021130 -0.162004 0.322048 0.004059
0.389859 0.029320 0.495862 0.186871 -0.001726
0.258920 0.022990 0.024618 0.291801 0.001562
0.377550 0.038855 0.693578 0.192856 -0.002908
0.202690 0.091410 0.585684 0.164751 -0.013016
1.669379 0.028500 0.681490 0.260595 -0.012764
-0.205621 0.057805 0.095575 0.136155 -0.003241
0.065040 0.070615 -0.213628 0.266517 0.006738
-0.022760 0.078720 0.334437 0.194537 -0.011453
0.515280 0.047265 0.485346 0.206533 -0.000150
0.379300 0.073025 0.904315 0.148905 -0.008554
0.302979 0.081925 0.468798 0.194570 -0.009019
-0.211781 0.089125 -0.462576 0.261572 0.006632
0.348360 0.028980 0.325774 0.287374 -0.001801
0.827000 0.071670 1.372015 0.172665 -0.010262
0.387259 0.050905 0.528843 0.230263 -0.004370
0.350360 0.097105 0.640789 0.196880 -0.008834
-1.652530 0.101990 -2.235375 0.639300 0.010716
-1.906661 0.183215 -1.305995 0.299860 -0.041216
-2.697440 0.129915 -1.191435 0.092773 -0.009286
-1.880000 0.103555 -1.422305 0.181554 -0.012043
-1.647171 0.119660 -1.815255 0.462225 -0.017815
-2.179590 0.268630 -0.898829 0.215101 -0.044202
-1.342310 0.293870 -0.408710 0.374525 -0.084589
-1.906150 0.167790 -1.736045 0.394870 -0.041146
-2.305050 0.116365 -1.306005 0.137042 -0.013368
-1.589140 0.112535 -1.196871 0.279714 -0.023228
-1.656690 0.129100 -1.292135 0.268209 -0.028503
-2.971460 0.151470 -1.669475 0.110925 -0.011881
