# x,xerr,y,yerr,ymodel,yresidual
1.451590 0.068300 1.232165 0.145435 1.461181 -0.229016
0.575239 0.091605 0.828905 0.229665 0.573272 0.255633
0.484449 0.090435 0.459585 0.353887 0.481285 -0.021700
0.127540 0.084035 0.042332 0.286424 0.119668 -0.077336
1.444889 0.058700 1.704015 0.241240 1.454392 0.249623
0.626289 0.124225 0.751115 0.163220 0.624996 0.126119
-0.032670 0.038260 0.422215 0.029145 -0.042655 0.464870
-0.444671 0.126040 -0.823364 0.373751 -0.460090 -0.363274
1.680090 0.071600 1.449525 0.130620 1.692695 -0.243170
-0.052501 0.083295 -0.285508 0.187125 -0.062747 -0.222761
0.060550 0.030015 0.344845 0.083960 0.051794 0.293051
0.246650 0.098135 -0.152477 0.216983 0.240349 -0.392826
1.600789 0.060900 1.403475 0.098745 1.612349 -0.208874
-0.617001 0.052640 -0.037539 0.073399 -0.634693 0.597154
0.996989 0.067750 1.149315 0.233545 1.000585 0.148730
1.176390 0.077700 1.040465 0.231310 1.182351 -0.141886
0.628599 0.045110 1.051355 0.031450 0.627336 0.424019
0.954889 0.076685 0.689855 0.214170 0.957930 -0.268075
0.014420 0.023315 0.127234 0.097692 0.005055 0.122179
-0.732861 0.092265 -0.621305 0.243505 -0.752081 0.130776
-0.117961 0.095190 -0.315484 0.184271 -0.129071 -0.186413
-0.040360 0.031335 0.160484 0.103378 -0.050447 0.210931
-0.337151 0.087660 -0.241663 0.256964 -0.351152 0.109489
0.195049 0.106675 0.214535 0.267655 0.188068 0.026467
0.319369 0.037105 0.355765 0.182878 0.314027 0.041738
0.002529 0.023035 0.087820 0.127329 -0.006992 0.094812
0.322430 0.027645 0.702285 0.043965 0.317128 0.385157
-0.405190 0.059435 -0.575606 0.111619 -0.420089 -0.155517
-0.201691 0.064185 0.199451 0.059315 -0.213905 0.413356
1.273990 0.043550 1.225735 0.201115 1.281239 -0.055504
0.927389 0.015350 1.080975 0.064100 0.930067 0.150908
0.739559 0.069960 0.881875 0.194525 0.739759 0.142116
0.339660 0.022270 0.562935 0.093360 0.334585 0.228350
-1.025411 0.138690 -1.272188 0.264823 -1.048490 -0.223698
0.083779 0.100660 -0.223386 0.369512 0.075330 -0.298716
-0.214830 0.041560 -0.208638 0.211030 -0.227218 0.018580
-0.388301 0.083305 -0.569871 0.279955 -0.402977 -0.166894
-0.222051 0.088125 -0.292069 0.171625 -0.234534 -0.057535
0.781420 0.046730 0.728835 0.245125 0.782172 -0.053337
0.336679 0.036545 -0.144873 0.170392 0.331566 -0.476439
-0.085751 0.065780 -0.249567 0.192841 -0.096436 -0.153131
0.292410 0.093980 -0.073748 0.333398 0.286712 -0.360460
-0.352350 0.067325 -0.747997 0.198131 -0.366552 -0.381445
-0.097760 0.033250 -0.079535 0.149779 -0.108604 0.029069
1.697289 0.028250 1.693165 0.217435 1.710122 -0.016957
0.089640 0.080775 0.260655 0.239552 0.081268 0.179387
-1.498401 0.139955 -1.197991 0.155240 -1.527718 0.329727
-0.267071 0.031350 -0.379351 0.028247 -0.280148 -0.099203
-0.154970 0.039625 -0.122224 0.235574 -0.166568 0.044344
-1.016460 0.124895 -1.109053 0.253411 -1.039421 -0.069632
0.888399 0.037505 0.836735 0.152940 0.890562 -0.053828
0.619450 0.124715 0.312105 0.434498 0.618066 -0.305961
0.545059 0.026585 0.268845 0.082207 0.542694 -0.273849
0.882810 0.060555 0.886285 0.259110 0.884899 0.001386
0.217259 0.060225 0.411765 0.170958 0.210571 0.201194
-0.601920 0.021270 -0.323775 0.058821 -0.619413 0.295638
0.905990 0.034800 1.022615 0.206625 0.908385 0.114230
0.701890 0.029715 0.764485 0.157250 0.701593 0.062892
0.014979 0.066830 -0.191484 0.272283 0.005623 -0.197107
0.304110 0.032340 0.473375 0.183255 0.298566 0.174809
-1.525250 0.060850 -1.226872 0.128415 -1.554922 0.328050
0.477989 0.036105 0.626135 0.168295 0.474739 0.151396
0.661699 0.072820 0.405765 0.244607 0.660873 -0.255108
0.287860 0.075940 0.094086 0.244925 0.282102 -0.188016
0.531280 0.054605 0.898935 0.078135 0.528733 0.370202
-0.125670 0.039845 0.375145 0.018215 -0.136882 0.512027
0.286240 0.041635 0.082250 0.069563 0.280461 -0.198211
-0.199491 0.057420 0.110818 0.096011 -0.211676 0.322494
0.017710 0.023780 0.039647 0.123372 0.008389 0.031258
0.367280 0.019425 0.583795 0.079790 0.362570 0.221225
1.383189 0.044600 1.372755 0.229765 1.391879 -0.019124
-0.502661 0.041620 -0.180468 0.112475 -0.518845 0.338377
0.564890 0.020640 0.850645 0.065870 0.562786 0.287859
0.906489 0.020210 1.153105 0.084680 0.908891 0.244214
0.122499 0.062780 0.245082 0.138484 0.114561 0.130521
0.389859 0.020970 0.423545 0.117000 0.385447 0.038098
-1.153511 0.069695 -1.146110 0.153562 -1.178279 0.032169
0.497700 0.040480 0.575115 0.200145 0.494710 0.080405
0.625979 0.056125 0.517015 0.214165 0.624682 -0.107666
-0.638520 0.209625 -0.812776 0.476382 -0.656496 -0.156280
0.181660 0.055810 -0.265399 0.153432 0.174501 -0.439900
-1.209970 0.121015 -1.333462 0.216693 -1.235484 -0.097978
-0.452971 0.073335 -0.621105 0.303331 -0.468499 -0.152606
1.239389 0.082200 0.862205 0.227600 1.246182 -0.383977
0.974489 0.034200 0.404325 0.152238 0.977788 -0.573463
0.686489 0.029735 0.785115 0.191715 0.685989 0.099126
0.971889 0.035950 1.109395 0.137495 0.975154 0.134241
0.504109 0.067765 0.822495 0.101540 0.501204 0.321291
0.330440 0.066160 0.222837 0.264410 0.325244 -0.102407
0.367920 0.033675 0.337325 0.203117 0.363218 -0.025893
0.809950 0.034210 0.964535 0.174590 0.811078 0.153457
0.044660 0.063135 0.087365 0.257991 0.035694 0.051671
-0.656640 0.051995 -0.136905 0.080842 -0.674855 0.537950
0.292840 0.074310 0.295425 0.240915 0.287148 0.008277
0.114630 0.075505 -0.022257 0.233067 0.106587 -0.128844
0.918090 0.069670 0.562625 0.191960 0.920645 -0.358020
0.048249 0.037490 0.336865 0.110103 0.039331 0.297534
0.088070 0.064835 -0.060233 0.224704 0.079677 -0.139910
0.090710 0.082085 -0.276944 0.214153 0.082352 -0.359296
-0.296680 0.095400 -0.265755 0.155633 -0.310148 0.044393
-0.154500 0.028245 0.243677 0.029793 -0.166092 0.409769
0.404429 0.071020 0.146284 0.217548 0.400209 -0.253925
0.111890 0.050445 0.224548 0.244886 0.103811 0.120737
-0.983360 0.152880 -1.070205 0.266694 -1.005885 -0.064320
-0.570050 0.061330 -0.121660 0.039619 -0.587123 0.465463
-0.209391 0.035940 0.157025 0.045726 -0.221707 0.378732
-1.554300 0.081160 -0.705041 0.064321 -1.584355 0.879314
1.020289 0.034450 1.007695 0.136210 1.024192 -0.016497
0.505110 0.036685 0.614075 0.228420 0.502218 0.111857
0.067450 0.072645 -0.172141 0.165731 0.058785 -0.230926
0.377640 0.029140 0.584285 0.101710 0.373066 0.211219
-0.054481 0.052015 0.224713 0.232536 -0.064753 0.289466
0.706550 0.056645 0.852835 0.216150 0.706314 0.146521
1.044189 0.016700 1.297215 0.045665 1.048408 0.248807
-0.742741 0.100045 -1.002185 0.374850 -0.762091 -0.240094
-0.455590 0.116910 -0.635278 0.387057 -0.471154 -0.164124
-0.723841 0.075950 -0.343688 0.168847 -0.742942 0.399254
-0.224561 0.041505 -0.035851 0.120014 -0.237077 0.201226
-0.139920 0.103030 -0.043149 0.261750 -0.151320 0.108171
0.031039 0.073740 -0.066209 0.204123 0.021894 -0.088103
-0.783311 0.096870 -0.953265 0.360934 -0.803197 -0.150068
0.185019 0.055145 0.134068 0.192067 0.177906 -0.043838
-0.137900 0.034720 0.345375 0.016710 -0.149273 0.494648
-0.089081 0.044740 -0.028458 0.266903 -0.099810 0.071352
1.057489 0.036850 1.155495 0.185450 1.061883 0.093612
0.340529 0.016485 0.579145 0.060060 0.335467 0.243678
1.573290 0.043550 1.508585 0.135285 1.584487 -0.075902
0.515300 0.021520 0.783675 0.070585 0.512542 0.271133
0.697390 0.060225 1.041605 0.083220 0.697034 0.344571
-0.884010 0.188290 -1.080839 0.428290 -0.905224 -0.175615
-0.211640 0.030990 0.075962 0.090464 -0.223986 0.299948
0.614120 0.041140 0.200602 0.187375 0.612665 -0.412063
0.402940 0.065900 0.218088 0.239393 0.398700 -0.180612
0.047090 0.038980 0.529575 0.027820 0.038156 0.491419
0.713429 0.107625 0.682725 0.310250 0.713285 -0.030560
-0.084741 0.069175 -0.095153 0.150336 -0.095413 0.000260
0.133499 0.035490 0.147787 0.140684 0.125706 0.022081
0.459530 0.091470 0.142610 0.267239 0.456037 -0.313427
0.067760 0.032560 0.375805 0.093980 0.059099 0.316706
0.395769 0.027180 0.593365 0.119250 0.391435 0.201930
-0.276060 0.029525 -0.130109 0.150470 -0.289255 0.159146
0.987690 0.046800 0.952775 0.188415 0.991163 -0.038388
0.117980 0.072105 0.028594 0.233450 0.109982 -0.081388
-0.005240 0.034100 0.123548 0.207480 -0.014864 0.138412
1.458389 0.036950 1.054605 0.180920 1.468071 -0.413465
0.019879 0.077190 -0.163920 0.262966 0.010587 -0.174507
-0.278041 0.074915 -0.413646 0.213497 -0.291262 -0.122384
-0.497411 0.033975 -0.237106 0.072067 -0.513526 0.276420
1.430790 0.113450 0.889485 0.207840 1.440107 -0.550622
0.517839 0.055475 0.370955 0.150728 0.515115 -0.144160
0.269030 0.031985 0.439165 0.171075 0.263024 0.176141
0.676049 0.042620 0.723285 0.212160 0.675412 0.047873
0.322980 0.020360 0.603265 0.062520 0.317686 0.285579
0.834419 0.027010 0.907205 0.133330 0.835871 0.071334
0.333170 0.042150 0.313825 0.180349 0.328010 -0.014185
0.195550 0.103220 -0.041673 0.377901 0.188575 -0.230248
-0.486590 0.033510 -0.308255 0.108683 -0.502563 0.194308
1.162990 0.083800 0.527295 0.212185 1.168775 -0.641480
0.192380 0.062620 0.213231 0.250193 0.185363 0.027868
0.183129 0.068660 -0.018870 0.237413 0.175990 -0.194860
0.973189 0.016050 1.240365 0.060490 0.976471 0.263894
-0.242021 0.055330 -0.318813 0.187634 -0.254767 -0.064046
0.304270 0.050415 0.783565 0.031550 0.298729 0.484836
-0.719840 0.092135 -0.909616 0.143029 -0.738889 -0.170727
-0.067181 0.038865 -0.098727 0.146762 -0.077621 -0.021106
-0.061280 0.106515 -0.192885 0.288467 -0.071643 -0.121242
0.207350 0.044070 0.645715 0.028300 0.200530 0.445185
0.797549 0.040210 0.901215 0.183590 0.798514 0.102701
0.048900 0.074720 0.274515 0.190709 0.039990 0.234525
0.145840 0.103415 -0.325336 0.278791 0.138209 -0.463545
1.426590 0.019550 1.466775 0.111535 1.435852 0.030923
0.780339 0.016750 1.050815 0.051170 0.781077 0.269738
-0.485870 0.057645 -0.564697 0.257458 -0.501833 -0.062864
-0.085330 0.037650 -0.029533 0.188105 -0.096010 0.066477
0.272490 0.086275 0.457515 0.222073 0.266529 0.190986
-0.701281 0.130225 -1.434782 0.258793 -0.720084 -0.714698
0.040339 0.052325 0.506255 0.031240 0.031317 0.474938
0.290359 0.078610 0.285125 0.232741 0.284635 0.000490
1.118290 0.051150 1.397005 0.135800 1.123485 0.273520
0.663139 0.055070 0.643315 0.279440 0.662332 -0.019017
1.095889 0.061200 0.839745 0.149350 1.100789 -0.261044
-0.343101 0.109960 -0.684882 0.249249 -0.357180 -0.327701
0.583179 0.019465 0.871505 0.063540 0.581317 0.290188
0.457979 0.135430 -0.089600 0.281357 0.454465 -0.544065
1.011689 0.070500 0.856935 0.280720 1.015479 -0.158544
-0.882610 0.097150 -1.286930 0.292574 -0.903806 -0.383124
0.020010 0.089645 -0.118569 0.337521 0.010720 -0.129289
-0.509021 0.066915 -0.394833 0.247490 -0.525289 0.130456
-0.198831 0.063325 -0.347628 0.191589 -0.211007 -0.136621
0.227320 0.069980 0.075351 0.291689 0.220764 -0.145413
-0.403100 0.072980 -0.505331 0.311479 -0.417971 -0.087360
0.054449 0.064060 -0.036722 0.220209 0.045613 -0.082335
-0.193320 0.026140 0.144572 0.050605 -0.205424 0.349996
-0.538940 0.062025 -0.417700 0.253800 -0.555603 0.137903
0.091479 0.065365 0.349255 0.159262 0.083132 0.266123
0.558359 0.083595 0.421935 0.324906 0.556169 -0.134234
1.266290 0.023200 0.807805 0.221425 1.273437 -0.465632
-0.418720 0.047440 0.019627 0.031235 -0.433797 0.453424
-0.356131 0.105710 -0.754130 0.283132 -0.370382 -0.383748
0.382720 0.043665 0.329635 0.203586 0.378214 -0.048579
-0.218571 0.069510 -0.291168 0.205786 -0.231008 -0.060160
-0.691211 0.046230 -0.356930 0.074961 -0.709882 0.352952
1.149989 0.053000 1.189895 0.239495 1.155603 0.034292
-0.039070 0.055045 -0.223555 0.083636 -0.049140 -0.174415
0.576790 0.031090 0.995515 0.027700 0.574843 0.420672
-0.032821 0.078290 -0.249433 0.167466 -0.042808 -0.206625
0.826400 0.101210 0.615345 0.162470 0.827745 -0.212400
0.253240 0.055230 -0.313258 0.144829 0.247025 -0.560283
0.582560 0.035850 0.740745 0.183280 0.580689 0.160056
-0.447950 0.080420 -0.762114 0.287010 -0.463413 -0.298701
0.324030 0.074100 0.336235 0.256804 0.318749 0.017486
0.793320 0.017490 0.902045 0.071950 0.794229 0.107816
-0.085330 0.091730 -0.186355 0.357578 -0.096010 -0.090345
0.754789 0.017940 0.999285 0.066080 0.755190 0.244095
-0.181150 0.024115 0.046577 0.073483 -0.193094 0.239671
-1.228770 0.028680 -1.126747 0.125602 -1.254532 0.127784
1.085790 0.074050 0.857615 0.231085 1.090557 -0.232941
0.684330 0.035290 0.718565 0.170530 0.683802 0.034763
-0.988621 0.130190 -0.895049 0.173084 -1.011214 0.116166
1.194690 0.056500 1.173105 0.253800 1.200893 -0.027788
-0.089810 0.026195 -0.057229 0.140638 -0.100549 0.043320
0.011439 0.015965 0.131785 0.054609 0.002036 0.129749
0.645499 0.028715 0.835045 0.151750 0.644459 0.190586
0.912789 0.027445 1.040415 0.176610 0.915274 0.125141
0.670099 0.111275 0.430685 0.398059 0.669383 -0.238698
-0.259541 0.082605 -0.307123 0.236967 -0.272518 -0.034605
0.979890 0.083600 0.700295 0.233135 0.983260 -0.282965
-0.275580 0.043400 0.173037 0.023389 -0.288769 0.461806
-0.686880 0.121885 -0.342354 0.146793 -0.705494 0.363140
0.150880 0.080485 -0.100466 0.235398 0.143316 -0.243782
-0.246221 0.086930 -0.494609 0.196993 -0.259022 -0.235587
-0.955001 0.081640 -0.787254 0.165174 -0.977151 0.189897
-0.059410 0.089870 -0.358674 0.170859 -0.069748 -0.288926
-0.097660 0.066620 -0.158438 0.247050 -0.108502 -0.049936
0.187189 0.111055 -0.073132 0.312090 0.180104 -0.253236
0.326810 0.034550 0.377845 0.190732 0.321566 0.056279
-0.383600 0.060685 -0.547232 0.178315 -0.398214 -0.149018
0.322940 0.022240 0.647755 0.049100 0.317645 0.330110
-0.164181 0.020995 -0.038740 0.065563 -0.175900 0.137161
-0.211310 0.034690 0.214405 0.020027 -0.223652 0.438057
0.619269 0.028935 0.874575 0.107945 0.617883 0.256692
-0.175920 0.062725 -0.371235 0.187012 -0.187795 -0.183440
0.594069 0.018960 0.893045 0.057435 0.592351 0.300694
0.820310 0.048270 0.495595 0.124570 0.821575 -0.325980
0.692070 0.019980 0.973465 0.062240 0.691644 0.281821
0.896919 0.080385 0.752515 0.173740 0.899195 -0.146680
1.172489 0.070900 1.023305 0.155075 1.178400 -0.155095
0.876380 0.026020 0.981815 0.149270 0.878385 0.103430
0.230120 0.068995 -0.699260 0.131613 0.223601 -0.922861
0.255070 0.016775 0.380005 0.079595 0.248880 0.131125
-1.788900 0.095990 -1.279106 0.124753 -1.822049 0.542944
-0.039921 0.075145 -0.244663 0.269556 -0.050002 -0.194661
-0.900701 0.066745 -0.546029 0.092478 -0.922135 0.376106
-0.532030 0.065870 -0.563196 0.195383 -0.548602 -0.014594
0.246510 0.071975 0.413855 0.231770 0.240207 0.173648
-1.074560 0.066770 -0.776120 0.137644 -1.098287 0.322167
-0.091030 0.111000 -0.370410 0.210120 -0.101785 -0.268625
0.123130 0.029940 0.529355 0.029600 0.115200 0.414155
0.537479 0.020690 0.753235 0.082595 0.535014 0.218221
-0.203990 0.059080 -0.307400 0.238542 -0.216235 -0.091165
0.650900 0.040015 0.796385 0.222345 0.649931 0.146454
-0.221710 0.026570 0.099788 0.047015 -0.234189 0.333977
0.056660 0.054745 -0.088991 0.120667 0.047853 -0.136844
0.591740 0.019245 0.819445 0.079385 0.589990 0.229455
0.635289 0.027160 0.993525 0.048195 0.634114 0.359411
0.260139 0.050090 0.420085 0.197662 0.254016 0.166069
-0.126210 0.060105 -0.219927 0.251629 -0.137429 -0.082498
0.604460 0.086380 0.169448 0.248934 0.602878 -0.433430
0.524150 0.016980 0.733715 0.058200 0.521509 0.212206
0.570809 0.022745 0.841145 0.068055 0.568784 0.272361
-0.100680 0.043135 0.057930 0.177933 -0.111563 0.169493
0.177310 0.027900 0.225984 0.130785 0.170094 0.055890
-0.359740 0.056290 -0.395631 0.214305 -0.374039 -0.021592
0.470130 0.064095 0.263905 0.126970 0.466776 -0.202872
0.995190 0.025750 1.361485 0.029490 0.998762 0.362723
-0.690990 0.101740 -1.309998 0.256476 -0.709659 -0.600339
1.106990 0.092000 0.914425 0.137785 1.112036 -0.197611
0.704889 0.016940 1.005445 0.054970 0.704632 0.300813
0.546010 0.050675 0.447625 0.179070 0.543657 -0.096032
0.624209 0.065635 0.501755 0.203765 0.622888 -0.121133
0.809170 0.023555 0.883115 0.149880 0.810288 0.072827
-0.002271 0.088215 -0.277950 0.305568 -0.011855 -0.266095
0.229819 0.043170 0.549625 0.086445 0.223296 0.326329
-0.664021 0.041750 -0.250150 0.027795 -0.682333 0.432183
0.229159 0.059970 0.278285 0.241635 0.222628 0.055657
0.667740 0.051135 1.083585 0.037875 0.666993 0.416592
0.728680 0.029440 1.100935 0.035750 0.728736 0.372199
1.000290 0.026100 1.266645 0.100420 1.003929 0.262716
0.520209 0.016660 0.756665 0.053000 0.517516 0.239149
0.594990 0.074545 0.462775 0.275816 0.593283 -0.130508
-0.243751 0.077940 -0.623570 0.174248 -0.256520 -0.367050
0.057960 0.054375 0.481805 0.043535 0.049170 0.432635
1.006189 0.064350 1.404175 0.073485 1.009906 0.394269
0.743199 0.051275 0.599555 0.142880 0.743448 -0.143893
0.292800 0.049855 0.227231 0.182897 0.287108 -0.059877
-0.221890 0.086370 -0.521125 0.257646 -0.234371 -0.286754
-0.509050 0.093285 -0.552470 0.357354 -0.525319 -0.027151
0.666570 0.080940 0.289665 0.249814 0.665807 -0.376142
-0.071610 0.080835 -0.438849 0.215405 -0.082109 -0.356740
0.116199 0.019115 0.373255 0.068010 0.108178 0.265077
1.036489 0.023200 1.282605 0.086890 1.040606 0.241999
-0.245220 0.075675 -0.124074 0.237300 -0.258009 0.133935
0.858680 0.026335 0.357325 0.178461 0.860451 -0.503126
-0.597791 0.044675 -0.272785 0.056351 -0.615230 0.342445
0.258289 0.024010 0.521485 0.073005 0.252142 0.269343
-0.265890 0.037830 0.063325 0.074975 -0.278951 0.342276
-1.340820 0.061745 -1.472917 0.129871 -1.368059 -0.104858
-0.989290 0.091565 -1.192197 0.218029 -1.011893 -0.180304
-0.623851 0.022305 -0.535260 0.105711 -0.641633 0.106373
-0.029160 0.073190 -0.085980 0.271161 -0.039099 -0.046881
-0.046061 0.024905 0.016696 0.134305 -0.056222 0.072918
-0.520020 0.074175 -0.722240 0.144864 -0.536434 -0.185807
-1.143100 0.088985 -1.448336 0.255473 -1.167732 -0.280604
-0.573630 0.072480 -0.148657 0.083772 -0.590751 0.442094
0.030060 0.053235 -0.516177 0.176550 0.020902 -0.537079
-0.166961 0.052530 -0.220180 0.232377 -0.178717 -0.041463
-1.830730 0.082045 -1.884925 0.351530 -1.864431 -0.020494
0.169600 0.025700 0.405625 0.100035 0.162282 0.243343
0.811999 0.061145 1.329525 0.073185 0.813155 0.516370
-1.578371 0.076855 -1.836175 0.119492 -1.608743 -0.227432
0.691580 0.062200 0.421875 0.168660 0.691147 -0.269272
0.508770 0.021595 0.789505 0.068595 0.505926 0.283579
0.779889 0.029090 0.962515 0.094640 0.780621 0.181894
0.055599 0.023415 0.202099 0.095786 0.046778 0.155321
0.542529 0.070055 0.362895 0.250832 0.540131 -0.177236
-0.708020 0.107410 -1.133321 0.335053 -0.726913 -0.406408
-0.691151 0.031970 -0.565154 0.135030 -0.709821 0.144667
-0.217280 0.087705 -0.583224 0.282692 -0.229700 -0.353523
-0.329910 0.119835 -0.576305 0.421845 -0.343816 -0.232489
0.047400 0.073720 -0.081861 0.306765 0.038470 -0.120331
-0.276401 0.034360 0.072974 0.050031 -0.289600 0.362574
-0.554440 0.042050 -0.173503 0.049865 -0.571308 0.397805
-0.956731 0.089290 -1.294898 0.256770 -0.978904 -0.315994
-0.960960 0.114020 -1.364750 0.410839 -0.983189 -0.381561
0.619300 0.019995 0.940795 0.037550 0.617914 0.322881
-0.695230 0.106205 -1.217568 0.255127 -0.713955 -0.503613
-1.211761 0.101765 -1.619915 0.342186 -1.237297 -0.382618
-0.175281 0.021130 0.039981 0.073068 -0.187147 0.227128
-0.692660 0.125155 -0.599412 0.163095 -0.711351 0.111939
1.486489 0.054250 1.358055 0.272150 1.496541 -0.138486
0.178720 0.055730 0.685515 0.038165 0.171522 0.513992
0.181729 0.057460 0.684895 0.040300 0.174572 0.510323
0.520749 0.032755 0.251019 0.086603 0.518063 -0.267044
-1.066851 0.108030 -1.725651 0.283802 -1.090476 -0.635175
0.077310 0.084190 -0.045570 0.159719 0.068775 -0.114345
-0.302951 0.090495 -0.557509 0.193055 -0.316501 -0.241008
-1.195560 0.056045 -1.287358 0.164595 -1.220884 -0.066474
-0.964440 0.134910 -0.971893 0.464472 -0.986715 0.014822
-1.472711 0.077555 -1.522548 0.252687 -1.501689 -0.020859
0.446859 0.038515 0.486585 0.188705 0.443199 0.043386
-0.245120 0.028670 0.018755 0.086634 -0.257907 0.276662
-0.553241 0.085840 -0.887802 0.261553 -0.570092 -0.317710
-1.055301 0.070960 -1.260790 0.162225 -1.078774 -0.182016
-1.727880 0.075885 -1.906905 0.220804 -1.760225 -0.146680
0.126849 0.055795 -0.285556 0.140623 0.118968 -0.404524
-0.837521 0.061355 -0.978487 0.203789 -0.858121 -0.120366
-0.865781 0.074480 -1.155406 0.232581 -0.886754 -0.268652
-0.623381 0.036440 -0.610783 0.175194 -0.641157 0.030374
-1.526590 0.072065 -1.675265 0.253563 -1.556280 -0.118985
-0.877770 0.077280 -1.114038 0.275838 -0.898902 -0.215136
0.624849 0.051655 0.963775 0.099940 0.623537 0.340238
-0.668011 0.024165 -0.300671 0.036423 -0.686376 0.385705
-0.030670 0.034575 0.026020 0.200566 -0.040629 0.066649
-0.246080 0.081440 -0.997386 0.043866 -0.258880 -0.738506
0.484130 0.064555 0.470255 0.246118 0.480961 -0.010706
-0.940950 0.079825 -0.902138 0.193311 -0.962915 0.060777
-1.511550 0.161880 -1.436335 0.232862 -1.541041 0.104706
-1.076521 0.077550 -0.999468 0.193601 -1.100274 0.100806
-2.176940 0.069710 -1.897705 0.208172 -2.215208 0.317502
-0.514421 0.054645 -0.618416 0.156413 -0.530760 -0.087656
-1.752110 0.101545 -2.028935 0.338009 -1.784774 -0.244161
-0.857011 0.033360 -0.784947 0.161446 -0.877869 0.092922
-2.040771 0.113100 -2.159455 0.243835 -2.077241 -0.082214
-0.177300 0.061575 -0.200506 0.249986 -0.189193 -0.011313
-1.489100 0.047990 -1.517698 0.209952 -1.518295 0.000597
0.295309 0.026425 0.417815 0.124890 0.289650 0.128165
0.069579 0.095020 -0.134334 0.247466 0.060943 -0.195277
-1.076381 0.095900 -1.380976 0.374366 -1.100132 -0.280844
-1.482420 0.075515 -1.469805 0.313585 -1.511527 0.041722
-1.338400 0.157930 -1.664970 0.301695 -1.365608 -0.299362
-1.239161 0.062055 -1.393777 0.073870 -1.265059 -0.128718
-0.195661 0.041070 0.248002 0.050341 -0.207796 0.455798
-0.903340 0.092625 -1.270136 0.298729 -0.924809 -0.345327
0.323910 0.027915 0.510485 0.134955 0.318628 0.191857
0.323899 0.027265 0.518385 0.119230 0.318617 0.199768
-0.721480 0.019765 -0.507515 0.076498 -0.740551 0.233036
-0.153780 0.038495 0.305765 0.023475 -0.165363 0.471128
0.012640 0.041490 -0.061731 0.152434 0.003252 -0.064983
-0.132111 0.066410 -0.140524 0.234938 -0.143407 0.002883
-1.671051 0.102355 -1.939225 0.252943 -1.702645 -0.236580
-1.849690 0.227035 -2.097115 0.396064 -1.883641 -0.213474
-0.939840 0.078810 -1.152620 0.206848 -0.961791 -0.190829
0.614619 0.035780 0.909485 0.095735 0.613172 0.296314
0.669629 0.074330 0.653485 0.275820 0.668907 -0.015422
-0.814011 0.096415 -1.249128 0.296922 -0.834301 -0.414827
-0.086531 0.050785 0.383915 0.024565 -0.097226 0.481141
0.258790 0.029310 0.626965 0.037655 0.252649 0.374316
0.253940 0.029400 0.623455 0.041150 0.247735 0.375720
0.176270 0.028475 -0.382855 0.123913 0.169040 -0.551895
-0.355961 0.118630 -0.448744 0.171287 -0.370210 -0.078534
-0.079321 0.092615 -0.424309 0.199348 -0.089921 -0.334388
-1.189381 0.095715 -1.520157 0.306473 -1.214622 -0.305535
0.398640 0.097190 0.072152 0.162856 0.394343 -0.322191
-0.615050 0.028255 -0.226242 0.041166 -0.632717 0.406475
0.605390 0.073920 0.250604 0.197869 0.603820 -0.353216
0.258120 0.043485 0.284125 0.203388 0.251970 0.032155
0.158700 0.090405 -0.100266 0.320285 0.151239 -0.251505
-1.620050 0.075455 -1.794975 0.265635 -1.650972 -0.144003
-2.041451 0.200985 -1.237333 0.127295 -2.077930 0.840597
-0.558870 0.025120 -0.279634 0.056953 -0.575796 0.296162
-0.949740 0.073645 -1.118312 0.222540 -0.971821 -0.146491
-0.610551 0.020795 -0.459154 0.086869 -0.628158 0.169004
-1.125811 0.061780 -1.282307 0.128295 -1.150214 -0.132093
-1.478490 0.116035 -2.010275 0.323009 -1.507545 -0.502730
-1.353910 0.084700 -1.532169 0.247032 -1.381322 -0.150847
-1.779561 0.083790 -1.990645 0.268337 -1.812586 -0.178059
-1.149570 0.078675 -1.293165 0.250787 -1.174287 -0.118878
-0.737201 0.085540 -1.079417 0.198382 -0.756478 -0.322939
0.548280 0.019350 0.852125 0.045890 0.545957 0.306168
-0.393371 0.028370 -0.048080 0.059200 -0.408113 0.360033
-1.021070 0.142275 -1.660733 0.379408 -1.044092 -0.616641
-1.899721 0.228520 -1.488073 0.171753 -1.934331 0.446258
0.077169 0.074425 -0.314142 0.214263 0.068633 -0.382775
0.078699 0.077865 -0.268590 0.240367 0.070183 -0.338773
0.376030 0.074190 0.381295 0.197039 0.371435 0.009860
0.600329 0.029675 0.741695 0.201200 0.598693 0.143002
-0.642570 0.088110 -0.915041 0.325494 -0.660600 -0.254441
-0.013921 0.084200 -0.116284 0.226646 -0.023659 -0.092625
-0.388170 0.021340 -0.227815 0.089008 -0.402844 0.175029
-1.641651 0.148675 -1.935015 0.299283 -1.672858 -0.262157
-1.518421 0.112715 -1.997175 0.312467 -1.548002 -0.449173
-1.623520 0.048460 -1.669611 0.167978 -1.654488 -0.015123
-0.355571 0.100075 -0.625246 0.257660 -0.369815 -0.255431
-0.377570 0.094850 -0.558258 0.229549 -0.392104 -0.166154
-1.097501 0.125785 -1.396656 0.428879 -1.121531 -0.275125
-1.588241 0.074160 -1.695693 0.285187 -1.618743 -0.076950
-1.177391 0.052965 -1.164303 0.214720 -1.202474 0.038171
-1.741470 0.096675 -1.594901 0.130733 -1.773994 0.179093
-1.850511 0.088125 -1.654189 0.125820 -1.884472 0.230283
-0.019341 0.095995 -0.162291 0.263061 -0.029150 -0.133141
-0.191091 0.068955 -0.435359 0.260633 -0.203165 -0.232194
-0.037411 0.063770 -0.185665 0.173151 -0.047458 -0.138207
1.131989 0.126400 1.070235 0.144210 1.137366 -0.067131
0.608789 0.037210 0.586415 0.146940 0.607265 -0.020850
0.238159 0.017480 0.478645 0.050765 0.231746 0.246899
-0.375911 0.029870 -0.353141 0.141520 -0.390423 0.037282
0.000000 0.208895 0.206529 0.240127 -0.009554 0.216083
-0.227930 0.070330 -0.396290 0.265711 -0.240491 -0.155799
-0.509601 0.082040 -0.811560 0.242894 -0.525876 -0.285684
-1.487660 0.090180 -1.899775 0.267419 -1.516836 -0.382939
-0.590940 0.056990 -0.696994 0.234205 -0.608289 -0.088705
-0.594761 0.054645 -0.673148 0.237289 -0.612160 -0.060988
-0.501011 0.156170 -1.095397 0.451601 -0.517173 -0.578224
-1.393661 0.154160 -1.226722 0.204490 -1.421597 0.194875
-1.233901 0.070540 -1.527551 0.160488 -1.259729 -0.267822
-1.495440 0.107195 -1.704549 0.286528 -1.524719 -0.179830
-1.422700 0.194155 -1.149784 0.190767 -1.451019 0.301235
-1.433071 0.074610 -1.604339 0.135247 -1.461527 -0.142812
-0.607270 0.028365 -0.440694 0.157832 -0.624834 0.184140
-1.670101 0.088445 -1.720995 0.354764 -1.701683 -0.019312
0.463639 0.090845 0.396635 0.245603 0.460200 -0.063565
-0.797291 0.075310 -1.228717 0.257679 -0.817361 -0.411356
-1.576840 0.101875 -1.891265 0.365532 -1.607193 -0.284072
-1.398370 0.101495 -1.682289 0.340820 -1.426368 -0.255921
0.458830 0.044800 0.784085 0.071480 0.455327 0.328758
-1.939741 0.138550 -2.146685 0.226990 -1.974879 -0.171806
0.426769 0.017545 0.698975 0.068420 0.422844 0.276131
0.426629 0.018810 0.695125 0.071390 0.422702 0.272423
-1.679551 0.038635 -1.951735 0.051785 -1.711257 -0.240478
-1.145491 0.111010 -1.631308 0.343962 -1.170153 -0.461155
0.342669 0.053560 0.686005 0.111805 0.337635 0.348370
-1.482020 0.152050 -1.365465 0.206525 -1.511122 0.145657
-0.371820 0.078050 -0.719813 0.208503 -0.386279 -0.333534
-0.364611 0.080405 -0.514816 0.190877 -0.378974 -0.135842
-0.817210 0.097365 -0.943184 0.172407 -0.837543 -0.105641
-0.444540 0.024870 -0.419310 0.133815 -0.459958 0.040648
-0.491560 0.072835 -0.706286 0.231403 -0.507598 -0.198688
-0.933121 0.051105 -0.948740 0.183314 -0.954982 0.006242
-1.424170 0.067780 -1.156907 0.179785 -1.452509 0.295602
-1.043020 0.063725 -1.165335 0.251279 -1.066332 -0.099003
0.241659 0.018115 -0.206554 0.079659 0.235292 -0.441846
0.355200 0.028105 0.488565 0.156795 0.350330 0.138235
-0.166261 0.022550 -0.020942 0.093923 -0.178008 0.157066
-0.632131 0.032210 -0.550073 0.187417 -0.650022 0.099949
-0.171460 0.016515 0.005658 0.063437 -0.183276 0.188934
-1.850350 0.136570 -2.149005 0.275440 -1.884310 -0.264695
-1.327361 0.056120 -1.468415 0.099284 -1.354422 -0.113993
-0.679291 0.079650 -0.922307 0.240234 -0.697805 -0.224502
-0.473640 0.043190 -0.115659 0.062390 -0.489442 0.373783
0.306740 0.063015 0.097628 0.125765 0.301231 -0.203603
1.013989 0.035200 0.998205 0.141270 1.017809 -0.019604
-0.182541 0.056070 -0.396807 0.139060 -0.194503 -0.202304
-1.190170 0.115395 -1.802705 0.307718 -1.215422 -0.587283
-0.388141 0.063605 -0.805770 0.150700 -0.402814 -0.402956
-0.312361 0.012575 -0.152704 0.034419 -0.326035 0.173331
0.605209 0.039010 1.012785 0.027525 0.603638 0.409147
0.025510 0.095125 -0.361059 0.297250 0.016292 -0.377351
1.513289 0.036150 1.227755 0.148225 1.523695 -0.295940
0.296559 0.057160 0.334205 0.320917 0.290917 0.043288
-0.361940 0.043020 0.106647 0.036387 -0.376268 0.482915
-0.238151 0.044225 0.049471 0.125317 -0.250846 0.300317
1.432590 0.059700 1.241325 0.254485 1.441931 -0.200606
0.096519 0.080670 -0.238091 0.208265 0.088238 -0.326329
0.092779 0.080365 -0.231247 0.207097 0.084449 -0.315696
-0.784801 0.093320 -0.997414 0.356755 -0.804706 -0.192708
0.510119 0.025455 0.631475 0.151430 0.507293 0.124182
-1.493731 0.112745 -1.930255 0.391132 -1.522986 -0.407269
-1.706080 0.098985 -1.998025 0.229070 -1.738137 -0.259888
-0.144951 0.104115 -0.175936 0.411547 -0.156417 -0.019519
-0.463910 0.033830 0.028465 0.019860 -0.479583 0.508048
-0.152301 0.034345 0.099438 0.109101 -0.163864 0.263302
-1.855690 0.075005 -2.071345 0.184205 -1.889720 -0.181625
-0.797441 0.082510 -1.580325 0.192944 -0.817513 -0.762812
0.645260 0.036295 1.105025 0.016575 0.644216 0.460809
-1.661611 0.024875 -1.488069 0.067345 -1.693081 0.205012
-1.026131 0.065150 -1.214133 0.248862 -1.049219 -0.164914
-0.020790 0.080435 -0.246880 0.296996 -0.030619 -0.216261
-0.056061 0.084780 0.000000 0.248179 -0.066354 0.066354
0.330009 0.017590 0.592105 0.074175 0.324808 0.267297
0.314879 0.017560 0.577075 0.069745 0.309478 0.267597
1.243389 0.043050 1.509975 0.172830 1.250235 0.259740
-1.784060 0.124795 -2.017745 0.382715 -1.817146 -0.200599
-0.772571 0.078405 -0.988600 0.234106 -0.792315 -0.196285
-0.145640 0.074850 -1.033578 0.102141 -0.157116 -0.876462
-2.004011 0.098620 -2.011155 0.239915 -2.039997 0.028842
-1.084041 0.079435 -1.200962 0.215539 -1.107893 -0.093069
-0.811180 0.031725 -0.693384 0.183739 -0.831433 0.138050
-0.140281 0.058165 -0.193122 0.244352 -0.151685 -0.041437
-1.520650 0.059015 -1.565159 0.122367 -1.550261 -0.014898
-1.126710 0.028065 -1.092761 0.141802 -1.151125 0.058364
0.155519 0.033035 0.336995 0.128813 0.148016 0.188979
0.150929 0.030485 0.358845 0.103395 0.143366 0.215479
-1.350861 0.068755 -1.559284 0.203741 -1.378232 -0.181052
-0.296551 0.073990 -0.509983 0.192630 -0.310016 -0.199967
-0.436670 0.156605 -0.933082 0.277921 -0.451984 -0.481098
-1.671950 0.093410 -2.101275 0.275085 -1.703557 -0.397718
-0.442471 0.022720 -0.354579 0.122608 -0.457861 0.103282
-1.571311 0.078415 -1.746412 0.247365 -1.601590 -0.144822
-1.799510 0.089050 -2.012205 0.296243 -1.832799 -0.179405
-1.772440 0.064910 -1.917745 0.226107 -1.805372 -0.112373
-0.995010 0.083265 -1.236111 0.268647 -1.017688 -0.218423
-0.122130 0.030025 -0.439946 0.110162 -0.133296 -0.306650
-0.586030 0.025870 -0.482959 0.134596 -0.603314 0.120355
-1.642030 0.091205 -1.917325 0.188791 -1.673242 -0.244083
0.475880 0.084090 0.133921 0.224367 0.472602 -0.338681
1.315289 0.033300 0.762035 0.121550 1.323083 -0.561048
0.853720 0.024395 1.021335 0.127660 0.855426 0.165909
-1.070351 0.065630 -1.271769 0.225157 -1.094022 -0.177747
0.454820 0.027755 0.603845 0.118020 0.451264 0.152581
0.453150 0.028585 0.592835 0.136470 0.449572 0.143263
0.810200 0.050440 1.077945 0.179890 0.811332 0.266613
0.504550 0.052595 0.435825 0.189494 0.501651 -0.065825
-0.297191 0.058890 -1.064347 0.051632 -0.310665 -0.753682
0.004709 0.063350 -0.604576 0.141958 -0.004783 -0.599793
-0.941441 0.028385 -1.392829 0.048032 -0.963412 -0.429417
0.291209 0.027680 0.582495 0.086140 0.285496 0.296999
-1.426820 0.131700 -1.560022 0.272157 -1.455194 -0.104828
-0.076950 0.027890 0.242215 0.058182 -0.087519 0.329734
-0.100511 0.023125 0.228012 0.049529 -0.111391 0.339403
-1.495690 0.033795 -1.461956 0.154541 -1.524972 0.063016
-0.754161 0.029970 -0.726454 0.106945 -0.773662 0.047208
-0.727060 0.112855 -0.915521 0.316772 -0.746204 -0.169317
-0.048120 0.072875 -0.032068 0.250237 -0.058309 0.026241
-0.132641 0.053910 0.225276 0.063059 -0.143945 0.369221
-0.152440 0.050345 0.210041 0.063451 -0.164005 0.374046
0.731030 0.076340 0.433855 0.154175 0.731117 -0.297262
-0.773280 0.025215 -0.592592 0.122312 -0.793034 0.200442
-0.321820 0.090190 -1.037856 0.223681 -0.335619 -0.702237
0.781520 0.019170 0.997375 0.078920 0.782274 0.215101
-0.393881 0.022275 -0.178629 0.071694 -0.408630 0.230001
-1.516800 0.098380 -1.845755 0.269323 -1.546361 -0.299394
-0.295011 0.088555 -0.551099 0.279064 -0.308456 -0.242643
-1.851561 0.117260 -1.868715 0.224151 -1.885536 0.016821
-0.211941 0.071760 -0.368549 0.209387 -0.224290 -0.144259
-0.370271 0.054135 -1.328409 0.115583 -0.384709 -0.943700
-0.420361 0.049510 -1.057322 0.169561 -0.435459 -0.621863
-0.871120 0.099350 -1.034546 0.390173 -0.892164 -0.142382
-0.498680 0.035025 -0.160127 0.078956 -0.514812 0.354685
-0.084790 0.019790 0.161124 0.063371 -0.095463 0.256587
-1.262681 0.077365 -1.092753 0.243274 -1.288889 0.196136
-1.374031 0.066630 -1.567687 0.165047 -1.401708 -0.165979
0.015619 0.027660 0.034323 0.135942 0.006271 0.028052
-1.210900 0.077625 -1.430424 0.269593 -1.236426 -0.193998
-0.793970 0.039200 -0.856417 0.120197 -0.813996 -0.042421
-0.879460 0.034120 -0.798405 0.206786 -0.900614 0.102209
-0.352870 0.042610 -0.635830 0.109607 -0.367078 -0.268752
-0.731140 0.046450 -0.726304 0.179145 -0.750338 0.024034
1.052890 0.019250 1.256225 0.090245 1.057223 0.199002
-1.494161 0.038195 -1.090204 0.026788 -1.523422 0.433218
-0.194201 0.060665 -0.463563 0.213229 -0.206316 -0.257247
-1.097651 0.056330 -1.176176 0.203923 -1.121682 -0.054494
-1.460270 0.077455 -1.682161 0.286822 -1.489085 -0.193076
0.439569 0.067815 0.237318 0.161701 0.435813 -0.198495
1.346889 0.019100 1.030865 0.068590 1.355100 -0.324235
-1.037460 0.087705 -1.350820 0.278281 -1.060698 -0.290122
-0.636101 0.015670 -0.372255 0.050367 -0.654045 0.281790
0.396830 0.039700 0.782425 0.038670 0.392509 0.389916
0.651010 0.026025 1.056165 0.019705 0.650042 0.406123
0.292950 0.075800 -0.021580 0.184128 0.287259 -0.308839
-0.779020 0.046730 -0.493510 0.149665 -0.798850 0.305340
-0.464200 0.068905 -0.772720 0.174913 -0.479877 -0.292843
0.774949 0.081970 0.435735 0.210936 0.775616 -0.339881
-0.177860 0.095490 -0.217210 0.275468 -0.189760 -0.027450
-1.860991 0.118410 -1.905095 0.199868 -1.895090 -0.010005
-0.516061 0.023205 -0.445439 0.158189 -0.532422 0.086983
0.793360 0.038110 1.173345 0.032205 0.794270 0.379076
-0.489201 0.068985 -0.710345 0.206498 -0.505207 -0.205137
-0.246020 0.079045 -0.345822 0.314376 -0.258819 -0.087003
-1.314510 0.142715 -1.792735 0.466591 -1.341402 -0.451333
-2.257081 0.137150 -2.063625 0.187225 -2.296405 0.232780
-1.007320 0.061535 -1.221524 0.116105 -1.030161 -0.191363
-1.243041 0.049995 -1.318684 0.139288 -1.268990 -0.049694
-1.088631 0.033205 -1.629271 0.091709 -1.112543 -0.516728
0.041409 0.017975 0.235946 0.091023 0.032401 0.203545
-1.022921 0.033245 -0.975824 0.179751 -1.045967 0.070143
1.342389 0.044950 0.844035 0.131360 1.350540 -0.506505
1.070990 0.037550 0.987295 0.123590 1.075561 -0.088266
0.040609 0.114685 0.018523 0.168885 0.031591 -0.013068
-1.187991 0.075445 -1.415448 0.260970 -1.213214 -0.202234
-0.699480 0.054265 -0.858661 0.112230 -0.718260 -0.140401
-0.698771 0.052575 -0.869200 0.106841 -0.717541 -0.151659
-0.634741 0.134550 -1.098381 0.326300 -0.652667 -0.445714
-0.028931 0.023760 0.244741 0.056589 -0.038867 0.283608
-1.269240 0.096155 -1.626973 0.325831 -1.295535 -0.331438
1.134390 0.047500 1.010035 0.094830 1.139798 -0.129763
-0.478491 0.053425 -0.570142 0.242853 -0.494356 -0.075786
0.062429 0.035325 0.514775 0.026965 0.053699 0.461076
0.068439 0.036120 0.524655 0.026745 0.059788 0.464867
-1.554090 0.039105 -1.055466 0.027700 -1.584143 0.528677
-1.405981 0.050005 -0.925911 0.056341 -1.434079 0.508168
0.847429 0.069135 0.530755 0.221680 0.849052 -0.318297
0.472819 0.053265 0.329555 0.154839 0.469501 -0.139946
-1.169021 0.114045 -1.518070 0.383424 -1.193994 -0.324076
-0.134880 0.108640 -0.863075 0.251563 -0.146213 -0.716862
-0.553451 0.055730 -0.997301 0.163517 -0.570305 -0.426996
-0.898101 0.030175 -0.926940 0.120069 -0.919501 -0.007439
-1.141710 0.058395 -0.907844 0.102715 -1.166323 0.258479
0.845200 0.040635 0.847035 0.212530 0.846793 0.000242
0.117339 0.021365 0.236551 0.112228 0.109333 0.127218
0.634959 0.030275 0.978095 0.044875 0.633780 0.344315
0.153560 0.023835 0.361955 0.095830 0.146031 0.215924
0.214290 0.026125 0.540715 0.054085 0.207562 0.333153
-0.443590 0.092055 -0.684181 0.218400 -0.458995 -0.225185
0.121099 0.020320 0.263065 0.113582 0.113142 0.149923
0.120589 0.020305 0.261485 0.107492 0.112626 0.148860
-1.294351 0.053625 -1.428484 0.104603 -1.320977 -0.107507
0.886800 0.042425 0.872085 0.169675 0.888942 -0.016857
0.882339 0.028495 0.901655 0.140300 0.884423 0.017232
-0.434220 0.060565 -0.565649 0.262329 -0.449502 -0.116147
0.422259 0.035605 0.754105 0.070665 0.418274 0.335831
-0.286950 0.091335 -0.440608 0.292241 -0.300289 -0.140319
-1.469901 0.098460 -1.801645 0.298436 -1.498842 -0.302803
-0.163590 0.044190 0.265855 0.118018 -0.175302 0.441157
-0.359751 0.033080 -0.349661 0.154189 -0.374050 0.024389
-0.832041 0.141210 -1.128159 0.484799 -0.852569 -0.275590
0.182309 0.024110 0.288805 0.127768 0.175159 0.113646
-0.168361 0.069520 -0.228172 0.243738 -0.180136 -0.048036
-1.622671 0.060395 -1.730306 0.149016 -1.653627 -0.076679
-0.371221 0.032320 -0.299398 0.177014 -0.385671 0.086273
0.002669 0.099085 -0.248893 0.252485 -0.006850 -0.242043
0.211309 0.070895 -0.005071 0.161368 0.204542 -0.209613
0.911790 0.024270 1.136955 0.086535 0.914262 0.222693
-0.915311 0.093165 -1.237647 0.296683 -0.936938 -0.300709
-0.406871 0.020380 -0.180791 0.058509 -0.421792 0.241001
-0.506210 0.126995 -0.762774 0.408711 -0.522441 -0.240333
-1.509780 0.049670 -1.589662 0.088317 -1.539248 -0.050414
-0.333631 0.047515 -0.780309 0.226350 -0.347585 -0.432724
1.146290 0.024850 0.730315 0.125855 1.151855 -0.421540
0.503799 0.016810 0.771905 0.050840 0.500890 0.271015
0.128889 0.018315 0.370995 0.080090 0.121035 0.249960
-1.322801 0.100270 -1.250074 0.228515 -1.349802 0.099728
0.109260 0.023070 0.437655 0.042300 0.101146 0.336509
0.110629 0.022400 0.437775 0.041060 0.102534 0.335241
0.769440 0.093910 0.271975 0.305584 0.770034 -0.498059
1.121790 0.042500 1.056895 0.131315 1.127032 -0.070137
-1.248820 0.105355 -1.872105 0.293994 -1.274846 -0.597259
-1.237020 0.107895 -1.615224 0.309907 -1.262890 -0.352334
-1.117920 0.067930 -1.235447 0.229813 -1.142220 -0.093227
-0.693931 0.021675 -0.597397 0.109424 -0.712638 0.115241
0.986589 0.146220 0.307005 0.362765 0.990048 -0.683043
0.961989 0.136840 0.511675 0.403048 0.965123 -0.453448
-0.818581 0.026520 -1.309654 0.066704 -0.838932 -0.470722
-1.284811 0.039990 -0.911394 0.039996 -1.311311 0.399917
-0.464291 0.070865 -0.634451 0.265056 -0.479969 -0.154482
-0.436371 0.080455 -0.691794 0.293698 -0.451681 -0.240113
0.865950 0.016850 1.043185 0.095270 0.867817 0.175368
0.866050 0.017285 1.046275 0.094840 0.867918 0.178357
-0.296890 0.063090 -0.491528 0.116264 -0.310360 -0.181168
0.187209 0.071925 -0.521606 0.036004 0.180124 -0.701730
-1.969861 0.069735 -2.109855 0.292575 -2.005396 -0.104459
-0.079190 0.081255 -0.028032 0.248247 -0.089789 0.061757
-0.769610 0.018880 -0.702893 0.094694 -0.789315 0.086422
-1.163391 0.027445 -0.830951 0.049803 -1.188290 0.357338
0.458240 0.020345 0.731365 0.070725 0.454729 0.276636
0.074080 0.059475 0.451055 0.066510 0.065502 0.385553
0.072220 0.058895 -0.292512 0.159466 0.063618 -0.356130
-0.287960 0.021485 -0.224873 0.119911 -0.301312 0.076439
-0.366820 0.088265 -0.537035 0.312343 -0.381213 -0.155822
-0.688900 0.068155 -0.854700 0.217269 -0.707541 -0.147159
-0.030641 0.022500 0.161452 0.126035 -0.040599 0.202051
0.742049 0.056995 0.572375 0.104480 0.742282 -0.169907
0.501050 0.044675 0.953855 0.049020 0.498104 0.455751
-0.547710 0.051645 -0.125012 0.078765 -0.564489 0.439477
-0.811001 0.080805 -1.014839 0.302383 -0.831252 -0.183587
0.487570 0.053265 0.517875 0.250313 0.484446 0.033429
-0.838310 0.045555 -0.883410 0.174718 -0.858921 -0.024489
0.070539 0.067495 -0.306556 0.204901 0.061916 -0.368472
0.539169 0.025945 0.942535 0.021975 0.536726 0.405809
-0.649080 0.022695 -0.524194 0.114094 -0.667196 0.143002
-0.692250 0.062090 -0.457785 0.198344 -0.710935 0.253150
-1.464321 0.138090 -1.246591 0.160927 -1.493189 0.246598
0.167569 0.023915 0.440975 0.077250 0.160225 0.280750
0.190789 0.075790 -0.064246 0.270223 0.183751 -0.247997
-0.801921 0.094855 -0.749884 0.143878 -0.822052 0.072168
-0.584841 0.033235 -0.384561 0.080582 -0.602109 0.217548
-1.118140 0.135105 -1.218771 0.233626 -1.142442 -0.076329
0.083380 0.034860 0.110272 0.218478 0.074925 0.035347
0.086349 0.038100 0.073506 0.217710 0.077934 -0.004428
-0.777321 0.027640 -0.401767 0.026261 -0.797128 0.395361
1.264290 0.057700 1.590605 0.114125 1.271411 0.319194
1.304290 0.041200 1.659495 0.060410 1.311939 0.347557
0.667299 0.040595 0.935145 0.204165 0.666546 0.268599
0.656779 0.031530 1.031125 0.062920 0.655888 0.375237
-0.283951 0.050110 0.050347 0.081842 -0.297250 0.347597
-0.285701 0.050425 0.053190 0.079442 -0.299023 0.352213
0.789109 0.028165 1.074665 0.065895 0.789963 0.284702
-0.821131 0.026790 -0.708237 0.142748 -0.841515 0.133278
0.847879 0.064550 0.397985 0.223248 0.849508 -0.451523
-0.409040 0.038875 -0.303674 0.193094 -0.423990 0.120316
-0.157741 0.055250 -0.287564 0.135756 -0.169375 -0.118189
0.007660 0.078680 -0.158924 0.284636 -0.001793 -0.157131
0.332629 0.017185 0.461615 0.072195 0.327462 0.134153
0.420950 0.015470 0.568195 0.058910 0.416948 0.151247
-0.200801 0.063160 -0.502553 0.159837 -0.213004 -0.289549
0.194810 0.024910 0.396215 0.101780 0.187825 0.208390
0.828640 0.021665 1.070095 0.096570 0.830015 0.240080
-1.006990 0.054875 -1.270100 0.194830 -1.029826 -0.240274
-1.224481 0.057730 -1.486295 0.166233 -1.250185 -0.236110
-1.288190 0.045610 -1.343448 0.165791 -1.314735 -0.028713
-0.056351 0.025105 0.220344 0.082653 -0.066648 0.286992
0.481350 0.036865 0.522375 0.193045 0.478144 0.044231
-0.669471 0.041725 -0.747085 0.156408 -0.687855 -0.059230
0.570720 0.022390 0.712225 0.117025 0.568693 0.143532
1.059690 0.020250 0.687165 0.104230 1.064112 -0.376947
-1.034301 0.068890 -0.815855 0.137938 -1.057497 0.241642
0.419990 0.068400 0.249638 0.251500 0.415975 -0.166337
0.703850 0.030835 0.775095 0.155640 0.703579 0.071516
0.405729 0.044340 0.868455 0.020970 0.401526 0.466929
1.156190 0.043300 1.055025 0.102465 1.161885 -0.106860
-1.132801 0.241255 -0.964755 0.238652 -1.157296 0.192541
0.326110 0.077505 0.074420 0.250354 0.320857 -0.246437
-1.122321 0.094040 -1.054351 0.307924 -1.146678 0.092327
1.722289 0.055650 1.455935 0.169580 1.735451 -0.279516
-0.637590 0.116785 -0.769881 0.213100 -0.655554 -0.114326
0.428539 0.016895 0.645205 0.067550 0.424637 0.220568
0.610499 0.055770 1.042315 0.122285 0.608997 0.433318
0.733069 0.012470 0.744765 0.072900 0.733184 0.011581
-0.025150 0.033950 -0.069812 0.132829 -0.035036 -0.034776
-0.555901 0.098230 -0.819380 0.216269 -0.572787 -0.246593
0.946890 0.018200 1.255265 0.047120 0.949825 0.305440
-0.650620 0.022640 -0.539582 0.098305 -0.668756 0.129174
1.330890 0.022700 1.601595 0.070395 1.338889 0.262706
0.244320 0.028555 0.566875 0.082790 0.237988 0.328887
0.132179 0.044360 0.037762 0.192447 0.124368 -0.086606
0.396810 0.026010 0.589045 0.101280 0.392489 0.196556
-0.125760 0.113490 -0.480049 0.402377 -0.136973 -0.343076
0.785709 0.084520 0.446775 0.183410 0.786518 -0.339743
0.153020 0.024145 0.164370 0.127643 0.145484 0.018886
0.153810 0.026910 0.160717 0.131605 0.146284 0.014433
-0.254320 0.063055 0.153663 0.060299 -0.267229 0.420892
-1.569251 0.097145 -1.903045 0.281983 -1.599503 -0.303542
0.292350 0.024190 0.496035 0.096815 0.286652 0.209384
-0.353471 0.045150 -0.349603 0.176444 -0.367687 0.018084
0.447809 0.178705 -0.005360 0.392246 0.444161 -0.449521
0.189569 0.021660 0.456445 0.076000 0.182516 0.273929
-0.350221 0.030185 -0.092631 0.072686 -0.364394 0.271763
0.378920 0.057840 0.184909 0.200982 0.374363 -0.189454
0.757710 0.023830 0.935975 0.110945 0.758149 0.177826
1.192789 0.049650 1.571055 0.057690 1.198967 0.372088
0.457310 0.037290 0.399305 0.139550 0.453787 -0.054482
0.903390 0.033890 1.073485 0.158385 0.905751 0.167734
0.212460 0.021380 0.445695 0.091115 0.205708 0.239987
0.496519 0.037935 0.850575 0.064205 0.493514 0.357061
0.748750 0.094050 0.925975 0.262160 0.749071 0.176904
0.797190 0.030775 1.145795 0.048635 0.798150 0.347645
1.345590 0.058750 0.968305 0.156395 1.353783 -0.385478
1.120290 0.022650 1.461015 0.047180 1.125512 0.335503
0.964890 0.034050 1.076675 0.159560 0.968062 0.108613
0.680880 0.036820 0.770345 0.195935 0.680306 0.090039
-0.144220 0.084970 -0.023409 0.149152 -0.155677 0.132268
0.408460 0.023580 0.750295 0.045505 0.404293 0.346002
0.074169 0.023700 0.267925 0.084538 0.065593 0.202332
0.573440 0.021440 0.879075 0.059325 0.571449 0.307626
0.136319 0.048175 0.333955 0.208194 0.128563 0.205392
0.659280 0.039065 0.828925 0.141400 0.658421 0.170504
0.126309 0.025390 0.439875 0.049785 0.118421 0.321454
0.196509 0.079220 0.235644 0.254003 0.189547 0.046097
-0.296990 0.052000 0.206385 0.073786 -0.310462 0.516847
0.891999 0.022395 0.533895 0.109810 0.894210 -0.360315
-0.560921 0.076080 -0.611344 0.242077 -0.577873 -0.033471
1.656790 0.038000 1.632135 0.213735 1.669088 -0.036953
-0.329631 0.037325 -0.280438 0.189744 -0.343533 0.063095
0.538730 0.021765 0.709905 0.102335 0.536281 0.173624
-0.384750 0.096005 -0.320670 0.241199 -0.399379 0.078709
0.923889 0.062830 0.768875 0.252210 0.926521 -0.157646
-0.847060 0.083150 -0.415825 0.103689 -0.867787 0.451962
-0.352210 0.062975 -0.444560 0.186829 -0.366410 -0.078150
-0.654190 0.046605 -0.710023 0.138764 -0.672373 -0.037650
0.320129 0.043020 0.425475 0.256148 0.314797 0.110678
0.217649 0.047690 0.008239 0.071704 0.210966 -0.202727
1.005489 0.056900 0.850455 0.146035 1.009197 -0.158742
0.291949 0.028580 0.571075 0.087420 0.286246 0.284829
-0.017071 0.021420 0.248299 0.062759 -0.026850 0.275149
1.516890 0.083350 1.095825 0.259625 1.527342 -0.431517
0.311780 0.049245 0.751275 0.058570 0.306338 0.444937
0.053289 0.025030 0.368085 0.061535 0.044438 0.323647
-0.056951 0.073175 0.014344 0.315385 -0.067256 0.081600
-0.037511 0.047460 0.068690 0.238385 -0.047560 0.116250
-0.290010 0.042505 0.166768 0.030672 -0.303390 0.470158
0.267900 0.018185 0.518895 0.057965 0.261879 0.257016
0.717030 0.029770 1.083965 0.042775 0.716933 0.367032
1.201989 0.041200 1.136535 0.207580 1.208289 -0.071754
-0.282340 0.068025 -0.445120 0.191835 -0.295618 -0.149502
-0.695451 0.051000 -0.785664 0.094711 -0.714178 -0.071486
1.012290 0.027150 1.016305 0.126265 1.016087 0.000218
-0.671221 0.086440 -0.364732 0.152003 -0.689628 0.324896
-0.343841 0.040725 0.103071 0.029820 -0.357930 0.461001
0.455040 0.045175 0.540595 0.217100 0.451487 0.089108
0.603860 0.027250 0.690305 0.184495 0.602270 0.088035
-0.992730 0.083320 -1.203306 0.265456 -1.015378 -0.187928
0.729630 0.046135 0.736285 0.249625 0.729699 0.006586
0.312469 0.032360 0.706175 0.034990 0.307037 0.399138
0.799250 0.055505 0.431115 0.178188 0.800237 -0.369122
0.329470 0.039020 0.392225 0.216761 0.324261 0.067964
-0.325380 0.027455 -0.016649 0.055907 -0.339226 0.322577
0.524309 0.060880 0.376885 0.182022 0.521670 -0.144785
0.633070 0.019785 0.839205 0.065570 0.631866 0.207339
0.974090 0.045000 0.808115 0.082990 0.977383 -0.169268
0.533489 0.023505 0.680495 0.116990 0.530971 0.149523
-0.109510 0.043885 -0.119672 0.174948 -0.120509 0.000837
0.152390 0.067935 0.127927 0.253850 0.144845 -0.016918
0.284229 0.020955 -0.003565 0.061920 0.278424 -0.281989
-0.711890 0.064175 -0.333050 0.104534 -0.730834 0.397784
-0.100181 0.047665 -0.167493 0.164564 -0.111056 -0.056437
-0.493051 0.058080 -0.594944 0.182244 -0.509108 -0.085836
-0.102671 0.069975 -0.197096 0.217167 -0.113579 -0.083517
0.282650 0.047465 0.186746 0.126521 0.276824 -0.090078
-0.145370 0.021975 0.128386 0.063273 -0.156842 0.285228
0.568330 0.064055 0.456655 0.126260 0.566272 -0.109617
0.135610 0.063720 -0.738001 0.042063 0.127844 -0.865845
-0.083040 0.028940 0.056810 0.129956 -0.093690 0.150500
-0.282021 0.094900 -0.206133 0.172273 -0.295295 0.089162
-0.221701 0.018920 -0.005616 0.068846 -0.234179 0.228563
-0.571151 0.051345 -0.591834 0.191022 -0.588238 -0.003596
0.715380 0.020160 0.954115 0.078420 0.715261 0.238854
0.138829 0.058060 0.122578 0.268761 0.131106 -0.008528
-0.147810 0.106405 -0.479980 0.377826 -0.159314 -0.320666
0.660820 0.059440 0.494815 0.150240 0.659982 -0.165167
0.935789 0.043000 0.679485 0.078530 0.938577 -0.259092
1.360590 0.019700 1.482505 0.082755 1.368981 0.113524
-0.252360 0.072080 -0.407470 0.288985 -0.265243 -0.142227
0.544720 0.068555 -0.409268 0.074397 0.542350 -0.951618
0.057230 0.025960 0.145593 0.132047 0.048431 0.097162
-0.132490 0.063270 -0.286454 0.255664 -0.143792 -0.142662
-0.301001 0.049010 -0.455346 0.263932 -0.314525 -0.140821
-0.341270 0.057090 0.141276 0.036103 -0.355326 0.496602
1.338389 0.061500 1.193615 0.155275 1.346488 -0.152873
0.829630 0.040350 0.859545 0.220760 0.831018 0.028527
-1.636321 0.074095 -0.530748 0.057576 -1.667457 1.136709
-0.150921 0.080800 -0.257295 0.218836 -0.162466 -0.094829
-0.145121 0.037135 0.190263 0.094879 -0.156589 0.346852
0.531759 0.089425 0.417605 0.173472 0.529219 -0.111614
0.631639 0.084240 0.477575 0.202725 0.630416 -0.152841
0.705119 0.026530 0.856945 0.138910 0.704865 0.152080
0.271099 0.082680 -0.146302 0.220510 0.265121 -0.411422
0.266569 0.041800 0.688355 0.041560 0.260531 0.427824
0.415400 0.065560 0.278625 0.233698 0.411324 -0.132699
-0.542030 0.085915 -0.304550 0.147032 -0.558734 0.254184
-0.655271 0.040825 -0.127190 0.022736 -0.673468 0.546278
-0.157391 0.146310 -0.434990 0.481142 -0.169021 -0.265969
-0.441481 0.115445 -0.417953 0.190472 -0.456858 0.038905
0.108049 0.140390 -0.211807 0.437403 0.099920 -0.311727
-0.456201 0.073405 -0.271535 0.112092 -0.471772 0.200237
-0.581051 0.044275 -0.350223 0.157112 -0.598269 0.248046
1.030089 0.077300 0.609325 0.205690 1.034122 -0.424797
-0.240200 0.078755 -0.739121 0.191345 -0.252922 -0.486198
-1.151660 0.082940 -0.508349 0.096681 -1.176405 0.668056
-0.825311 0.170475 -0.371560 0.164439 -0.845750 0.474190
0.317900 0.056130 0.171008 0.108351 0.312538 -0.141530
-0.021831 0.087330 0.098422 0.200606 -0.031673 0.130095
0.429629 0.038560 0.754075 0.091945 0.425742 0.328333
-0.354231 0.103510 -0.416220 0.190350 -0.368457 -0.047763
0.088770 0.095635 0.030952 0.192002 0.080386 -0.049434
0.060040 0.087460 -0.098084 0.313024 0.051277 -0.149361
1.369289 0.057650 1.175625 0.133310 1.377795 -0.202170
0.599879 0.032835 0.665785 0.230505 0.598237 0.067548
-0.784591 0.093350 -0.990806 0.181607 -0.804493 -0.186313
0.528509 0.117005 0.170761 0.397366 0.525926 -0.355165
-0.227120 0.055140 -0.322506 0.192860 -0.239670 -0.082836
1.200589 0.087300 0.901925 0.174155 1.206870 -0.304945
0.748750 0.020360 0.980685 0.064415 0.749071 0.231614
0.106750 0.072035 -0.047001 0.185056 0.098603 -0.145604
1.615689 0.071000 1.340455 0.142560 1.627445 -0.286990
-0.727470 0.115140 -1.058642 0.381208 -0.746620 -0.312022
0.485720 0.040385 0.936335 0.021320 0.482572 0.453763
-0.237181 0.100645 -0.433698 0.350323 -0.249863 -0.183835
0.963490 0.089725 0.626735 0.261855 0.966643 -0.339908
0.072639 0.086365 0.025837 0.262942 0.064043 -0.038206
-0.463660 0.083935 -0.090079 0.162779 -0.479330 0.389251
0.539599 0.040215 0.490615 0.160250 0.537162 -0.046547
0.620850 0.028340 0.774945 0.121480 0.619484 0.155461
-0.256580 0.031845 0.071736 0.054401 -0.269519 0.341255
0.612920 0.054690 0.452915 0.138010 0.611450 -0.158535
0.798820 0.046010 0.559615 0.089525 0.799801 -0.240186
1.302990 0.040000 1.305495 0.156050 1.310622 -0.005126
0.468490 0.068725 0.411135 0.281823 0.465115 -0.053980
-1.040171 0.064065 -0.606907 0.061950 -1.063444 0.456537
-1.177130 0.159720 -1.144777 0.257857 -1.202210 0.057433
0.958790 0.039850 1.016745 0.212185 0.961882 0.054864
0.089479 0.072720 0.024227 0.270453 0.081105 -0.056878
0.290810 0.073185 0.558415 0.249860 0.285091 0.273324
0.077880 0.038445 0.503435 0.035110 0.069353 0.434082
1.869690 0.054500 1.626455 0.145790 1.884796 -0.258341
0.497080 0.025540 0.871045 0.032490 0.494082 0.376963
0.052170 0.057935 -0.067613 0.246751 0.043304 -0.110917
1.385890 0.069700 1.327715 0.209310 1.394615 -0.066900
-0.380481 0.024915 -0.195238 0.081663 -0.395053 0.199815
0.014830 0.058460 0.363545 0.077090 0.005471 0.358074
0.554330 0.020320 0.781115 0.095465 0.552087 0.229028
-1.115850 0.094860 -0.693132 0.099121 -1.140122 0.446990
0.352500 0.026330 0.632895 0.089760 0.347595 0.285300
1.188789 0.021850 1.326125 0.145220 1.194915 0.131210
1.006089 0.056800 0.893945 0.194010 1.009805 -0.115860
0.222090 0.053310 0.100720 0.157235 0.215465 -0.114745
0.040529 0.053370 0.040984 0.266127 0.031510 0.009474
0.968789 0.097535 0.096311 0.154383 0.972013 -0.875702
0.800119 0.073680 0.549805 0.206890 0.801118 -0.251313
0.703719 0.074370 0.448375 0.204636 0.703447 -0.255072
0.241400 0.049605 0.224779 0.203720 0.235029 -0.010250
-1.124630 0.146305 -0.925661 0.203767 -1.149018 0.223357
0.751189 0.037945 0.189784 0.164590 0.751543 -0.561759
-0.698171 0.074385 -0.476304 0.199164 -0.716933 0.240629
-0.654150 0.151875 -0.904995 0.214485 -0.672332 -0.232663
0.422549 0.024230 0.754875 0.053175 0.418568 0.336307
-0.918771 0.106205 -1.257155 0.273945 -0.940443 -0.316712
-0.298930 0.103895 -0.438738 0.357383 -0.312427 -0.126311
0.775970 0.023195 1.087555 0.066835 0.776650 0.310905
0.096700 0.067990 -0.032930 0.249468 0.088421 -0.121351
1.470889 0.018950 1.137825 0.064110 1.480735 -0.342910
0.511880 0.029795 0.645855 0.177035 0.509077 0.136778
0.938789 0.040300 0.943405 0.172460 0.941617 0.001788
0.262099 0.067050 0.076935 0.197208 0.256002 -0.179067
-0.841391 0.094220 -1.178596 0.266048 -0.862042 -0.316554
0.247720 0.073670 -0.513869 0.043159 0.241433 -0.755302
0.797939 0.036265 0.217632 0.188829 0.798909 -0.581277
0.493810 0.048325 0.006297 0.160707 0.490769 -0.484472
1.001989 0.034250 0.565405 0.201535 1.005651 -0.440246
0.075190 0.033880 0.440195 0.041255 0.066627 0.373568
0.791039 0.077825 0.525365 0.214435 0.791919 -0.266554
-0.089170 0.036950 0.345475 0.041475 -0.099901 0.445376
1.234289 0.078550 0.484805 0.174925 1.241015 -0.756210
0.743500 0.067925 0.734575 0.295200 0.743752 -0.009177
-0.012401 0.056915 0.280095 0.153262 -0.022118 0.302213
-0.288341 0.069085 -0.283867 0.309555 -0.301698 0.017831
0.320220 0.027220 0.346275 0.126833 0.314889 0.031386
-0.076421 0.057560 0.310415 0.058537 -0.086983 0.397398
0.481549 0.047550 0.725865 0.147710 0.478346 0.247519
0.251100 0.028100 0.533865 0.095170 0.244857 0.289008
-0.443581 0.033905 -0.475424 0.178719 -0.458986 -0.016438
0.405970 0.030630 0.566855 0.128970 0.401770 0.165085
0.388610 0.037325 0.419685 0.201262 0.384181 0.035504
0.213260 0.088170 -0.004087 0.171861 0.206518 -0.210605
1.703090 0.053250 0.992195 0.133525 1.715998 -0.723803
1.051290 0.120350 1.208835 0.415925 1.055601 0.153234
-0.187700 0.060825 -0.230884 0.254451 -0.199730 -0.031154
0.003400 0.082760 -0.102775 0.297617 -0.006110 -0.096665
0.528080 0.044225 0.527955 0.183060 0.525491 0.002464
0.396970 0.074680 0.376795 0.210557 0.392651 -0.015856
1.107590 0.036000 0.533875 0.194745 1.112644 -0.578769
0.325080 0.087235 -0.021947 0.243332 0.319813 -0.341760
-0.207081 0.088385 -0.434573 0.302422 -0.219366 -0.215207
0.369329 0.038630 0.330895 0.211419 0.364646 -0.033751
1.114090 0.040600 0.932025 0.056765 1.119230 -0.187205
0.840400 0.071695 1.221565 0.084100 0.841930 0.379635
0.400330 0.052950 0.398935 0.229435 0.396055 0.002880
0.322249 0.041690 0.583225 0.115260 0.316945 0.266279
-2.394520 0.124705 -1.348673 0.075320 -2.435657 1.086984
-1.639161 0.100330 -1.949535 0.284548 -1.670335 -0.279200
-1.886920 0.188585 -1.898725 0.275173 -1.921362 0.022637
-2.687010 0.131525 -1.942265 0.102530 -2.732005 0.789740
-1.864851 0.108755 -1.886175 0.269670 -1.899001 0.012826
-1.633050 0.117995 -1.990035 0.281366 -1.664144 -0.325891
-2.152101 0.259610 -1.624187 0.187258 -2.190040 0.565853
-1.315490 0.291075 -1.059013 0.267393 -1.342395 0.283382
-1.895360 0.167785 -2.176985 0.321060 -1.929914 -0.247071
-2.283620 0.122445 -2.024395 0.158505 -2.323294 0.298899
-1.567841 0.119855 -1.692912 0.261979 -1.598074 -0.094838
-1.667030 0.149940 -1.766155 0.272985 -1.698572 -0.067583
-2.954940 0.148535 -2.400775 0.118030 -3.003469 0.602694
