# x_refit,sx_refit,y_refit,sy_refit,covxy_refit
0.914545 0.115690 1.051595 0.182695 -0.004829
0.981425 0.056140 1.204495 0.075880 -0.004561
1.024005 0.052515 1.005915 0.276360 -0.002794
1.073175 0.044090 1.379585 0.045685 0.000024
0.965605 0.037210 1.285935 0.025365 0.000399
1.087115 0.027585 1.260465 0.051815 -0.000201
1.426846 0.037150 1.678515 0.063740 -0.002937
0.831955 0.031850 1.038525 0.042895 -0.000341
0.475115 0.048855 0.821735 0.034330 0.000929
0.843905 0.073055 1.221825 0.070625 -0.000380
1.021185 0.041595 1.115005 0.137625 -0.002697
1.356845 0.043245 1.588325 0.032665 -0.002175
1.360146 0.021815 1.499325 0.050370 -0.000272
1.857845 0.052600 2.067285 0.045375 -0.002317
1.816445 0.043550 1.811285 0.156355 -0.005809
0.470756 0.033855 0.807035 0.027960 0.000185
1.369946 0.040210 1.529265 0.078115 -0.002312
0.779725 0.046095 1.068025 0.025620 -0.000065
1.040775 0.043035 1.326955 0.027540 -0.000512
0.532915 0.086910 0.584795 0.179664 -0.003330
1.412645 0.024450 1.615875 0.024880 0.000794
0.939085 0.034940 1.186215 0.028725 -0.000217
1.198885 0.058300 1.098915 0.269720 -0.008942
1.263435 0.045145 1.256415 0.239720 -0.004275
0.242945 0.108555 0.454888 0.164114 -0.003037
0.437085 0.069285 0.442864 0.160442 -0.006473
0.034105 0.119080 0.353192 0.128388 -0.008123
1.275785 0.045905 1.534635 0.032840 -0.000049
1.074716 0.034810 1.289005 0.039520 0.000510
1.049735 0.040665 1.112865 0.250030 -0.005438
0.048085 0.142340 -0.240289 0.401760 -0.034241
1.095045 0.045465 1.314165 0.050515 -0.000913
1.175885 0.044050 1.499895 0.035125 -0.000057
0.877675 0.037265 1.367715 0.041495 0.000072
0.529426 0.059145 0.837095 0.059755 0.000096
0.737266 0.035240 1.064195 0.023790 0.000231
2.365245 0.032900 2.269855 0.120925 -0.003280
0.462115 0.072590 0.733835 0.161835 -0.002274
1.017885 0.037240 1.298185 0.025335 0.000356
1.160385 0.022140 1.322775 0.046120 0.000035
0.916105 0.035640 1.257265 0.024230 0.000278
1.827045 0.034950 1.986505 0.048515 -0.000562
0.745765 0.079795 0.886655 0.114400 -0.006083
0.246185 0.047130 0.331250 0.123293 0.001778
0.791175 0.033740 0.990065 0.038880 0.000033
0.176045 0.051650 0.349271 0.177518 -0.002362
1.168665 0.036085 1.503215 0.022760 0.000291
-1.120695 0.178510 -0.859268 0.139148 -0.008560
-0.590605 0.116555 -0.752076 0.201314 -0.011711
0.395135 0.057450 0.727895 0.054875 0.001336
0.209975 0.028260 0.308450 0.075005 -0.000236
-0.705935 0.147205 -0.826404 0.198568 -0.013950
-0.776045 0.129875 -0.485177 0.169577 0.004016
0.737266 0.026700 0.957695 0.032160 -0.000028
-0.052985 0.039665 0.029405 0.127948 -0.004235
0.170526 0.053295 -0.021905 0.223888 -0.006117
0.757375 0.049465 0.959395 0.063265 -0.000044
1.610445 0.036600 1.805795 0.056970 0.001856
-0.579064 0.113535 -0.298518 0.158835 -0.000206
-0.136175 0.132885 -0.074033 0.117183 -0.010781
0.897375 0.019225 1.029985 0.037805 0.000063
0.101066 0.122500 0.376729 0.112895 -0.009206
-0.528025 0.113365 -0.337434 0.170500 0.002641
0.093725 0.060190 0.123793 0.207101 -0.002890
0.414145 0.090565 -0.004289 0.256355 -0.014601
0.256435 0.063920 0.567825 0.074743 -0.000593
-0.097835 0.067600 0.097247 0.160663 -0.000169
1.301055 0.035960 1.496135 0.043685 -0.003268
-0.425455 0.127505 -0.415439 0.163264 -0.008353
0.324115 0.058550 0.515068 0.111818 0.000631
-0.573464 0.108970 -0.757356 0.273459 -0.010870
-0.473084 0.096285 -0.887729 0.152858 -0.007852
-0.639425 0.126975 -0.929506 0.211727 -0.015021
-0.364695 0.113290 -0.554170 0.266800 -0.009538
0.136565 0.069480 -0.183374 0.245292 -0.010181
1.295506 0.023940 1.456485 0.056020 -0.000139
0.438166 0.053580 0.556585 0.148862 0.000877
0.462055 0.021815 0.609635 0.052830 -0.000314
-0.250395 0.084130 -0.186561 0.152442 -0.004254
-0.353675 0.114545 -0.431283 0.237978 -0.007794
-0.015215 0.106300 -0.543637 0.224711 -0.015078
1.316586 0.019535 1.484435 0.036510 0.000677
-0.276484 0.090300 0.047317 0.150009 -0.001474
0.759336 0.060070 0.493260 0.221149 -0.007773
0.324235 0.056470 0.531670 0.042643 0.000510
-0.611805 0.138540 -0.102407 0.093134 -0.008158
0.361995 0.073960 0.041659 0.232219 -0.010891
-0.391115 0.142970 -0.389411 0.154871 -0.012906
0.192375 0.041530 0.374375 0.060222 -0.000195
0.531896 0.045490 0.628745 0.210652 -0.004432
0.883465 0.030610 1.254715 0.022280 0.000239
-0.971575 0.110050 -0.684624 0.102609 -0.007001
-0.478815 0.067465 -0.592480 0.238483 -0.002583
-1.165115 0.103210 -1.092797 0.234109 -0.003283
0.206235 0.059770 0.450300 0.073706 0.000478
-0.718405 0.082335 -0.563147 0.206261 -0.000753
-0.547725 0.079215 -0.797301 0.164518 -0.008029
0.161865 0.049795 0.458148 0.033912 0.000305
-0.130205 0.098720 -0.179152 0.220873 -0.004300
-0.771715 0.291640 -0.844281 0.224481 -0.037430
0.916975 0.020470 1.013795 0.048155 -0.000141
0.923275 0.033510 1.259435 0.030905 -0.000068
0.013295 0.056200 0.269652 0.052899 0.001309
0.152195 0.060355 0.460327 0.043201 0.000824
0.402015 0.036145 0.617085 0.051630 0.000589
0.545876 0.039950 0.822865 0.036015 -0.000252
0.254835 0.075895 0.285544 0.243658 -0.007622
-0.028214 0.068370 -0.358441 0.080522 -0.001929
0.830205 0.034915 1.114725 0.024825 -0.000537
-0.811105 0.108690 -1.030789 0.279395 -0.013996
-0.886435 0.154310 -0.607559 0.137173 -0.002812
-0.745825 0.099035 -0.551064 0.107420 -0.005556
1.116945 0.072455 1.184205 0.118080 -0.004783
-0.014094 0.082480 -0.404804 0.291793 -0.015689
-0.660305 0.063320 -0.484832 0.107325 0.001650
0.009115 0.089245 -0.474647 0.175658 -0.010504
0.711295 0.055420 1.025395 0.039440 0.000184
-0.458694 0.131520 -0.281394 0.134088 -0.005678
0.137785 0.079805 -0.227453 0.263488 -0.012620
1.322505 0.070100 1.478765 0.216490 -0.006262
0.371165 0.023565 0.453956 0.077790 -0.000357
-0.133075 0.067400 -0.250263 0.218729 -0.004757
-0.983225 0.101055 -1.291917 0.308735 -0.014885
0.078715 0.051605 -0.026240 0.154564 0.000875
-1.000095 0.125000 -1.195254 0.305375 -0.018856
0.199395 0.036530 0.203152 0.126064 -0.003464
-0.230895 0.052235 -0.061945 0.138650 -0.000170
-0.214905 0.098670 -0.476231 0.153772 -0.008127
0.341695 0.041955 0.550815 0.152705 -0.001648
-0.354705 0.034230 -0.380374 0.084369 -0.003599
0.080695 0.105745 0.004289 0.194712 -0.007885
-0.667305 0.081445 -0.815032 0.246131 -0.010106
-0.001095 0.083055 -0.132266 0.196194 -0.004678
0.434296 0.024265 0.625835 0.038935 0.000140
-0.420355 0.116375 -0.308583 0.206937 -0.000008
0.926615 0.080555 1.189905 0.077885 0.001187
-0.058885 0.134805 -0.573554 0.195129 -0.020924
-0.465605 0.119685 -0.319286 0.168208 -0.005875
-1.481805 0.102495 -1.317926 0.195205 0.000450
-1.072015 0.145270 -0.794338 0.158375 -0.003841
-0.514165 0.075650 -0.375380 0.222324 -0.002633
0.942505 0.036565 1.256815 0.042365 -0.000277
-0.123565 0.094040 -0.148623 0.228084 -0.003668
-0.872115 0.183475 -1.027751 0.245528 -0.028725
0.640495 0.029825 0.746805 0.083930 -0.004383
-0.033345 0.041030 -0.110677 0.142390 -0.000558
-0.897785 0.172590 -0.956610 0.212020 -0.023873
-0.213605 0.146860 -0.008582 0.166211 -0.002685
0.050076 0.050005 0.205803 0.188315 -0.000164
-0.109905 0.063075 0.141591 0.083180 0.001304
0.638505 0.021315 0.850515 0.027925 0.000051
-0.602705 0.040965 -0.493469 0.173198 -0.002124
0.684615 0.029925 1.000485 0.020865 -0.000010
0.867505 0.047875 0.994325 0.241240 -0.004543
1.458345 0.022850 1.645505 0.032685 -0.000668
-1.013485 0.149420 -1.223666 0.292760 -0.021784
-0.114085 0.089390 -0.012890 0.155119 -0.007002
0.108685 0.049875 0.306826 0.072247 0.000896
0.656825 0.027775 0.866195 0.039230 -0.000068
-0.566925 0.110625 -0.768181 0.205399 -0.012486
0.339855 0.043935 0.284484 0.223706 -0.007429
0.239785 0.048535 0.347808 0.160894 -0.003843
-0.506115 0.139540 -0.673850 0.169057 -0.015369
-0.141155 0.043905 -0.100120 0.122018 -0.000390
-0.133164 0.069190 -0.044695 0.158176 -0.001910
-0.034485 0.074485 -0.129234 0.245090 -0.006047
-0.862635 0.217645 -1.007963 0.260830 -0.039460
0.038655 0.044275 0.238049 0.062340 -0.000296
-0.324585 0.180990 -0.284140 0.211894 -0.015803
-0.469015 0.063000 -0.422900 0.215428 -0.002116
0.420985 0.054920 0.822615 0.116845 -0.001497
0.785945 0.027820 0.986635 0.044940 0.000020
-0.910325 0.079875 -1.026360 0.301733 -0.008625
0.413205 0.065715 0.390471 0.151348 -0.002590
-0.571065 0.054050 -0.431674 0.248463 -0.000008
-1.012635 0.189980 -0.549384 0.111983 -0.013224
-0.866105 0.157755 -0.502915 0.098908 -0.013116
-0.656445 0.178545 -0.377720 0.137743 -0.013784
-1.324165 0.285475 -1.291386 0.255506 -0.048491
0.507155 0.027845 0.751895 0.031075 -0.000099
-0.343385 0.047115 -0.284109 0.185995 -0.003693
-1.267185 0.132695 -1.497495 0.253644 -0.015441
0.169235 0.027620 0.169120 0.126986 -0.002076
-0.984065 0.159850 -1.330232 0.251337 -0.029606
-0.529605 0.107860 -0.915361 0.353787 -0.023669
-0.721715 0.094170 -0.555729 0.189582 -0.000222
-0.524155 0.148675 -0.509012 0.202487 -0.011519
0.307375 0.093085 0.135354 0.136277 -0.007335
-0.359205 0.151435 -0.246350 0.151485 -0.011794
-0.213585 0.159225 -0.150068 0.206637 -0.003639
-0.739055 0.081930 -0.874535 0.313246 -0.009298
-1.299855 0.182810 -1.325249 0.214803 -0.019836
-0.444264 0.148200 -0.454262 0.162228 -0.009098
0.035645 0.073250 -0.240669 0.247278 -0.009239
-0.190885 0.048645 0.029093 0.095189 -0.000043
-0.890075 0.071360 -0.926857 0.233931 -0.003567
-0.746775 0.051825 -0.528476 0.068146 -0.000810
-0.758445 0.182045 -0.664544 0.173116 -0.010354
-0.415834 0.094130 -0.546390 0.215779 -0.005388
-0.692185 0.104790 -1.004817 0.292812 -0.013121
-0.807595 0.070300 -1.051669 0.206957 -0.006198
-0.659335 0.098845 -1.065185 0.290776 -0.015756
-0.257695 0.073220 -0.444375 0.282363 -0.011000
-0.637595 0.160710 -0.495934 0.166308 -0.008458
-0.522224 0.209345 -0.803218 0.228425 -0.028838
-0.182945 0.104685 -0.425246 0.194239 -0.009136
1.095355 0.053160 1.321595 0.144990 -0.001429
0.437335 0.065160 0.677855 0.088220 -0.001628
-0.948465 0.241490 -0.539360 0.131943 -0.018411
0.404855 0.048715 0.100224 0.083214 -0.002070
0.138926 0.053605 0.177382 0.206619 -0.004255
-0.456425 0.062260 -0.563332 0.277097 -0.011034
-0.776695 0.159045 -0.996816 0.267644 -0.026262
-0.089994 0.033745 0.194946 0.038567 -0.000124
-0.598555 0.097130 -0.849338 0.270184 -0.014230
0.546715 0.044670 0.766695 0.047760 0.000813
0.914186 0.021690 1.139965 0.025650 0.000177
0.278345 0.020940 0.316860 0.068874 0.000523
-1.159265 0.194040 -1.093422 0.198109 -0.025890
-0.368765 0.081470 -0.628007 0.263059 -0.010979
0.640765 0.027065 0.853785 0.033930 -0.000075
-0.523195 0.054540 -0.555352 0.250309 -0.009608
-0.082595 0.099795 -0.386882 0.321211 -0.021581
-1.216605 0.135295 -1.267767 0.265069 -0.009182
-0.038605 0.022465 0.073739 0.056434 0.000084
-1.424625 0.289785 -1.479895 0.262459 -0.048783
1.233685 0.028625 1.122815 0.115400 -0.004220
1.645545 0.072500 1.767115 0.283355 -0.012083
-0.911945 0.148925 -0.733375 0.164608 -0.007301
-0.517405 0.126095 -0.263172 0.150181 -0.002009
-0.847025 0.145375 -1.100788 0.282168 -0.020523
0.059245 0.020590 0.155196 0.066978 -0.000146
-0.235145 0.039840 -0.152100 0.180366 -0.005180
-0.003195 0.077335 0.091760 0.203539 -0.007034
0.732805 0.028305 0.944215 0.033865 -0.000215
-0.793565 0.122890 -0.871729 0.258244 -0.007419
-0.880655 0.054685 -0.657614 0.054899 0.000244
-0.838955 0.126130 -1.164403 0.300007 -0.020906
-0.446525 0.115300 -0.971821 0.340504 -0.026184
-0.337005 0.050765 -0.358093 0.243131 -0.004999
-0.374525 0.097465 -0.696221 0.293185 -0.016079
0.911305 0.038475 1.100225 0.064885 -0.002124
-0.526705 0.091915 -0.882600 0.340517 -0.019576
-0.853105 0.135395 -1.190872 0.225582 -0.020481
-0.157285 0.049555 -0.394022 0.131184 -0.005031
-0.178325 0.040450 0.037024 0.046706 0.000007
0.454226 0.023770 0.682565 0.023135 0.000190
-0.969485 0.104685 -0.710955 0.154075 0.000747
-1.211075 0.116835 -1.030331 0.117389 -0.008877
-0.299205 0.059195 -0.450841 0.266989 -0.011533
-0.602634 0.066580 -0.649581 0.249615 -0.002033
-0.618794 0.107780 -0.910212 0.306967 -0.019265
-0.187515 0.045600 -0.006549 0.078774 -0.000063
-0.276655 0.074540 -0.494064 0.258307 -0.007481
-0.319855 0.058140 -0.389991 0.285830 -0.010045
-0.262725 0.131425 -0.196193 0.150830 -0.010855
-0.182455 0.108640 -0.604322 0.176641 -0.010612
0.367305 0.042210 0.709435 0.040310 0.000468
-1.123185 0.149740 -1.292827 0.257109 -0.018266
0.678865 0.053160 0.890795 0.124100 -0.002404
-0.530065 0.108215 -0.877257 0.266611 -0.016195
1.575445 0.023350 1.732145 0.034540 -0.001340
1.281446 0.020925 1.434635 0.040805 -0.000628
-0.428835 0.054980 -0.492376 0.294109 -0.005256
-0.263675 0.050730 -0.330846 0.270966 -0.004626
-1.036415 0.160055 -1.127377 0.216701 -0.012969
-1.010175 0.064895 -0.954097 0.218396 0.002652
-0.037935 0.037400 0.160912 0.060160 -0.000174
-0.497285 0.068940 -0.815795 0.277333 -0.010820
-0.519355 0.133570 -0.611333 0.216318 -0.012531
0.805845 0.039150 0.976915 0.057255 0.000609
1.187085 0.033025 1.429505 0.040450 0.000083
0.235456 0.033465 0.513017 0.054550 -0.000173
0.656415 0.031370 0.813535 0.062115 0.000443
0.269905 0.037740 0.510820 0.042313 -0.000178
0.649446 0.053490 0.963975 0.173055 0.001100
-1.207805 0.169295 -1.033693 0.158002 -0.016388
-0.277645 0.114265 -0.513941 0.257526 -0.016522
-0.395385 0.101140 -0.715231 0.307904 -0.020727
-0.313765 0.039005 -0.391375 0.125032 -0.004760
-0.293215 0.025620 -0.165931 0.077657 -0.000599
0.788965 0.049260 1.232865 0.038865 -0.000111
-0.081904 0.106260 -0.284034 0.332756 -0.027718
-0.061854 0.078045 -0.441296 0.293418 -0.013201
-0.969185 0.069705 -0.963709 0.243676 -0.002419
-0.268055 0.091565 -0.363940 0.200816 -0.009289
-1.033835 0.154925 -1.101026 0.201300 -0.017546
1.420745 0.042700 1.617105 0.054570 -0.005004
-0.920795 0.176370 -1.045902 0.257951 -0.023126
-1.236715 0.106300 -1.382291 0.247516 -0.007712
-0.557775 0.128930 -0.972799 0.273488 -0.021454
-0.526245 0.113110 -0.971272 0.224321 -0.015737
0.923315 0.033885 1.230495 0.026430 0.000059
1.239315 0.042800 1.412875 0.135260 -0.001000
0.078526 0.068120 0.339951 0.161578 -0.001685
-0.053635 0.030350 -0.099824 0.143972 -0.003691
0.688605 0.067280 0.400483 0.136671 -0.007487
-0.281915 0.050935 -0.055794 0.060379 0.000111
-0.705835 0.132810 -0.970046 0.280779 -0.019700
-0.205475 0.107595 0.014714 0.163789 -0.004231
-0.518785 0.087410 -0.566712 0.197067 -0.004889
-0.994295 0.164840 -1.114264 0.243236 -0.012914
-0.708475 0.072230 -0.610545 0.199004 -0.001262
-1.049865 0.121455 -0.564981 0.082781 -0.006928
0.158355 0.083175 0.503470 0.097472 -0.004222
-0.723065 0.143620 -1.226960 0.280199 -0.029046
0.773295 0.032970 0.769245 0.151655 -0.002946
-0.925545 0.122385 -0.781694 0.204871 0.002923
-0.630835 0.192965 -0.149527 0.114700 -0.016651
-0.575965 0.067580 -0.729512 0.311904 -0.012840
-0.552045 0.055040 -0.357327 0.103094 -0.000332
-1.000215 0.063475 -0.956035 0.181136 -0.003279
0.596115 0.049055 0.979875 0.046070 -0.000240
-1.035275 0.115200 -1.279489 0.285694 -0.013245
0.699535 0.084855 0.919505 0.166150 -0.002553
-0.749395 0.071355 -0.626452 0.224075 -0.000737
0.221766 0.019265 0.358654 0.060856 -0.000062
-0.401275 0.036255 -0.457987 0.129327 -0.003249
0.088295 0.035610 0.302483 0.063353 0.000218
-1.319535 0.174515 -1.305923 0.211120 -0.016529
-0.728675 0.124410 -0.849472 0.221215 -0.009906
-0.035145 0.138985 -0.410473 0.424073 -0.043706
0.627175 0.055080 0.882995 0.135075 -0.001531
-0.781865 0.172905 -1.054008 0.298611 -0.028529
-0.320795 0.053215 -0.089129 0.070567 0.000829
-0.836635 0.102850 -1.264007 0.174515 -0.009816
-0.445565 0.099330 -0.576252 0.268185 -0.008175
0.139666 0.069505 0.608505 0.096242 -0.002307
0.825726 0.045325 1.081235 0.058975 0.000064
-1.059905 0.183155 -1.163141 0.214438 -0.018705
-0.237605 0.077805 -0.108857 0.159913 -0.003046
0.476105 0.046590 0.605935 0.145378 -0.000598
0.639825 0.083895 0.801645 0.177925 0.000373
-0.122615 0.100205 -0.421408 0.190246 -0.010819
0.162635 0.027225 0.380149 0.036941 0.000054
0.905885 0.061450 1.197045 0.155515 -0.000772
-0.992235 0.271315 -1.051964 0.216092 -0.042185
0.001095 0.076850 -0.330231 0.283254 -0.016047
-0.851855 0.083765 -0.715480 0.194418 0.003624
1.270365 0.022575 1.432835 0.057415 -0.000380
-0.485015 0.083345 -0.779068 0.292920 -0.012197
-1.453515 0.142685 -1.055227 0.101485 -0.008655
-0.025535 0.032490 -0.123202 0.083582 -0.002245
-0.401345 0.061945 0.035384 0.124859 -0.002040
0.312945 0.023500 0.492257 0.051525 -0.000103
-0.414235 0.105645 -0.911425 0.286689 -0.021221
-0.504405 0.150220 -0.618160 0.260193 -0.015752
1.453245 0.027400 1.787155 0.024440 -0.000298
0.336555 0.060230 0.679295 0.163073 0.000633
-1.082275 0.116450 -1.161124 0.258745 -0.011603
-0.610354 0.087325 -0.504875 0.217799 0.001910
0.740315 0.037015 0.956105 0.048395 -0.000441
-0.173625 0.108135 -0.570154 0.240981 -0.015982
0.703185 0.054470 1.089765 0.041780 0.000405
-0.255935 0.126985 -0.563357 0.339927 -0.031196
0.819525 0.038915 0.977305 0.107825 -0.003369
1.424945 0.043550 1.686145 0.029605 -0.002639
-0.509795 0.152090 -0.630143 0.223129 -0.016187
0.870155 0.068115 1.211365 0.049290 -0.000253
0.926595 0.039935 1.194615 0.039070 -0.000377
-0.315675 0.030715 -0.139224 0.054857 -0.000016
1.006775 0.037170 1.243805 0.029210 0.000025
-0.352135 0.133165 -0.261787 0.154299 -0.007639
-1.122745 0.146210 -0.702636 0.106042 -0.007032
0.170905 0.072755 0.411840 0.048806 0.002906
0.871185 0.052640 0.995985 0.129010 -0.006127
1.029635 0.031505 1.251495 0.035220 -0.000006
1.262355 0.025445 1.397585 0.056585 -0.002574
1.016755 0.039345 1.300095 0.029290 0.000283
1.165956 0.032320 1.511575 0.024625 0.000217
1.514845 0.036450 1.699765 0.049695 -0.009317
0.256655 0.027590 0.401416 0.045819 0.000134
0.952305 0.038520 1.240785 0.025085 -0.000162
0.837985 0.057240 1.184515 0.093060 -0.001943
2.181245 0.019550 2.196485 0.048985 -0.003954
2.135945 0.027500 2.321835 0.038670 0.000575
0.548306 0.026465 0.709255 0.051405 -0.000279
0.715305 0.040745 0.935255 0.041775 -0.000084
1.151845 0.028800 1.273795 0.063660 0.000053
0.943766 0.053020 1.146905 0.173345 -0.004020
1.047445 0.061705 1.340735 0.072245 0.000967
1.362345 0.019310 1.455715 0.032210 0.000038
0.639815 0.054360 1.014165 0.081475 -0.000696
0.646145 0.053225 0.974535 0.049170 -0.000670
0.875315 0.057830 1.039775 0.144250 -0.002398
0.699195 0.049670 1.020525 0.039230 0.000063
0.834115 0.040925 0.796315 0.178625 -0.002429
1.168145 0.054070 1.389385 0.062605 -0.002568
0.707786 0.066435 0.958785 0.059985 -0.001064
-0.146365 0.282475 -0.101575 0.229788 -0.038328
0.304325 0.081145 0.459950 0.142506 0.002141
0.664675 0.036240 0.804885 0.078150 -0.000442
0.887635 0.022290 1.019355 0.048085 -0.000039
0.776185 0.058820 1.068025 0.085390 -0.001421
1.381946 0.023450 1.528485 0.045140 -0.000055
1.106135 0.037245 1.451445 0.027465 -0.000003
0.746776 0.042540 1.104975 0.029560 0.000431
0.781635 0.062585 1.021515 0.063700 -0.003990
1.595945 0.310300 1.336595 0.298180 -0.065597
0.737656 0.111265 0.978885 0.116950 -0.008069
0.509165 0.066790 0.804355 0.153950 -0.001386
1.315425 0.018325 1.328215 0.047090 0.000121
1.455646 0.065350 1.662095 0.178650 -0.002255
1.522346 0.026300 1.590735 0.053670 -0.014916
1.269025 0.032095 1.514965 0.024935 0.000088
0.980515 0.050890 1.307015 0.043620 0.000386
1.244625 0.040605 1.554895 0.035420 -0.000591
1.085355 0.037110 1.421505 0.028180 0.000260
1.211645 0.027100 1.362695 0.048440 -0.000193
-0.055785 0.115385 -0.115455 0.260522 -0.010942
0.606105 0.083225 0.980955 0.140680 -0.000214
0.223485 0.337265 0.169612 0.311401 -0.079569
0.431095 0.058410 0.750825 0.048520 0.000323
1.539946 0.066300 1.821605 0.092115 0.000791
1.951145 0.051350 2.046465 0.114695 -0.009474
0.757205 0.021805 0.845875 0.048705 0.000025
1.447345 0.067750 1.763785 0.050360 -0.001048
0.979605 0.080335 0.609725 0.227718 -0.012552
1.193365 0.043030 1.497155 0.045310 -0.001071
1.539445 0.042550 1.791345 0.024040 -0.002013
0.849175 0.064785 1.062245 0.103560 -0.008090
1.157445 0.044425 1.475975 0.029550 0.000110
-0.609015 0.186845 -1.035999 0.234089 -0.030806
-0.633355 0.217545 -0.681257 0.231815 -0.030757
-0.547705 0.157155 -0.760254 0.244215 -0.020303
-1.278135 0.223800 -1.286026 0.250917 -0.030892
-1.565895 0.208965 -1.528535 0.211481 -0.019613
-0.688095 0.163615 -0.726066 0.226135 -0.016721
-1.299225 0.190390 -1.449918 0.246894 -0.024081
-1.934455 0.191100 -1.597115 0.120900 -0.005814
-0.793265 0.189840 -1.199521 0.302799 -0.023289
-0.985805 0.258825 -1.029833 0.246592 -0.035898
-1.247755 0.169545 -1.446482 0.239041 -0.021371
-1.617875 0.268750 -1.290940 0.182528 -0.030435
-1.181805 0.148550 -1.356711 0.234118 -0.017563
-1.525405 0.181345 -1.621965 0.221503 -0.017111
-0.884345 0.139735 -1.031094 0.253943 -0.014037
-1.551015 0.181460 -1.684715 0.235416 -0.019981
-1.108025 0.116970 -1.165260 0.252993 -0.004570
-1.235075 0.149775 -0.887172 0.125455 -0.001071
-0.957565 0.267680 -0.820756 0.190254 -0.019074
