# x,xerr,y,yerr,ymodel,yresidual
0.914545 0.115690 1.051595 0.182695 1.005845 0.045750
0.981425 0.056140 1.204495 0.075880 1.076656 0.127839
1.024005 0.052515 1.005915 0.276360 1.121739 -0.115824
1.073175 0.044090 1.379585 0.045685 1.173800 0.205785
0.965605 0.037210 1.285935 0.025365 1.059906 0.226029
1.087115 0.027585 1.260465 0.051815 1.188559 0.071906
1.426846 0.037150 1.678515 0.063740 1.548259 0.130255
0.831955 0.031850 1.038525 0.042895 0.918400 0.120125
0.475115 0.048855 0.821735 0.034330 0.540584 0.281151
0.843905 0.073055 1.221825 0.070625 0.931053 0.290772
1.021185 0.041595 1.115005 0.137625 1.118753 -0.003748
1.356845 0.043245 1.588325 0.032665 1.474144 0.114181
1.360146 0.021815 1.499325 0.050370 1.477639 0.021686
1.857845 0.052600 2.067285 0.045375 2.004595 0.062690
1.816445 0.043550 1.811285 0.156355 1.960761 -0.149476
0.470756 0.033855 0.807035 0.027960 0.535968 0.271067
1.369946 0.040210 1.529265 0.078115 1.488015 0.041250
0.779725 0.046095 1.068025 0.025620 0.863100 0.204925
1.040775 0.043035 1.326955 0.027540 1.139495 0.187460
0.532915 0.086910 0.584795 0.179664 0.601782 -0.016987
1.412645 0.024450 1.615875 0.024880 1.533225 0.082650
0.939085 0.034940 1.186215 0.028725 1.031827 0.154388
1.198885 0.058300 1.098915 0.269720 1.306899 -0.207984
1.263435 0.045145 1.256415 0.239720 1.375244 -0.118829
0.242945 0.108555 0.454888 0.164114 0.294766 0.160122
0.437085 0.069285 0.442864 0.160442 0.500319 -0.057455
0.034105 0.119080 0.353192 0.128388 0.073651 0.279541
1.275785 0.045905 1.534635 0.032840 1.388320 0.146315
1.074716 0.034810 1.289005 0.039520 1.175430 0.113575
1.049735 0.040665 1.112865 0.250030 1.148982 -0.036117
0.048085 0.142340 -0.240289 0.401760 0.088452 -0.328741
1.095045 0.045465 1.314165 0.050515 1.196955 0.117210
1.175885 0.044050 1.499895 0.035125 1.282547 0.217348
0.877675 0.037265 1.367715 0.041495 0.966807 0.400908
0.529426 0.059145 0.837095 0.059755 0.598087 0.239008
0.737266 0.035240 1.064195 0.023790 0.818144 0.246051
2.365245 0.032900 2.269855 0.120925 2.541820 -0.271965
0.462115 0.072590 0.733835 0.161835 0.526820 0.207015
1.017885 0.037240 1.298185 0.025335 1.115259 0.182926
1.160385 0.022140 1.322775 0.046120 1.266136 0.056639
0.916105 0.035640 1.257265 0.024230 1.007497 0.249768
1.827045 0.034950 1.986505 0.048515 1.971984 0.014521
0.745765 0.079795 0.886655 0.114400 0.827143 0.059512
2.395246 0.035200 1.286725 0.043915 2.573584 -1.286859
0.246185 0.047130 0.331250 0.123293 0.298197 0.033053
0.791175 0.033740 0.990065 0.038880 0.875223 0.114842
0.176045 0.051650 0.349271 0.177518 0.223934 0.125337
1.168665 0.036085 1.503215 0.022760 1.274902 0.228313
-1.120695 0.178510 -0.859268 0.139148 -1.149031 0.289763
-0.590605 0.116555 -0.752076 0.201314 -0.587782 -0.164294
0.395135 0.057450 0.727895 0.054875 0.455902 0.271993
0.209975 0.028260 0.308450 0.075005 0.259859 0.048591
-0.705935 0.147205 -0.826404 0.198568 -0.709891 -0.116513
-0.249465 0.117480 -0.826380 0.217418 -0.226589 -0.599791
-0.776045 0.129875 -0.485177 0.169577 -0.784122 0.298945
0.737266 0.026700 0.957695 0.032160 0.818144 0.139551
-0.052985 0.039665 0.029405 0.127948 -0.018559 0.047964
0.170526 0.053295 -0.021905 0.223888 0.218090 -0.239995
-1.159165 0.203985 -0.437332 0.109192 -1.189763 0.752431
0.757375 0.049465 0.959395 0.063265 0.839436 0.119959
1.610445 0.036600 1.805795 0.056970 1.742651 0.063144
-0.579064 0.113535 -0.298518 0.158835 -0.575563 0.277045
-0.136175 0.132885 -0.074033 0.117183 -0.106639 0.032606
0.897375 0.019225 1.029985 0.037805 0.987665 0.042319
0.101066 0.122500 0.376729 0.112895 0.144547 0.232182
-0.528025 0.113365 -0.337434 0.170500 -0.521523 0.184089
0.093725 0.060190 0.123793 0.207101 0.136775 -0.012982
-0.250565 0.143415 -0.862366 0.216009 -0.227753 -0.634613
0.414145 0.090565 -0.004289 0.256355 0.476030 -0.480319
0.256435 0.063920 0.567825 0.074743 0.309050 0.258775
-0.097835 0.067600 0.097247 0.160663 -0.066045 0.163292
1.301055 0.035960 1.496135 0.043685 1.415075 0.081060
-0.425455 0.127505 -0.415439 0.163264 -0.412924 -0.002515
0.324115 0.058550 0.515068 0.111818 0.380708 0.134360
-0.573464 0.108970 -0.757356 0.273459 -0.569634 -0.187722
-0.949905 0.236840 -0.306677 0.123043 -0.968202 0.661525
-0.473084 0.096285 -0.887729 0.152858 -0.463353 -0.424376
-0.639425 0.126975 -0.929506 0.211727 -0.639472 -0.290034
-0.185055 0.136435 -0.828787 0.275135 -0.158392 -0.670395
-0.364695 0.113290 -0.554170 0.266800 -0.348592 -0.205578
0.136565 0.069480 -0.183374 0.245292 0.182133 -0.365507
1.295506 0.023940 1.456485 0.056020 1.409199 0.047286
0.438166 0.053580 0.556585 0.148862 0.501463 0.055122
0.462055 0.021815 0.609635 0.052830 0.526756 0.082879
-0.250395 0.084130 -0.186561 0.152442 -0.227573 0.041012
-0.353675 0.114545 -0.431283 0.237978 -0.336924 -0.094358
-0.015215 0.106300 -0.543637 0.224711 0.021431 -0.565068
1.316586 0.019535 1.484435 0.036510 1.431518 0.052917
-0.276484 0.090300 0.047317 0.150009 -0.255196 0.302513
0.759336 0.060070 0.493260 0.221149 0.841512 -0.348252
0.324235 0.056470 0.531670 0.042643 0.380835 0.150835
-0.678615 0.114230 0.013510 0.066886 -0.680965 0.694475
-0.611805 0.138540 -0.102407 0.093134 -0.610228 0.507821
0.361995 0.073960 0.041659 0.232219 0.420814 -0.379155
-0.391115 0.142970 -0.389411 0.154871 -0.376565 -0.012846
0.192375 0.041530 0.374375 0.060222 0.241224 0.133151
0.531896 0.045490 0.628745 0.210652 0.600702 0.028043
0.883465 0.030610 1.254715 0.022280 0.972937 0.281778
-0.971575 0.110050 -0.684624 0.102609 -0.991146 0.306522
-0.478815 0.067465 -0.592480 0.238483 -0.469421 -0.123059
-1.165115 0.103210 -1.092797 0.234109 -1.196063 0.103266
0.206235 0.059770 0.450300 0.073706 0.255898 0.194402
-0.718405 0.082335 -0.563147 0.206261 -0.723094 0.159947
-0.547725 0.079215 -0.797301 0.164518 -0.542381 -0.254920
0.161865 0.049795 0.458148 0.033912 0.208921 0.249227
-0.130205 0.098720 -0.179152 0.220873 -0.100318 -0.078834
-0.771715 0.291640 -0.844281 0.224481 -0.779538 -0.064743
0.916975 0.020470 1.013795 0.048155 1.008417 0.005378
0.923275 0.033510 1.259435 0.030905 1.015088 0.244347
0.013295 0.056200 0.269652 0.052899 0.051617 0.218035
0.152195 0.060355 0.460327 0.043201 0.198682 0.261645
0.402015 0.036145 0.617085 0.051630 0.463187 0.153898
0.545876 0.039950 0.822865 0.036015 0.615504 0.207361
0.254835 0.075895 0.285544 0.243658 0.307355 -0.021811
-0.028214 0.068370 -0.358441 0.080522 0.007667 -0.366109
0.830205 0.034915 1.114725 0.024825 0.916547 0.198178
-0.811105 0.108690 -1.030789 0.279395 -0.821243 -0.209546
-0.886435 0.154310 -0.607559 0.137173 -0.901001 0.293442
-0.745825 0.099035 -0.551064 0.107420 -0.752126 0.201061
1.116945 0.072455 1.184205 0.118080 1.220142 -0.035938
-0.014094 0.082480 -0.404804 0.291793 0.022618 -0.427421
-0.660305 0.063320 -0.484832 0.107325 -0.661579 0.176747
0.271225 0.098345 -0.364665 0.212095 0.324709 -0.689373
0.009115 0.089245 -0.474647 0.175658 0.047191 -0.521839
0.711295 0.055420 1.025395 0.039440 0.790647 0.234748
-0.458694 0.131520 -0.281394 0.134088 -0.448117 0.166723
0.137785 0.079805 -0.227453 0.263488 0.183425 -0.410878
1.322505 0.070100 1.478765 0.216490 1.437786 0.040980
0.371165 0.023565 0.453956 0.077790 0.430524 0.023432
-0.133075 0.067400 -0.250263 0.218729 -0.103357 -0.146906
-0.983225 0.101055 -1.291917 0.308735 -1.003481 -0.288436
0.078715 0.051605 -0.026240 0.154564 0.120883 -0.147123
-1.000095 0.125000 -1.195254 0.305375 -1.021343 -0.173912
0.199395 0.036530 0.203152 0.126064 0.248657 -0.045505
-0.230895 0.052235 -0.061945 0.138650 -0.206927 0.144982
-0.214905 0.098670 -0.476231 0.153772 -0.189997 -0.286234
0.341695 0.041955 0.550815 0.152705 0.399321 0.151494
-0.354705 0.034230 -0.380374 0.084369 -0.338015 -0.042359
0.080695 0.105745 0.004289 0.194712 0.122979 -0.118690
-0.667305 0.081445 -0.815032 0.246131 -0.668990 -0.146042
-0.001095 0.083055 -0.132266 0.196194 0.036381 -0.168647
0.434296 0.024265 0.625835 0.038935 0.497365 0.128470
-0.420355 0.116375 -0.308583 0.206937 -0.407524 0.098941
0.926615 0.080555 1.189905 0.077885 1.018624 0.171281
-0.058885 0.134805 -0.573554 0.195129 -0.024806 -0.548748
2.347245 0.052000 1.380335 0.075770 2.522763 -1.142428
-0.465605 0.119685 -0.319286 0.168208 -0.455434 0.136148
-1.481805 0.102495 -1.317926 0.195205 -1.531368 0.213443
-1.072015 0.145270 -0.794338 0.158375 -1.097490 0.303152
-0.514165 0.075650 -0.375380 0.222324 -0.506848 0.131469
0.942505 0.036565 1.256815 0.042365 1.035448 0.221367
-0.123565 0.094040 -0.148623 0.228084 -0.093288 -0.055335
-0.872115 0.183475 -1.027751 0.245528 -0.885839 -0.141912
0.640495 0.029825 0.746805 0.083930 0.715686 0.031119
-0.033345 0.041030 -0.110677 0.142390 0.002235 -0.112912
-0.897785 0.172590 -0.956610 0.212020 -0.913018 -0.043592
-0.213605 0.146860 -0.008582 0.166211 -0.188621 0.180039
0.050076 0.050005 0.205803 0.188315 0.090560 0.115243
-0.109905 0.063075 0.141591 0.083180 -0.078825 0.220416
-0.819785 0.090395 -0.043157 0.050299 -0.830433 0.787276
0.638505 0.021315 0.850515 0.027925 0.713578 0.136937
-0.602705 0.040965 -0.493469 0.173198 -0.600593 0.107124
0.684615 0.029925 1.000485 0.020865 0.762399 0.238086
0.867505 0.047875 0.994325 0.241240 0.956040 0.038285
1.458345 0.022850 1.645505 0.032685 1.581611 0.063894
-1.013485 0.149420 -1.223666 0.292760 -1.035520 -0.188146
-0.114085 0.089390 -0.012890 0.155119 -0.083251 0.070361
0.108685 0.049875 0.306826 0.072247 0.152615 0.154211
0.656825 0.027775 0.866195 0.039230 0.732975 0.133220
-0.566925 0.110625 -0.768181 0.205399 -0.562710 -0.205471
0.339855 0.043935 0.284484 0.223706 0.397373 -0.112889
0.239785 0.048535 0.347808 0.160894 0.291421 0.056387
-0.506115 0.139540 -0.673850 0.169057 -0.498325 -0.175525
-0.141155 0.043905 -0.100120 0.122018 -0.111912 0.011792
-0.133164 0.069190 -0.044695 0.158176 -0.103452 0.058757
-0.034485 0.074485 -0.129234 0.245090 0.001028 -0.130263
-0.862635 0.217645 -1.007963 0.260830 -0.875802 -0.132161
0.038655 0.044275 0.238049 0.062340 0.078468 0.159581
-0.324585 0.180990 -0.284140 0.211894 -0.306124 0.021984
-0.469015 0.063000 -0.422900 0.215428 -0.459045 0.036144
0.420985 0.054920 0.822615 0.116845 0.483272 0.339343
0.785945 0.027820 0.986635 0.044940 0.869685 0.116950
-0.910325 0.079875 -1.026360 0.301733 -0.926295 -0.100065
0.413205 0.065715 0.390471 0.151348 0.475035 -0.084564
-0.571065 0.054050 -0.431674 0.248463 -0.567093 0.135420
-1.012635 0.189980 -0.549384 0.111983 -1.034619 0.485236
-0.866105 0.157755 -0.502915 0.098908 -0.879476 0.376561
-0.656445 0.178545 -0.377720 0.137743 -0.657492 0.279772
0.085586 0.097755 -0.603149 0.210758 0.128157 -0.731306
-1.324165 0.285475 -1.291386 0.255506 -1.364462 0.073076
0.507155 0.027845 0.751895 0.031075 0.574508 0.177387
-0.343385 0.047115 -0.284109 0.185995 -0.326029 0.041920
-1.267185 0.132695 -1.497495 0.253644 -1.304133 -0.193362
0.169235 0.027620 0.169120 0.126986 0.216724 -0.047604
-0.984065 0.159850 -1.330232 0.251337 -1.004370 -0.325862
-0.529605 0.107860 -0.915361 0.353787 -0.523196 -0.392165
-0.721715 0.094170 -0.555729 0.189582 -0.726599 0.170870
-0.524155 0.148675 -0.509012 0.202487 -0.517425 0.008414
0.307375 0.093085 0.135354 0.136277 0.362984 -0.227630
-0.359205 0.151435 -0.246350 0.151485 -0.342780 0.096430
-1.393935 0.211325 -0.668597 0.123731 -1.438333 0.769736
2.567445 0.031350 1.901125 0.093020 2.755906 -0.854781
-0.213585 0.159225 -0.150068 0.206637 -0.188599 0.038531
-0.739055 0.081930 -0.874535 0.313246 -0.744958 -0.129577
-1.299855 0.182810 -1.325249 0.214803 -1.338723 0.013474
-0.444264 0.148200 -0.454262 0.162228 -0.432839 -0.021423
0.035645 0.073250 -0.240669 0.247278 0.075281 -0.315950
-0.190885 0.048645 0.029093 0.095189 -0.164565 0.193658
-0.890075 0.071360 -0.926857 0.233931 -0.904855 -0.022002
-0.746775 0.051825 -0.528476 0.068146 -0.753132 0.224656
-0.758445 0.182045 -0.664544 0.173116 -0.765488 0.100944
-0.415834 0.094130 -0.546390 0.215779 -0.402738 -0.143652
-0.692185 0.104790 -1.004817 0.292812 -0.695333 -0.309484
-0.807595 0.070300 -1.051669 0.206957 -0.817527 -0.234142
-0.659335 0.098845 -1.065185 0.290776 -0.660552 -0.404634
-0.257695 0.073220 -0.444375 0.282363 -0.235303 -0.209072
-0.637595 0.160710 -0.495934 0.166308 -0.637534 0.141600
-0.522224 0.209345 -0.803218 0.228425 -0.515382 -0.287836
0.131525 0.089090 -0.412900 0.252851 0.176797 -0.589697
-0.182945 0.104685 -0.425246 0.194239 -0.156159 -0.269088
1.095355 0.053160 1.321595 0.144990 1.197283 0.124312
0.437335 0.065160 0.677855 0.088220 0.500583 0.177272
-0.948465 0.241490 -0.539360 0.131943 -0.966678 0.427318
0.404855 0.048715 0.100224 0.083214 0.466194 -0.365970
0.138926 0.053605 0.177382 0.206619 0.184632 -0.007250
-0.456425 0.062260 -0.563332 0.277097 -0.445714 -0.117618
-0.776695 0.159045 -0.996816 0.267644 -0.784810 -0.212006
-0.089994 0.033745 0.194946 0.038567 -0.057744 0.252690
-0.598555 0.097130 -0.849338 0.270184 -0.596199 -0.253139
0.546715 0.044670 0.766695 0.047760 0.616392 0.150303
0.914186 0.021690 1.139965 0.025650 1.005464 0.134501
0.278345 0.020940 0.316860 0.068874 0.332247 -0.015387
-1.159265 0.194040 -1.093422 0.198109 -1.189869 0.096447
-0.368765 0.081470 -0.628007 0.263059 -0.352901 -0.275106
0.640765 0.027065 0.853785 0.033930 0.715971 0.137814
-0.523195 0.054540 -0.555352 0.250309 -0.516410 -0.038943
-0.082595 0.099795 -0.386882 0.321211 -0.049910 -0.336973
-1.216605 0.135295 -1.267767 0.265069 -1.250579 -0.017188
-0.038605 0.022465 0.073739 0.056434 -0.003334 0.077073
-1.424625 0.289785 -1.479895 0.262459 -1.470827 -0.009068
1.233685 0.028625 1.122815 0.115400 1.343745 -0.220930
1.645545 0.072500 1.767115 0.283355 1.779815 -0.012700
-0.617245 0.119135 -1.208961 0.302680 -0.615987 -0.592974
-0.911945 0.148925 -0.733375 0.164608 -0.928011 0.194636
-0.517405 0.126095 -0.263172 0.150181 -0.510278 0.247106
-0.847025 0.145375 -1.100788 0.282168 -0.859275 -0.241513
0.059245 0.020590 0.155196 0.066978 0.100268 0.054928
-1.644915 0.028885 -0.099346 0.119934 -1.704066 1.604720
-0.235145 0.039840 -0.152100 0.180366 -0.211427 0.059326
-0.003195 0.077335 0.091760 0.203539 0.034158 0.057602
0.732805 0.028305 0.944215 0.033865 0.813422 0.130793
-0.793565 0.122890 -0.871729 0.258244 -0.802672 -0.069057
-0.880655 0.054685 -0.657614 0.054899 -0.894881 0.237267
-0.838955 0.126130 -1.164403 0.300007 -0.850730 -0.313673
-0.446525 0.115300 -0.971821 0.340504 -0.435232 -0.536589
-0.337005 0.050765 -0.358093 0.243131 -0.319274 -0.038818
-0.374525 0.097465 -0.696221 0.293185 -0.359000 -0.337221
0.911305 0.038475 1.100225 0.064885 1.002415 0.097810
-0.526705 0.091915 -0.882600 0.340517 -0.520125 -0.362475
-0.853105 0.135395 -1.190872 0.225582 -0.865712 -0.325160
-0.157285 0.049555 -0.394022 0.131184 -0.128990 -0.265032
-0.178325 0.040450 0.037024 0.046706 -0.151267 0.188291
0.454226 0.023770 0.682565 0.023135 0.518466 0.164099
-0.969485 0.104685 -0.710955 0.154075 -0.988933 0.277978
-1.211075 0.116835 -1.030331 0.117389 -1.244724 0.214393
-0.299205 0.059195 -0.450841 0.266989 -0.279252 -0.171589
-0.602634 0.066580 -0.649581 0.249615 -0.600518 -0.049063
-0.618794 0.107780 -0.910212 0.306967 -0.617628 -0.292584
-0.187515 0.045600 -0.006549 0.078774 -0.160997 0.154448
-0.276655 0.074540 -0.494064 0.258307 -0.255377 -0.238687
-0.319855 0.058140 -0.389991 0.285830 -0.301116 -0.088875
-0.262725 0.131425 -0.196193 0.150830 -0.240628 0.044435
-0.182455 0.108640 -0.604322 0.176641 -0.155640 -0.448682
0.367305 0.042210 0.709435 0.040310 0.426436 0.282999
-1.123185 0.149740 -1.292827 0.257109 -1.151668 -0.141159
0.678865 0.053160 0.890795 0.124100 0.756311 0.134484
-0.289275 0.130240 -1.061539 0.240517 -0.268739 -0.792800
-0.530065 0.108215 -0.877257 0.266611 -0.523683 -0.353574
1.575445 0.023350 1.732145 0.034540 1.705594 0.026551
1.281446 0.020925 1.434635 0.040805 1.394313 0.040323
-0.428835 0.054980 -0.492376 0.294109 -0.416502 -0.075873
-0.263675 0.050730 -0.330846 0.270966 -0.241634 -0.089212
-1.036415 0.160055 -1.127377 0.216701 -1.059797 -0.067580
-1.010175 0.064895 -0.954097 0.218396 -1.032015 0.077918
0.104225 0.139350 -0.684242 0.284163 0.147892 -0.832134
-0.037935 0.037400 0.160912 0.060160 -0.002625 0.163537
-0.497285 0.068940 -0.815795 0.277333 -0.488976 -0.326819
-0.519355 0.133570 -0.611333 0.216318 -0.512343 -0.098990
0.805845 0.039150 0.976915 0.057255 0.890755 0.086160
1.187085 0.033025 1.429505 0.040450 1.294405 0.135100
0.235456 0.033465 0.513017 0.054550 0.286837 0.226180
0.656415 0.031370 0.813535 0.062115 0.732541 0.080994
0.269905 0.037740 0.510820 0.042313 0.323311 0.187509
0.649446 0.053490 0.963975 0.173055 0.725162 0.238813
-1.207805 0.169295 -1.033693 0.158002 -1.241262 0.207569
-0.277645 0.114265 -0.513941 0.257526 -0.256425 -0.257516
-0.395385 0.101140 -0.715231 0.307904 -0.381086 -0.334145
-0.313765 0.039005 -0.391375 0.125032 -0.294668 -0.096707
-0.293215 0.025620 -0.165931 0.077657 -0.272910 0.106979
0.788965 0.049260 1.232865 0.038865 0.872883 0.359982
-0.081904 0.106260 -0.284034 0.332756 -0.049178 -0.234856
-0.061854 0.078045 -0.441296 0.293418 -0.027950 -0.413346
-0.969185 0.069705 -0.963709 0.243676 -0.988616 0.024907
-0.268055 0.091565 -0.363940 0.200816 -0.246271 -0.117669
-1.033835 0.154925 -1.101026 0.201300 -1.057066 -0.043960
1.420745 0.042700 1.617105 0.054570 1.541800 0.075305
-0.920795 0.176370 -1.045902 0.257951 -0.937381 -0.108521
-1.236715 0.106300 -1.382291 0.247516 -1.271872 -0.110420
-0.557775 0.128930 -0.972799 0.273488 -0.553021 -0.419778
-0.526245 0.113110 -0.971272 0.224321 -0.519639 -0.451633
0.923315 0.033885 1.230495 0.026430 1.015130 0.215365
1.239315 0.042800 1.412875 0.135260 1.349705 0.063169
0.078526 0.068120 0.339951 0.161578 0.120682 0.219269
-0.053635 0.030350 -0.099824 0.143972 -0.019247 -0.080577
-0.569765 0.135120 -1.195855 0.286301 -0.565717 -0.630138
0.688605 0.067280 0.400483 0.136671 0.766624 -0.366141
-0.281915 0.050935 -0.055794 0.060379 -0.260946 0.205152
-0.705835 0.132810 -0.970046 0.280779 -0.709785 -0.260261
-0.205475 0.107595 0.014714 0.163789 -0.180013 0.194727
-0.303545 0.085330 -0.891711 0.200408 -0.283848 -0.607863
-0.518785 0.087410 -0.566712 0.197067 -0.511739 -0.054973
-0.994295 0.164840 -1.114264 0.243236 -1.015201 -0.099063
-0.708475 0.072230 -0.610545 0.199004 -0.712580 0.102035
-0.088545 0.103220 -0.644266 0.282057 -0.056209 -0.588057
-1.049865 0.121455 -0.564981 0.082781 -1.074038 0.509057
0.158355 0.083175 0.503470 0.097472 0.205204 0.298266
1.935145 0.052100 0.907635 0.069450 2.086438 -1.178803
-0.723065 0.143620 -1.226960 0.280199 -0.728028 -0.498932
0.773295 0.032970 0.769245 0.151655 0.856292 -0.087047
-0.925545 0.122385 -0.781694 0.204871 -0.942410 0.160716
-0.630835 0.192965 -0.149527 0.114700 -0.630376 0.480849
-0.575965 0.067580 -0.729512 0.311904 -0.572281 -0.157231
-0.552045 0.055040 -0.357327 0.103094 -0.546955 0.189628
-1.000215 0.063475 -0.956035 0.181136 -1.021469 0.065434
0.596115 0.049055 0.979875 0.046070 0.668697 0.311178
-1.035275 0.115200 -1.279489 0.285694 -1.058591 -0.220899
0.699535 0.084855 0.919505 0.166150 0.778196 0.141309
-0.749395 0.071355 -0.626452 0.224075 -0.755906 0.129454
0.221766 0.019265 0.358654 0.060856 0.272342 0.086312
-0.401275 0.036255 -0.457987 0.129327 -0.387322 -0.070665
0.088295 0.035610 0.302483 0.063353 0.131026 0.171457
-1.319535 0.174515 -1.305923 0.211120 -1.359560 0.053637
-0.728675 0.124410 -0.849472 0.221215 -0.733968 -0.115504
-0.035145 0.138985 -0.410473 0.424073 0.000330 -0.410803
0.627175 0.055080 0.882995 0.135075 0.701583 0.181412
-0.781865 0.172905 -1.054008 0.298611 -0.790284 -0.263724
-0.320795 0.053215 -0.089129 0.070567 -0.302112 0.212983
-0.836635 0.102850 -1.264007 0.174515 -0.848274 -0.415733
-0.445565 0.099330 -0.576252 0.268185 -0.434216 -0.142036
0.139666 0.069505 0.608505 0.096242 0.185416 0.423089
0.825726 0.045325 1.081235 0.058975 0.911804 0.169431
-1.059905 0.183155 -1.163141 0.214438 -1.084668 -0.078473
-0.237605 0.077805 -0.108857 0.159913 -0.214032 0.105175
0.476105 0.046590 0.605935 0.145378 0.541632 0.064303
0.639825 0.083895 0.801645 0.177925 0.714976 0.086669
-0.122615 0.100205 -0.421408 0.190246 -0.092282 -0.329126
0.162635 0.027225 0.380149 0.036941 0.209735 0.170414
0.905885 0.061450 1.197045 0.155515 0.996675 0.200370
-0.992235 0.271315 -1.051964 0.216092 -1.013020 -0.038944
0.001095 0.076850 -0.330231 0.283254 0.038700 -0.368931
-0.851855 0.083765 -0.715480 0.194418 -0.864388 0.148908
1.270365 0.022575 1.432835 0.057415 1.382580 0.050255
-0.485015 0.083345 -0.779068 0.292920 -0.475985 -0.303083
-1.453515 0.142685 -1.055227 0.101485 -1.501415 0.446188
-0.025535 0.032490 -0.123202 0.083582 0.010505 -0.133707
-0.401345 0.061945 0.035384 0.124859 -0.387397 0.422781
0.312945 0.023500 0.492257 0.051525 0.368882 0.123375
-0.414235 0.105645 -0.911425 0.286689 -0.401044 -0.510381
-0.504405 0.150220 -0.618160 0.260193 -0.496515 -0.121645
-0.684805 0.146320 -1.316803 0.272961 -0.687519 -0.629284
1.453245 0.027400 1.787155 0.024440 1.576211 0.210944
0.336555 0.060230 0.679295 0.163073 0.393880 0.285415
-1.082275 0.116450 -1.161124 0.258745 -1.108353 -0.052771
-0.610354 0.087325 -0.504875 0.217799 -0.608692 0.103818
2.438846 0.097050 1.480255 0.127690 2.619747 -1.139492
0.740315 0.037015 0.956105 0.048395 0.821373 0.134732
-0.173625 0.108135 -0.570154 0.240981 -0.146291 -0.423863
0.703185 0.054470 1.089765 0.041780 0.782060 0.307705
-0.255935 0.126985 -0.563357 0.339927 -0.233439 -0.329918
0.819525 0.038915 0.977305 0.107825 0.905239 0.072066
1.424945 0.043550 1.686145 0.029605 1.546247 0.139898
-0.509795 0.152090 -0.630143 0.223129 -0.502222 -0.127921
0.870155 0.068115 1.211365 0.049290 0.958846 0.252519
0.926595 0.039935 1.194615 0.039070 1.018603 0.176012
-0.315675 0.030715 -0.139224 0.054857 -0.296690 0.157466
1.006775 0.037170 1.243805 0.029210 1.103496 0.140309
-0.352135 0.133165 -0.261787 0.154299 -0.335294 0.073507
-1.122745 0.146210 -0.702636 0.106042 -1.151202 0.448566
0.170905 0.072755 0.411840 0.048806 0.218492 0.193348
0.871185 0.052640 0.995985 0.129010 0.959936 0.036049
1.029635 0.031505 1.251495 0.035220 1.127700 0.123795
1.262355 0.025445 1.397585 0.056585 1.374100 0.023485
1.016755 0.039345 1.300095 0.029290 1.114063 0.186032
1.165956 0.032320 1.511575 0.024625 1.272034 0.239541
1.514845 0.036450 1.699765 0.049695 1.641432 0.058333
0.256655 0.027590 0.401416 0.045819 0.309282 0.092134
0.952305 0.038520 1.240785 0.025085 1.045824 0.194961
0.837985 0.057240 1.184515 0.093060 0.924784 0.259731
2.181245 0.019550 2.196485 0.048985 2.347004 -0.150519
2.135945 0.027500 2.321835 0.038670 2.299042 0.022793
0.548306 0.026465 0.709255 0.051405 0.618077 0.091178
0.715305 0.040745 0.935255 0.041775 0.794893 0.140362
1.151845 0.028800 1.273795 0.063660 1.257094 0.016701
0.943766 0.053020 1.146905 0.173345 1.036783 0.110122
1.047445 0.061705 1.340735 0.072245 1.146557 0.194178
1.362345 0.019310 1.455715 0.032210 1.479967 -0.024252
0.639815 0.054360 1.014165 0.081475 0.714966 0.299199
0.646145 0.053225 0.974535 0.049170 0.721667 0.252868
0.875315 0.057830 1.039775 0.144250 0.964308 0.075467
0.699195 0.049670 1.020525 0.039230 0.777836 0.242689
0.834115 0.040925 0.796315 0.178625 0.920687 -0.124372
1.168145 0.054070 1.389385 0.062605 1.274352 0.115033
0.707786 0.066435 0.958785 0.059985 0.786931 0.171854
-0.146365 0.282475 -0.101575 0.229788 -0.117428 0.015853
0.304325 0.081145 0.459950 0.142506 0.359755 0.100195
0.664675 0.036240 0.804885 0.078150 0.741286 0.063599
0.887635 0.022290 1.019355 0.048085 0.977353 0.042002
1.814845 0.051000 0.745105 0.059385 1.959067 -1.213962
0.776185 0.058820 1.068025 0.085390 0.859352 0.208673
1.381946 0.023450 1.528485 0.045140 1.500720 0.027765
1.106135 0.037245 1.451445 0.027465 1.208697 0.242748
0.746776 0.042540 1.104975 0.029560 0.828213 0.276762
0.781635 0.062585 1.021515 0.063700 0.865122 0.156393
1.595945 0.310300 1.336595 0.298180 1.727299 -0.390704
0.737656 0.111265 0.978885 0.116950 0.818557 0.160328
0.509165 0.066790 0.804355 0.153950 0.576635 0.227720
1.315425 0.018325 1.328215 0.047090 1.430289 -0.102074
1.455646 0.065350 1.662095 0.178650 1.578752 0.083343
1.522346 0.026300 1.590735 0.053670 1.649373 -0.058638
1.269025 0.032095 1.514965 0.024935 1.381162 0.133803
0.980515 0.050890 1.307015 0.043620 1.075693 0.231322
1.244625 0.040605 1.554895 0.035420 1.355328 0.199567
1.085355 0.037110 1.421505 0.028180 1.186695 0.234810
1.211645 0.027100 1.362695 0.048440 1.320409 0.042286
-0.055785 0.115385 -0.115455 0.260522 -0.021524 -0.093931
0.606105 0.083225 0.980955 0.140680 0.679274 0.301681
0.223485 0.337265 0.169612 0.311401 0.274162 -0.104550
0.431095 0.058410 0.750825 0.048520 0.493976 0.256849
1.539946 0.066300 1.821605 0.092115 1.668008 0.153597
1.951145 0.051350 2.046465 0.114695 2.103379 -0.056914
0.757205 0.021805 0.845875 0.048705 0.839256 0.006619
1.447345 0.067750 1.763785 0.050360 1.569964 0.193821
0.979605 0.080335 0.609725 0.227718 1.074729 -0.465004
1.193365 0.043030 1.497155 0.045310 1.301054 0.196100
1.539445 0.042550 1.791345 0.024040 1.667478 0.123867
0.849175 0.064785 1.062245 0.103560 0.936633 0.125612
1.157445 0.044425 1.475975 0.029550 1.263023 0.212952
-0.609015 0.186845 -1.035999 0.234089 -0.607273 -0.428726
-0.633355 0.217545 -0.681257 0.231815 -0.633045 -0.048212
-0.547705 0.157155 -0.760254 0.244215 -0.542360 -0.217894
-1.278135 0.223800 -1.286026 0.250917 -1.315726 0.029700
-1.565895 0.208965 -1.528535 0.211481 -1.620401 0.091866
-0.688095 0.163615 -0.726066 0.226135 -0.691002 -0.035064
-1.299225 0.190390 -1.449918 0.246894 -1.338056 -0.111862
-1.934455 0.191100 -1.597115 0.120900 -2.010627 0.413512
-0.793265 0.189840 -1.199521 0.302799 -0.802355 -0.397167
-0.985805 0.258825 -1.029833 0.246592 -1.006213 -0.023620
-1.247755 0.169545 -1.446482 0.239041 -1.283560 -0.162922
-1.617875 0.268750 -1.290940 0.182528 -1.675437 0.384497
-1.181805 0.148550 -1.356711 0.234118 -1.213734 -0.142977
-1.525405 0.181345 -1.621965 0.221503 -1.577532 -0.044433
-0.884345 0.139735 -1.031094 0.253943 -0.898788 -0.132306
-1.551015 0.181460 -1.684715 0.235416 -1.604647 -0.080068
-1.108025 0.116970 -1.165260 0.252993 -1.135617 -0.029644
-1.235075 0.149775 -0.887172 0.125455 -1.270135 0.382963
-0.957565 0.267680 -0.820756 0.190254 -0.976312 0.155556
