# id outlier x sx y sy covxy corrxy
1 0 9.561000 0.115690 1.552180 0.144095 -0.018237 -0.759140
7 0 9.627880 0.056140 1.272540 0.132335 -0.004369 -0.514930
11 0 9.670460 0.052515 1.139820 0.267638 -0.014399 -0.535190
12 0 9.719630 0.044090 1.453490 0.101365 -0.003734 -0.804290
18 0 9.612060 0.037210 1.319000 0.081630 -0.002307 -0.702490
21 0 9.733570 0.027585 0.966116 0.173293 -0.002765 -0.546900
23 0 10.073300 0.037150 1.749530 0.103115 -0.002110 -0.477740
24 0 9.478410 0.031850 0.820907 0.153455 -0.003600 -0.686490
27 0 9.121570 0.048855 0.898618 0.096229 -0.003649 -0.729290
29 0 9.490360 0.073055 1.520550 0.102560 -0.006823 -0.841060
30 0 9.667640 0.041595 1.125880 0.202275 -0.004726 -0.494980
31 0 10.003300 0.043245 1.509640 0.130505 -0.003659 -0.642000
32 0 10.006600 0.021815 1.037880 0.199818 -0.002122 -0.466630
33 0 10.504300 0.052600 1.957060 0.160720 -0.012072 -0.679180
34 0 10.462900 0.043550 1.581330 0.330620 -0.012838 -0.451490
35 0 9.117210 0.033855 0.851403 0.077689 -0.001748 -0.629670
37 0 10.016400 0.040210 1.409390 0.147775 -0.003306 -0.505200
39 0 9.426180 0.046095 0.958834 0.145305 -0.004994 -0.806750
41 0 9.687230 0.043035 1.335800 0.104330 -0.003417 -0.727010
45 0 9.179370 0.086910 1.028760 0.135394 -0.010109 -0.697310
46 0 10.059100 0.024450 1.350470 0.115765 -0.004247 -0.644950
47 0 9.585540 0.034940 0.991060 0.138719 -0.003768 -0.791490
48 0 9.845340 0.058300 1.515630 0.120280 -0.003878 -0.451220
49 0 9.909890 0.045145 1.332760 0.216100 -0.003866 -0.366770
51 0 8.889400 0.108555 1.023100 0.107215 -0.008424 -0.695240
52 0 9.083540 0.069285 1.027190 0.088568 -0.005060 -0.740760
53 0 8.680560 0.119080 1.002920 0.089780 -0.009867 -0.883060
55 0 9.922240 0.045905 1.407810 0.145135 -0.004964 -0.767720
56 0 9.721170 0.034810 1.085210 0.132477 -0.003843 -0.602740
57 0 9.696190 0.040665 1.151840 0.171443 -0.001703 -0.198510
58 0 8.694540 0.142340 0.064317 0.145468 -0.006004 -0.262060
59 0 9.741500 0.045465 1.190260 0.162075 -0.006945 -0.787410
60 0 9.822340 0.044050 1.573290 0.098250 -0.003637 -0.804360
61 0 9.524130 0.037265 1.741450 0.043465 -0.001284 -0.723620
66 0 9.175880 0.059145 0.996548 0.129293 -0.006798 -0.789420
67 0 9.383720 0.035240 1.065060 0.086271 -0.002376 -0.735750
71 0 11.011700 0.032900 1.573220 0.311970 0.003125 0.246240
73 0 9.108570 0.072590 1.240410 0.095640 -0.004972 -0.693480
74 0 9.664340 0.037240 1.237920 0.110095 -0.003353 -0.766640
75 0 9.806840 0.022140 0.947798 0.163235 -0.001878 -0.491530
76 0 9.562560 0.035640 1.306140 0.085235 -0.002771 -0.790430
78 0 10.473500 0.034950 1.614300 0.197445 -0.004667 -0.625810
80 0 9.392220 0.079795 1.541280 0.083710 -0.005978 -0.842600
84 0 11.041700 0.035200 1.645930 0.127635 -0.008975 -0.801850
85 0 8.892640 0.047130 0.147577 0.351032 -0.009881 -0.557950
87 0 9.437630 0.033740 0.701631 0.163004 -0.003726 -0.645480
89 0 8.822500 0.051650 0.682527 0.102709 -0.002969 -0.578510
91 0 9.815120 0.036085 1.502600 0.081495 -0.002156 -0.726770
92 0 7.525760 0.178510 -0.214531 0.125868 -0.016882 -0.783530
93 0 8.055850 0.116555 -0.204140 0.154506 -0.014480 -0.734440
94 0 9.041590 0.057450 0.907000 0.113362 -0.005301 -0.813140
99 0 8.856430 0.028260 -0.084723 0.244836 -0.002309 -0.268770
100 0 7.940520 0.147205 -0.269527 0.177428 -0.019054 -0.644730
101 0 8.396990 0.117480 -0.362903 0.100268 0.000659 0.037888
102 0 7.870410 0.129875 -0.054661 0.147559 -0.012923 -0.733240
105 0 9.383720 0.026700 0.698550 0.129771 -0.002162 -0.577400
108 0 8.593470 0.039665 -0.059736 0.193398 -0.001755 -0.180070
109 0 8.816980 0.053295 0.368568 0.132139 -0.002563 -0.265260
111 1 7.487290 0.203985 0.285460 0.115807 -0.023257 -0.852150
113 0 9.403830 0.049465 0.926957 0.159675 -0.005391 -0.711810
114 0 10.256900 0.036600 1.652730 0.182470 -0.012152 -0.684600
115 0 8.067390 0.113535 0.239169 0.107752 -0.008865 -0.698980
116 0 8.510280 0.132885 0.596042 0.111447 -0.012861 -0.866750
117 0 9.543830 0.019225 0.379564 0.193591 -0.001287 -0.312960
118 0 8.747520 0.122500 1.062550 0.099619 -0.010435 -0.877210
121 0 8.118430 0.113365 -0.067494 0.187341 -0.015034 -0.744890
122 0 8.740180 0.060190 0.501400 0.114003 -0.004833 -0.601830
123 0 8.395890 0.143415 -0.386980 0.181772 -0.011517 -0.385840
125 0 9.060600 0.090565 0.269900 0.194718 0.002401 0.122250
126 0 8.902890 0.063920 0.787145 0.098297 -0.005357 -0.810610
129 0 8.548620 0.067600 0.370277 0.132572 -0.006385 -0.698790
131 0 9.947510 0.035960 1.388760 0.124745 -0.001968 -0.350430
133 0 8.221000 0.127505 0.157100 0.144309 -0.014966 -0.721260
135 0 8.970570 0.058550 0.654129 0.132188 -0.006230 -0.697350
137 0 8.072990 0.108970 -0.444824 0.242636 -0.014144 -0.379910
141 1 7.696550 0.236840 0.402880 0.136644 -0.025204 -0.864980
142 0 8.173370 0.096285 -0.316272 0.082879 -0.004444 -0.415030
144 0 8.007030 0.126975 -0.385265 0.167256 -0.014301 -0.587270
145 0 8.461400 0.136435 -0.661631 0.241519 0.014429 0.370400
147 0 8.281760 0.113290 -0.204812 0.220315 -0.013776 -0.440560
148 0 8.783020 0.069480 0.076271 0.249159 -0.003302 -0.147120
152 0 9.941960 0.023940 1.196330 0.144025 -0.001741 -0.435600
153 0 9.084620 0.053580 0.675278 0.174569 -0.006573 -0.657740
154 0 9.108510 0.021815 0.161342 0.184181 -0.001475 -0.325230
155 0 8.396060 0.084130 0.402116 0.086885 -0.008040 -0.773520
156 0 8.292780 0.114545 0.007584 0.173139 -0.013486 -0.637670
157 0 8.631240 0.106300 -0.109413 0.135333 -0.002597 -0.156360
159 0 9.963040 0.019535 1.059150 0.147780 -0.002917 -0.662380
161 0 8.369970 0.090300 0.615447 0.070421 -0.004985 -0.770300
164 0 9.405790 0.060070 0.783932 0.161916 -0.004160 -0.384190
165 0 8.970690 0.056470 0.302420 0.249499 -0.010754 -0.792130
166 1 7.967840 0.114230 0.738126 0.062918 -0.005502 -0.754840
167 0 8.034650 0.138540 0.598933 0.081444 -0.009362 -0.816060
168 0 9.008450 0.073960 0.470358 0.113870 -0.002817 -0.281140
169 0 8.255340 0.142970 0.223076 0.145859 -0.020358 -0.852390
170 0 8.838830 0.041530 0.233436 0.194884 -0.005110 -0.617970
171 0 9.178350 0.045490 0.669123 0.185227 -0.003451 -0.375640
172 0 9.529920 0.030610 1.366220 0.058220 -0.001477 -0.717160
173 0 7.674880 0.110050 -0.001106 0.077064 -0.007212 -0.853510
174 0 8.167640 0.067465 -0.168067 0.130104 -0.005792 -0.531150
175 0 7.481340 0.103210 -0.720947 0.180051 -0.012776 -0.699620
176 0 8.852690 0.059770 0.519273 0.156902 -0.007130 -0.738330
177 0 7.928050 0.082335 -0.194176 0.111634 -0.007114 -0.729260
178 0 8.098730 0.079215 -0.211162 0.100760 -0.007470 -0.781180
180 0 8.808320 0.049795 0.412971 0.127423 -0.004860 -0.786500
181 0 8.516250 0.098720 0.232374 0.167387 -0.011123 -0.655230
182 0 7.874740 0.291640 -0.249804 0.250163 -0.057481 -0.808030
183 0 9.563430 0.020470 0.465589 0.196914 -0.001065 -0.247960
184 0 9.569730 0.033510 1.381720 0.071215 -0.002228 -0.721930
185 0 8.659750 0.056200 0.253355 0.141795 -0.006147 -0.721150
186 0 8.798650 0.060355 0.497603 0.143928 -0.006989 -0.803060
187 0 9.048470 0.036145 0.501495 0.126672 -0.003774 -0.713710
190 0 9.192330 0.039950 0.801368 0.123566 -0.003629 -0.726120
191 0 8.901290 0.075895 0.533512 0.148879 -0.007608 -0.605900
192 1 8.618240 0.068370 -2.499940 1.239655 0.052491 0.604620
193 0 9.476660 0.034915 1.047670 0.099990 -0.002246 -0.658520
194 0 7.835350 0.108690 -0.865980 0.327736 -0.016551 -0.355600
195 0 7.760020 0.154310 -0.009361 0.103038 -0.012138 -0.689840
196 0 7.900630 0.099035 0.116110 0.080851 -0.006001 -0.789570
197 0 9.763400 0.072455 1.827730 0.084160 -0.005227 -0.879820
198 0 8.632360 0.082480 -0.318979 0.296232 0.000634 0.025074
199 0 7.986150 0.063320 -0.475936 0.179489 -0.008551 -0.716880
200 0 8.917680 0.098345 -0.038602 0.217669 0.007257 0.280400
202 0 8.655570 0.089245 0.045098 0.167820 -0.009201 -0.611920
203 0 9.357750 0.055420 1.087190 0.116886 -0.005829 -0.863820
204 0 8.187760 0.131520 0.352817 0.101919 -0.010364 -0.783540
205 0 8.784240 0.079805 0.117332 0.196935 0.000158 0.007783
206 0 9.968960 0.070100 1.793400 0.151100 -0.005656 -0.506030
208 0 9.017620 0.023565 0.078373 0.221892 -0.001470 -0.253510
209 0 8.513380 0.067400 0.105019 0.131447 -0.005214 -0.424970
211 0 7.663230 0.101055 -0.924556 0.185125 -0.007263 -0.327260
212 1 8.725170 0.051605 -1.149340 1.074185 0.037373 0.717780
213 0 7.646360 0.125000 -0.774180 0.232019 -0.018641 -0.581250
214 0 8.845850 0.036530 -0.169135 0.373767 0.002630 0.163320
215 0 8.415560 0.052235 0.013270 0.175140 -0.008284 -0.727710
216 0 8.431550 0.098670 0.095261 0.137667 -0.010888 -0.645230
217 0 8.988150 0.041955 0.788985 0.094398 -0.002604 -0.593770
220 1 8.291750 0.034230 -1.233390 0.455207 0.007456 0.330360
221 0 8.727150 0.105745 0.553147 0.126096 -0.010105 -0.746040
222 0 7.979150 0.081445 -0.334190 0.147125 -0.008791 -0.657060
223 0 8.645360 0.083055 0.365226 0.136026 -0.008900 -0.586860
224 0 9.080750 0.024265 0.309358 0.128998 -0.001712 -0.529040
225 0 8.226100 0.116375 0.064356 0.161048 -0.014280 -0.716600
226 0 9.573070 0.080555 1.339750 0.209180 -0.012298 -0.871340
228 0 8.587570 0.134805 -0.025956 0.193375 -0.020253 -0.643210
229 0 10.993700 0.052000 2.012870 0.091435 -0.003922 -0.806330
232 0 8.180850 0.119685 0.282920 0.102307 -0.010359 -0.815350
234 0 7.164650 0.102495 -0.816212 0.107451 -0.007497 -0.644130
235 0 7.574440 0.145270 -0.227952 0.126426 -0.016651 -0.789060
237 0 8.132290 0.075650 -0.127475 0.169353 -0.010012 -0.703950
240 0 9.588960 0.036565 1.369250 0.083405 -0.002194 -0.690090
241 0 8.522890 0.094040 0.314970 0.132314 -0.008269 -0.573480
242 0 7.774340 0.183475 -0.502165 0.306309 -0.043608 -0.720620
243 0 9.286950 0.029825 0.505205 0.180148 0.000052 0.006994
244 1 8.613110 0.041030 -0.865182 0.556967 0.011417 0.447830
245 0 7.748670 0.172590 -0.337476 0.227573 -0.031000 -0.797500
248 0 8.432850 0.146860 0.463523 0.185855 -0.021623 -0.811220
249 0 8.696530 0.050005 0.386802 0.139601 -0.004990 -0.721120
252 0 8.536550 0.063075 0.226548 0.131651 -0.006124 -0.684490
253 1 7.826670 0.090395 0.684615 0.044298 -0.003209 -0.787540
254 0 9.284960 0.021315 0.583105 0.113171 -0.001562 -0.547340
256 0 8.043750 0.040965 -0.415833 0.148230 -0.002477 -0.403320
257 0 9.331070 0.029925 0.957433 0.091206 -0.002113 -0.764220
259 0 9.513960 0.047875 1.085820 0.155164 -0.003249 -0.428070
261 0 10.104800 0.022850 1.431770 0.141800 -0.001314 -0.378420
262 0 7.632970 0.149420 -0.763016 0.246908 -0.028338 -0.735170
264 0 8.532370 0.089390 0.586606 0.081330 -0.005952 -0.875050
265 0 8.755140 0.049875 0.237675 0.181254 -0.007425 -0.745820
266 0 9.303280 0.027775 0.625655 0.142518 -0.002638 -0.635190
267 0 8.079530 0.110625 -0.206548 0.167054 -0.013907 -0.726270
269 0 8.986310 0.043935 0.311116 0.188535 0.000686 0.069138
270 0 8.886240 0.048535 0.433179 0.168639 -0.004375 -0.444020
271 0 8.140340 0.139540 -0.061283 0.149314 -0.017379 -0.731900
272 0 8.505300 0.043905 -0.292893 0.307282 -0.007678 -0.573930
273 0 8.513290 0.069190 0.068525 0.200618 -0.009153 -0.634860
274 0 8.611970 0.074485 -0.000111 0.258629 -0.006074 -0.292480
275 0 7.783820 0.217645 -0.436640 0.280355 -0.053285 -0.841050
277 0 8.685110 0.044275 0.103795 0.184073 -0.005588 -0.647150
278 0 8.321870 0.180990 0.247495 0.219504 -0.034978 -0.786940
279 0 8.177440 0.063000 -0.254622 0.175104 -0.007302 -0.610260
280 0 9.067440 0.054920 1.460360 0.045740 -0.001688 -0.657480
281 0 9.432400 0.027820 0.775420 0.136702 -0.003170 -0.731800
283 0 7.736130 0.079875 -0.762669 0.199762 -0.006473 -0.369100
284 0 9.059660 0.065715 0.967593 0.078418 -0.005314 -0.770150
285 0 8.075390 0.054050 -0.240612 0.152821 -0.005222 -0.654850
286 0 7.633820 0.189980 0.142949 0.109248 -0.016680 -0.810910
287 0 7.780350 0.157755 0.200423 0.094314 -0.014667 -0.925170
289 0 7.990010 0.178545 0.295737 0.130812 -0.017198 -0.784080
290 0 8.732040 0.097755 -0.158679 0.134630 0.000030 0.002044
292 0 7.322290 0.285475 -0.736252 0.313616 -0.080789 -0.756710
294 0 9.153610 0.027845 0.590594 0.117585 -0.002650 -0.743610
295 0 8.303070 0.047115 -0.282302 0.200046 -0.005493 -0.534360
296 0 7.379270 0.132695 -0.979683 0.173998 -0.015385 -0.613250
297 0 8.815690 0.027620 -0.169872 0.279059 -0.001672 -0.181130
298 0 7.662390 0.159850 -0.798791 0.219133 -0.032245 -0.743440
300 0 8.116850 0.107860 -0.746768 0.236364 0.006465 0.242280
301 0 7.924740 0.094170 -0.101756 0.121948 -0.007692 -0.637120
302 0 8.122300 0.148675 0.061254 0.181863 -0.019859 -0.675930
304 0 8.953830 0.093085 0.747432 0.134559 -0.011216 -0.883020
305 0 8.287250 0.151435 0.401664 0.128147 -0.016727 -0.777820
306 1 7.252520 0.211325 0.051554 0.133094 -0.021849 -0.768440
307 0 11.213900 0.031350 1.744100 0.541500 -0.083792 -0.730650
309 0 8.432870 0.159225 0.239476 0.248540 -0.031096 -0.604370
310 0 7.907400 0.081930 -0.678665 0.253732 -0.010549 -0.451360
311 0 7.346600 0.182810 -0.729781 0.220292 -0.029702 -0.723050
313 0 8.202190 0.148200 0.094408 0.184759 -0.021427 -0.860020
315 0 8.682100 0.073250 -0.046905 0.292134 0.000986 0.030962
316 0 8.455570 0.048645 0.118056 0.122388 -0.004425 -0.710400
317 0 7.756380 0.071360 -0.457299 0.103646 -0.004595 -0.529970
319 0 7.899680 0.051825 -0.592012 0.189972 -0.006592 -0.677970
321 0 7.888010 0.182045 -0.082101 0.172928 -0.022207 -0.728770
322 0 8.230620 0.094130 -0.090519 0.165075 -0.012697 -0.654590
323 0 7.954270 0.104790 -0.811067 0.344819 -0.010813 -0.243450
324 0 7.838860 0.070300 -0.525963 0.089667 -0.003835 -0.457080
326 0 7.987120 0.098845 -0.693951 0.166760 -0.002582 -0.132080
327 0 8.388760 0.073220 -0.109146 0.182063 -0.005700 -0.361310
328 0 8.008860 0.160710 0.103392 0.133354 -0.015747 -0.754310
329 0 8.124230 0.209345 -0.276962 0.224760 -0.039775 -0.708690
331 1 8.777980 0.089090 -0.898894 0.884418 0.021315 0.216150
332 0 8.463510 0.104685 0.076088 0.164480 -0.014515 -0.486250
334 0 9.741810 0.053160 1.550410 0.133680 -0.004579 -0.703500
335 0 9.083790 0.065160 0.822854 0.120238 -0.007082 -0.804590
338 0 7.697990 0.241490 0.128138 0.142131 -0.030460 -0.875270
340 1 9.051310 0.048715 -2.085510 0.996805 0.034471 0.695000
341 0 8.785380 0.053605 0.305344 0.169407 -0.004383 -0.376810
342 0 8.190030 0.062260 -0.625069 0.388587 0.000661 0.019433
344 0 7.869760 0.159045 -0.602049 0.326244 -0.045918 -0.666590
345 0 8.556460 0.033745 0.154527 0.122334 -0.002845 -0.716920
346 0 8.047900 0.097130 -0.350334 0.182846 -0.012131 -0.661460
347 0 9.193170 0.044670 0.675270 0.164121 -0.006301 -0.805660
348 0 9.560640 0.021690 0.882591 0.096998 -0.001184 -0.534830
352 1 8.924800 0.020940 -0.606013 0.316330 0.003656 0.476760
353 0 7.487190 0.194040 -0.441883 0.206831 -0.032437 -0.799320
354 0 8.277690 0.081470 -0.483101 0.379963 -0.007762 -0.225270
356 0 9.287220 0.027065 0.582744 0.146940 -0.002898 -0.705530
357 0 8.123260 0.054540 -0.567152 0.260224 -0.004861 -0.288660
359 0 8.563860 0.099795 -0.370411 0.320071 0.011790 0.403990
360 0 7.429850 0.135295 -0.833429 0.188938 -0.020435 -0.711670
361 0 8.607850 0.022465 -0.518082 0.297775 -0.001319 -0.213800
363 0 7.221830 0.289785 -0.896375 0.315681 -0.072356 -0.831630
365 0 9.880140 0.028625 0.417870 0.410275 0.009310 0.555500
366 0 10.292000 0.072500 2.046490 0.122060 -0.004271 -0.496190
368 0 8.029210 0.119135 -1.079250 0.282679 0.008593 0.210300
369 0 7.734510 0.148925 -0.130175 0.134385 -0.015062 -0.641370
370 0 8.129050 0.126095 0.300338 0.115922 -0.010525 -0.654800
371 0 7.799430 0.145375 -0.679080 0.339173 -0.025277 -0.410830
372 0 8.705700 0.020590 -0.417693 0.227856 0.000073 0.014757
373 1 7.001540 0.028885 0.650666 0.122185 -0.001786 -0.350470
374 0 8.411310 0.039840 -0.155655 0.177552 -0.001289 -0.154340
376 0 8.643260 0.077335 0.558437 0.096144 -0.004976 -0.633930
377 0 9.379260 0.028305 0.652318 0.149047 -0.002847 -0.653750
378 0 7.852890 0.122890 -0.503912 0.204187 -0.019356 -0.604120
379 0 7.765800 0.054685 -0.793250 0.210012 -0.007601 -0.707370
380 0 7.807500 0.126130 -0.767168 0.268057 -0.016691 -0.427610
381 0 8.199930 0.115300 -0.760709 0.231305 0.003897 0.131100
386 0 8.309450 0.050765 0.016235 0.112594 -0.003201 -0.495330
387 0 8.271930 0.097465 -0.425750 0.240362 -0.001765 -0.055763
388 0 9.557760 0.038475 1.029110 0.144429 -0.003241 -0.566150
389 0 8.119750 0.091915 -0.607322 0.178271 0.005031 0.311330
390 0 7.793350 0.135395 -0.664166 0.269700 -0.025132 -0.634970
391 1 8.489170 0.049555 -1.458250 0.548872 0.021777 0.684880
392 0 8.468130 0.040450 -0.141254 0.200350 -0.005718 -0.684950
393 0 9.100680 0.023770 0.416104 0.095445 -0.001588 -0.609820
394 0 7.676970 0.104685 -0.404111 0.144119 -0.013889 -0.805710
396 0 7.435380 0.116835 -0.356331 0.095178 -0.009619 -0.782280
397 0 8.347250 0.059195 -0.466045 0.338315 -0.001949 -0.079154
398 0 8.043820 0.066580 -0.301313 0.133480 -0.005975 -0.593290
400 0 8.027660 0.107780 -0.763566 0.357322 -0.004852 -0.105830
402 0 8.458940 0.045600 -0.101966 0.183252 -0.005821 -0.605120
403 0 8.369800 0.074540 -0.348131 0.312859 -0.007931 -0.265540
404 0 8.326600 0.058140 -0.166745 0.179197 -0.003685 -0.306780
406 0 8.383730 0.131425 0.437861 0.134874 -0.014410 -0.808120
407 0 8.464000 0.108640 -0.082931 0.094476 -0.005882 -0.469980
410 0 9.013760 0.042210 0.843968 0.076158 -0.002931 -0.816530
411 0 7.523270 0.149740 -0.811217 0.229816 -0.027947 -0.710100
412 0 9.325320 0.053160 0.979888 0.137313 -0.005491 -0.682070
413 0 8.357180 0.130240 -0.698899 0.151830 0.004132 0.161630
414 0 8.116390 0.108215 -0.438306 0.183582 -0.011866 -0.513380
416 0 10.221900 0.023350 1.485010 0.139435 -0.000953 -0.218480
417 0 9.927900 0.020925 1.167130 0.146235 -0.001109 -0.289880
419 0 8.217620 0.054980 -0.444731 0.264828 -0.004970 -0.304220
420 0 8.382780 0.050730 -0.126242 0.190629 -0.006131 -0.442850
421 0 7.610040 0.160055 -0.592845 0.190870 -0.024298 -0.740860
422 0 7.636280 0.064895 -0.907823 0.204135 -0.007498 -0.537730
423 0 8.750680 0.139350 -0.361376 0.121432 0.011129 0.482910
424 0 8.608520 0.037400 0.000005 0.162457 -0.004977 -0.712460
426 0 8.149170 0.068940 -0.429286 0.131389 -0.001531 -0.131210
428 0 8.127100 0.133570 -0.320437 0.378915 -0.032627 -0.328190
430 0 9.452300 0.039150 0.754051 0.206468 -0.006135 -0.642540
431 0 9.833540 0.033025 1.324550 0.110300 -0.002478 -0.686720
432 0 8.881910 0.033465 0.566090 0.089389 -0.002137 -0.686420
433 0 9.302870 0.031370 0.634246 0.159414 -0.003288 -0.580380
434 0 8.916360 0.037740 0.384797 0.134633 -0.004361 -0.766530
437 0 9.295900 0.053490 1.320540 0.088415 -0.003367 -0.762980
438 0 7.438650 0.169295 -0.370719 0.148177 -0.020774 -0.778400
439 0 8.368810 0.114265 -0.026923 0.178433 -0.017561 -0.737120
440 0 8.251070 0.101140 -0.753301 0.432883 0.009944 0.201430
441 1 8.332690 0.039005 -0.986496 0.384445 0.007752 0.406730
442 0 8.353240 0.025620 -0.382123 0.156808 -0.000947 -0.230290
443 0 9.435420 0.049260 1.550470 0.055405 -0.002322 -0.804100
445 0 8.564550 0.106260 -0.660468 0.385211 0.019788 0.438590
447 0 8.584600 0.078045 -0.233323 0.287992 -0.001392 -0.056096
448 0 7.677270 0.069705 -0.577587 0.134965 -0.005638 -0.551700
450 0 8.378400 0.091565 0.191470 0.127586 -0.011608 -0.811900
451 0 7.612620 0.154925 -0.507378 0.188763 -0.024588 -0.818910
452 0 10.067200 0.042700 1.594730 0.130455 -0.003083 -0.487570
453 0 7.725660 0.176370 -0.564959 0.282349 -0.040231 -0.636760
454 0 7.409740 0.106300 -0.886763 0.136076 -0.009730 -0.554980
455 0 8.088680 0.128930 -0.512951 0.210006 -0.017587 -0.622100
456 0 8.120210 0.113110 -0.474831 0.154776 -0.011940 -0.648660
457 0 9.569770 0.033885 1.191580 0.092080 -0.002332 -0.731920
458 0 9.885770 0.042800 1.464940 0.165460 -0.004151 -0.616830
460 0 8.724980 0.068120 0.782277 0.079604 -0.004030 -0.786550
462 0 8.592820 0.030350 -0.485193 0.364561 0.002051 0.135590
463 0 8.076690 0.135120 -0.884617 0.214913 -0.000377 -0.010700
464 0 9.335060 0.067280 -0.039771 0.395036 0.017265 0.614360
465 0 8.364540 0.050935 -0.155760 0.182063 -0.008134 -0.722380
467 0 7.940620 0.132810 -0.593775 0.289016 -0.030121 -0.601710
469 0 8.440980 0.107595 0.576883 0.093900 -0.007626 -0.770300
470 0 8.342910 0.085330 -0.421092 0.112377 -0.001859 -0.175590
471 0 8.127670 0.087410 -0.030520 0.138469 -0.009644 -0.726820
472 0 7.652160 0.164840 -0.628571 0.201460 -0.027089 -0.696850
474 0 7.937980 0.072230 -0.457344 0.223449 -0.010645 -0.589640
475 0 8.557910 0.103220 -0.238775 0.156600 -0.001472 -0.084115
476 0 7.596590 0.121455 0.147567 0.071536 -0.007196 -0.804840
477 0 8.804810 0.083175 1.176330 0.052725 -0.004044 -0.871680
478 0 10.581600 0.052100 1.198760 0.118165 -0.007274 -0.624420
479 0 7.923390 0.143620 -0.762123 0.265525 -0.026158 -0.717020
480 0 9.419750 0.032970 0.670694 0.254568 -0.002203 -0.249670
481 0 7.720910 0.122385 -0.469059 0.198667 -0.018467 -0.755490
482 0 8.015620 0.192965 0.558918 0.114776 -0.019016 -0.906690
483 0 8.070490 0.067580 -0.559154 0.194612 -0.000449 -0.032901
484 0 8.094410 0.055040 -0.340515 0.165457 -0.007953 -0.732400
485 0 7.646240 0.063475 -1.033690 0.263882 -0.005829 -0.323850
486 0 9.242570 0.049055 1.225910 0.064550 -0.002792 -0.817550
487 0 7.611180 0.115200 -0.842325 0.189220 -0.011970 -0.444520
488 0 9.345990 0.084855 1.354990 0.133180 -0.009186 -0.703210
489 0 7.897060 0.071355 -0.431565 0.193296 -0.010463 -0.710920
490 0 8.868220 0.019265 -0.099287 0.196703 -0.000636 -0.151190
493 0 8.245180 0.036255 -0.863296 0.266707 0.002651 0.253820
495 0 8.734750 0.035610 0.220068 0.136562 -0.003186 -0.669450
497 0 7.326920 0.174515 -0.703073 0.197741 -0.025187 -0.744520
498 0 7.917780 0.124410 -0.357050 0.183701 -0.020048 -0.727050
499 0 8.611310 0.138985 -0.437143 0.247745 0.012906 0.376320
500 0 9.273630 0.055080 1.259850 0.071010 -0.003245 -0.724000
501 0 7.864590 0.172905 -0.617352 0.381393 -0.037167 -0.448970
503 0 8.325660 0.053215 -0.095563 0.149681 -0.006654 -0.806770
504 0 7.809820 0.102850 -0.721376 0.100694 -0.007813 -0.534910
506 0 8.200890 0.099330 -0.370145 0.289282 -0.013096 -0.347470
507 1 8.786120 0.069505 1.260260 0.042900 -0.002443 -0.781140
508 0 9.472180 0.045325 1.111250 0.121431 -0.004468 -0.785010
509 0 7.586550 0.183155 -0.615687 0.211821 -0.032219 -0.741030
514 0 8.408850 0.077805 0.464780 0.080206 -0.005198 -0.809620
516 0 9.122560 0.046590 0.614444 0.189814 -0.008859 -0.641870
517 0 9.286280 0.083895 1.152630 0.182305 -0.012323 -0.790000
519 0 8.523840 0.100205 0.140299 0.151436 -0.011141 -0.782790
520 0 8.809090 0.027225 0.129468 0.156187 -0.003221 -0.675570
521 0 9.552340 0.061450 1.622450 0.075005 -0.004738 -0.779500
522 0 7.654220 0.271315 -0.381591 0.227168 -0.048816 -0.913720
523 0 8.647550 0.076850 -0.345239 0.234504 0.006462 0.349070
524 0 7.794600 0.083765 -0.611944 0.239806 -0.014031 -0.681560
526 0 9.916820 0.022575 1.165580 0.149030 -0.001426 -0.394700
527 0 8.161440 0.083345 -0.521291 0.245785 -0.003741 -0.165890
528 0 7.192940 0.142685 -0.359766 0.090145 -0.010181 -0.791420
530 1 8.620920 0.032490 -1.039900 0.573292 0.014361 0.678160
532 0 8.245110 0.061945 0.591279 0.054373 -0.002431 -0.740310
533 0 8.959400 0.023500 0.085570 0.235382 -0.002654 -0.467260
534 0 8.232220 0.105645 -0.899779 0.346943 0.004883 0.117190
536 0 8.142050 0.150220 -0.174741 0.260691 -0.027017 -0.477160
537 0 7.961650 0.146320 -0.879892 0.274651 -0.022291 -0.525720
538 0 10.099700 0.027400 1.854260 0.067635 -0.001547 -0.592150
539 0 8.983010 0.060230 1.092580 0.077960 -0.003996 -0.762560
541 0 7.564180 0.116450 -0.659321 0.177179 -0.014328 -0.658220
542 0 8.036100 0.087325 -0.241598 0.176019 -0.011669 -0.635380
544 0 11.085300 0.097050 2.092330 0.173635 -0.017636 -0.944650
545 0 9.386770 0.037015 0.840263 0.120174 -0.002856 -0.611660
546 0 8.472830 0.108135 -0.087346 0.179049 -0.009581 -0.461420
547 0 9.349640 0.054470 1.344700 0.078790 -0.004257 -0.813820
549 1 8.390520 0.126985 -0.875565 0.397148 0.026636 0.566790
551 0 9.465980 0.038915 1.028500 0.136854 -0.002906 -0.459700
553 0 10.071400 0.043550 1.649870 0.132820 -0.004178 -0.651220
554 0 8.136660 0.152090 -0.085470 0.197451 -0.021273 -0.645050
555 0 9.516610 0.068115 1.436310 0.120460 -0.006103 -0.789740
558 0 9.573050 0.039935 1.128100 0.123095 -0.003726 -0.780150
559 0 8.330780 0.030715 -0.499901 0.218242 -0.003009 -0.438860
560 0 9.653230 0.037170 1.043850 0.136801 -0.004052 -0.764920
561 0 8.294320 0.133165 0.329405 0.141060 -0.015005 -0.742610
562 0 7.523710 0.146210 -0.021405 0.091333 -0.009659 -0.755500
563 0 8.817360 0.072755 0.368590 0.210323 -0.012113 -0.813150
565 0 9.517640 0.052640 1.006130 0.182940 -0.004783 -0.484710
568 0 9.676090 0.031505 1.026550 0.133149 -0.003121 -0.670940
569 0 9.908810 0.025445 1.016700 0.195549 -0.001864 -0.251410
572 0 9.663210 0.039345 1.275720 0.128735 -0.004020 -0.770690
573 0 9.812410 0.032320 1.583700 0.070520 -0.001874 -0.767600
574 0 10.161300 0.036450 1.665770 0.121260 -0.002529 -0.379660
576 0 8.903110 0.027590 -0.026410 0.148962 -0.001377 -0.340340
579 0 9.598760 0.038520 1.146460 0.118610 -0.003938 -0.780250
580 0 9.484440 0.057240 1.515720 0.074985 -0.003326 -0.712540
581 0 10.827700 0.019550 1.368370 0.305770 0.004284 0.374170
587 0 10.782400 0.027500 1.952700 0.166235 -0.013383 -0.718490
588 0 9.194760 0.026465 0.368252 0.202737 -0.002688 -0.387770
592 0 9.361760 0.040745 0.738580 0.172690 -0.004925 -0.690920
593 0 9.798300 0.028800 0.936398 0.262324 -0.004571 -0.601600
595 0 9.590220 0.053020 1.408870 0.106955 -0.003551 -0.577090
596 0 9.693900 0.061705 1.449160 0.146850 -0.010791 -0.785280
597 0 10.008800 0.019310 0.653606 0.233219 -0.001164 -0.244310
598 0 9.286270 0.054360 1.365620 0.071760 -0.002841 -0.737760
600 0 9.292600 0.053225 1.139240 0.096085 -0.004650 -0.772010
603 0 9.521770 0.057830 1.239230 0.118945 -0.004377 -0.620460
604 0 9.345650 0.049670 1.101510 0.111399 -0.005236 -0.842230
607 0 9.480570 0.040925 0.930734 0.190770 -0.003411 -0.353530
609 0 9.814600 0.054070 1.356670 0.157075 -0.006672 -0.680920
612 0 9.354240 0.066435 0.975562 0.168821 -0.009105 -0.817190
614 0 8.500090 0.282475 0.387243 0.394385 -0.081142 -0.837420
615 0 8.950780 0.081145 0.525337 0.267782 -0.015020 -0.666400
616 0 9.311130 0.036240 0.550645 0.204011 -0.004188 -0.515530
617 0 9.534090 0.022290 0.425663 0.240862 -0.001737 -0.320120
618 0 10.461300 0.051000 1.337520 0.098590 -0.003845 -0.792080
620 0 9.422640 0.058820 1.256520 0.103865 -0.005373 -0.771250
624 0 10.028400 0.023450 1.066770 0.181254 -0.001976 -0.462160
625 0 9.752590 0.037245 1.582870 0.072775 -0.002147 -0.725130
626 0 9.393230 0.042540 1.208710 0.084275 -0.002942 -0.754580
628 0 9.428090 0.062585 1.065280 0.148100 -0.007339 -0.726130
630 0 10.242400 0.310300 1.941510 0.406280 -0.089103 -0.970750
632 0 9.384110 0.111265 1.647660 0.100580 -0.009695 -0.886260
645 0 9.155620 0.066790 1.251100 0.087265 -0.004233 -0.691350
646 1 9.961880 0.018325 0.410337 0.253172 -0.001580 -0.180530
647 0 10.102100 0.065350 1.970440 0.116600 -0.005641 -0.711040
651 0 10.168800 0.026300 1.159050 0.185414 0.001561 0.118740
653 0 9.915480 0.032095 1.305790 0.108565 -0.002724 -0.705130
654 0 9.626970 0.050890 1.418070 0.113285 -0.004806 -0.785070
657 0 9.891080 0.040605 1.619430 0.107035 -0.005173 -0.749360
658 0 9.731810 0.037110 1.465500 0.089215 -0.002721 -0.732300
660 0 9.858100 0.027100 0.895153 0.230914 -0.002955 -0.479020
662 0 8.590670 0.115385 0.189166 0.246707 -0.017703 -0.454000
667 0 9.252560 0.083225 1.477530 0.087360 -0.006097 -0.818620
670 0 8.869940 0.337265 0.737855 0.414243 -0.113400 -0.888520
673 0 9.077550 0.058410 0.859382 0.109137 -0.004850 -0.747880
674 0 10.186400 0.066300 2.030440 0.133070 -0.012717 -0.807570
677 0 10.597600 0.051350 1.967100 0.197250 -0.007407 -0.468890
678 0 9.403660 0.021805 0.131160 0.260510 -0.000289 -0.052187
679 0 10.093800 0.067750 1.912540 0.110050 -0.006332 -0.810180
683 0 9.626060 0.080335 1.104870 0.149458 -0.007671 -0.583110
685 0 9.839820 0.043030 1.647120 0.094510 -0.003156 -0.686800
687 0 10.185900 0.042550 1.687240 0.119420 -0.003007 -0.606940
688 0 9.495630 0.064785 1.181740 0.152280 -0.008159 -0.673440
690 0 9.803900 0.044425 1.490590 0.109170 -0.004411 -0.822150
693 0 8.037440 0.186845 -0.463797 0.244247 -0.037456 -0.745940
694 0 8.013100 0.217545 -0.076551 0.255664 -0.043648 -0.787890
695 0 8.098750 0.157155 -0.333374 0.295728 -0.028101 -0.428900
696 0 7.368320 0.223800 -0.700230 0.296203 -0.048074 -0.703230
697 0 7.080560 0.208965 -0.918964 0.199870 -0.029000 -0.695100
698 0 7.958360 0.163615 -0.187803 0.232493 -0.029588 -0.666250
699 0 7.347230 0.190390 -0.878310 0.254831 -0.034169 -0.690600
700 0 6.712000 0.191100 -0.954521 0.099057 -0.014394 -0.761320
701 0 7.853190 0.189840 -0.842290 0.379099 -0.029441 -0.328700
702 0 7.660650 0.258825 -0.544974 0.365513 -0.077749 -0.679890
703 0 7.398700 0.169545 -0.874782 0.228218 -0.028984 -0.712360
704 0 7.028580 0.268750 -0.613329 0.197471 -0.042359 -0.761600
705 0 7.464650 0.148550 -0.800144 0.205413 -0.022553 -0.660540
706 0 7.121050 0.181345 -1.043610 0.202618 -0.024626 -0.667660
707 0 7.762110 0.139735 -0.552946 0.212480 -0.019780 -0.584390
708 0 7.095440 0.181460 -1.122600 0.214008 -0.027063 -0.658610
709 0 7.538430 0.116970 -0.718451 0.159770 -0.012273 -0.593550
710 0 7.411380 0.149775 -0.267296 0.082750 -0.009918 -0.774490
711 0 7.688890 0.267680 -0.241246 0.203290 -0.046647 -0.729930
