# x_refit,sx_refit,y_refit,sy_refit
0.914545 0.115690 1.313758 0.144095
0.981425 0.056140 1.034118 0.132335
1.024005 0.052515 0.901398 0.267638
1.073175 0.044090 1.215068 0.101365
0.965605 0.037210 1.080578 0.081630
1.087115 0.027585 0.727694 0.173293
1.426846 0.037150 1.511108 0.103115
0.831955 0.031850 0.582485 0.153455
0.475115 0.048855 0.660196 0.096229
0.843905 0.073055 1.282128 0.102560
1.021185 0.041595 0.887458 0.202275
1.356845 0.043245 1.271218 0.130505
1.360146 0.021815 0.799458 0.199818
1.857845 0.052600 1.718638 0.160720
1.816445 0.043550 1.342908 0.330620
0.470756 0.033855 0.612981 0.077689
1.369946 0.040210 1.170968 0.147775
0.779725 0.046095 0.720412 0.145305
1.040775 0.043035 1.097378 0.104330
0.532915 0.086910 0.790338 0.135394
1.412645 0.024450 1.112048 0.115765
0.939085 0.034940 0.752638 0.138719
1.198885 0.058300 1.277208 0.120280
1.263435 0.045145 1.094338 0.216100
0.242945 0.108555 0.784678 0.107215
0.437085 0.069285 0.788768 0.088568
0.034105 0.119080 0.764498 0.089780
1.275785 0.045905 1.169388 0.145135
1.074716 0.034810 0.846788 0.132477
1.049735 0.040665 0.913418 0.171443
0.048085 0.142340 -0.174105 0.145468
1.095045 0.045465 0.951838 0.162075
1.175885 0.044050 1.334868 0.098250
0.877675 0.037265 1.503028 0.043465
0.529426 0.059145 0.758126 0.129293
0.737266 0.035240 0.826638 0.086271
2.365245 0.032900 1.334798 0.311970
0.462115 0.072590 1.001988 0.095640
1.017885 0.037240 0.999498 0.110095
1.160385 0.022140 0.709376 0.163235
0.916105 0.035640 1.067718 0.085235
1.827045 0.034950 1.375878 0.197445
0.745765 0.079795 1.302858 0.083710
2.395246 0.035200 1.407508 0.127635
0.246185 0.047130 -0.090845 0.351032
0.791175 0.033740 0.463209 0.163004
0.176045 0.051650 0.444105 0.102709
1.168665 0.036085 1.264178 0.081495
-1.120695 0.178510 -0.452953 0.125868
-0.590605 0.116555 -0.442562 0.154506
0.395135 0.057450 0.668578 0.113362
0.209975 0.028260 -0.323145 0.244836
-0.705935 0.147205 -0.507949 0.177428
-0.249465 0.117480 -0.601325 0.100268
-0.776045 0.129875 -0.293083 0.147559
0.737266 0.026700 0.460128 0.129771
-0.052985 0.039665 -0.298158 0.193398
0.170526 0.053295 0.130146 0.132139
0.757375 0.049465 0.688535 0.159675
1.610445 0.036600 1.414308 0.182470
-0.579064 0.113535 0.000747 0.107752
-0.136175 0.132885 0.357620 0.111447
0.897375 0.019225 0.141142 0.193591
0.101066 0.122500 0.824128 0.099619
-0.528025 0.113365 -0.305916 0.187341
0.093725 0.060190 0.262978 0.114003
-0.250565 0.143415 -0.625402 0.181772
0.414145 0.090565 0.031478 0.194718
0.256435 0.063920 0.548723 0.098297
-0.097835 0.067600 0.131855 0.132572
1.301055 0.035960 1.150338 0.124745
-0.425455 0.127505 -0.081322 0.144309
0.324115 0.058550 0.415707 0.132188
-0.573464 0.108970 -0.683246 0.242636
-0.473084 0.096285 -0.554694 0.082879
-0.639425 0.126975 -0.623687 0.167256
-0.185055 0.136435 -0.900053 0.241519
-0.364695 0.113290 -0.443234 0.220315
0.136565 0.069480 -0.162151 0.249159
1.295506 0.023940 0.957908 0.144025
0.438166 0.053580 0.436856 0.174569
0.462055 0.021815 -0.077080 0.184181
-0.250395 0.084130 0.163694 0.086885
-0.353675 0.114545 -0.230838 0.173139
-0.015215 0.106300 -0.347835 0.135333
1.316586 0.019535 0.820728 0.147780
-0.276484 0.090300 0.377025 0.070421
0.759336 0.060070 0.545510 0.161916
0.324235 0.056470 0.063998 0.249499
-0.611805 0.138540 0.360511 0.081444
0.361995 0.073960 0.231936 0.113870
-0.391115 0.142970 -0.015346 0.145859
0.192375 0.041530 -0.004986 0.194884
0.531896 0.045490 0.430701 0.185227
0.883465 0.030610 1.127798 0.058220
-0.971575 0.110050 -0.239528 0.077064
-0.478815 0.067465 -0.406489 0.130104
-1.165115 0.103210 -0.959369 0.180051
0.206235 0.059770 0.280851 0.156902
-0.718405 0.082335 -0.432598 0.111634
-0.547725 0.079215 -0.449584 0.100760
0.161865 0.049795 0.174549 0.127423
-0.130205 0.098720 -0.006048 0.167387
-0.771715 0.291640 -0.488226 0.250163
0.916975 0.020470 0.227167 0.196914
0.923275 0.033510 1.143298 0.071215
0.013295 0.056200 0.014933 0.141795
0.152195 0.060355 0.259181 0.143928
0.402015 0.036145 0.263073 0.126672
0.545876 0.039950 0.562946 0.123566
0.254835 0.075895 0.295090 0.148879
0.830205 0.034915 0.809248 0.099990
-0.811105 0.108690 -1.104402 0.327736
-0.886435 0.154310 -0.247783 0.103038
-0.745825 0.099035 -0.122312 0.080851
1.116945 0.072455 1.589308 0.084160
-0.014094 0.082480 -0.557401 0.296232
-0.660305 0.063320 -0.714358 0.179489
0.271225 0.098345 -0.277024 0.217669
0.009115 0.089245 -0.193324 0.167820
0.711295 0.055420 0.848768 0.116886
-0.458694 0.131520 0.114395 0.101919
0.137785 0.079805 -0.121090 0.196935
1.322505 0.070100 1.554978 0.151100
0.371165 0.023565 -0.160049 0.221892
-0.133075 0.067400 -0.133403 0.131447
-0.983225 0.101055 -1.162978 0.185125
-1.000095 0.125000 -1.012602 0.232019
0.199395 0.036530 -0.407557 0.373767
-0.230895 0.052235 -0.225152 0.175140
-0.214905 0.098670 -0.143161 0.137667
0.341695 0.041955 0.550563 0.094398
0.080695 0.105745 0.314725 0.126096
-0.667305 0.081445 -0.572612 0.147125
-0.001095 0.083055 0.126804 0.136026
0.434296 0.024265 0.070936 0.128998
-0.420355 0.116375 -0.174066 0.161048
0.926615 0.080555 1.101328 0.209180
-0.058885 0.134805 -0.264378 0.193375
2.347245 0.052000 1.774448 0.091435
-0.465605 0.119685 0.044498 0.102307
-1.481805 0.102495 -1.054634 0.107451
-1.072015 0.145270 -0.466374 0.126426
-0.514165 0.075650 -0.365897 0.169353
0.942505 0.036565 1.130828 0.083405
-0.123565 0.094040 0.076548 0.132314
-0.872115 0.183475 -0.740587 0.306309
0.640495 0.029825 0.266783 0.180148
-0.897785 0.172590 -0.575898 0.227573
-0.213605 0.146860 0.225101 0.185855
0.050076 0.050005 0.148380 0.139601
-0.109905 0.063075 -0.011874 0.131651
0.638505 0.021315 0.344683 0.113171
-0.602705 0.040965 -0.654255 0.148230
0.684615 0.029925 0.719011 0.091206
0.867505 0.047875 0.847398 0.155164
1.458345 0.022850 1.193348 0.141800
-1.013485 0.149420 -1.001438 0.246908
-0.114085 0.089390 0.348184 0.081330
0.108685 0.049875 -0.000747 0.181254
0.656825 0.027775 0.387233 0.142518
-0.566925 0.110625 -0.444970 0.167054
0.339855 0.043935 0.072694 0.188535
0.239785 0.048535 0.194757 0.168639
-0.506115 0.139540 -0.299705 0.149314
-0.141155 0.043905 -0.531315 0.307282
-0.133164 0.069190 -0.169897 0.200618
-0.034485 0.074485 -0.238533 0.258629
-0.862635 0.217645 -0.675062 0.280355
0.038655 0.044275 -0.134627 0.184073
-0.324585 0.180990 0.009073 0.219504
-0.469015 0.063000 -0.493044 0.175104
0.420985 0.054920 1.221938 0.045740
0.785945 0.027820 0.536998 0.136702
-0.910325 0.079875 -1.001091 0.199762
0.413205 0.065715 0.729171 0.078418
-0.571065 0.054050 -0.479034 0.152821
-1.012635 0.189980 -0.095473 0.109248
-0.866105 0.157755 -0.037999 0.094314
-0.656445 0.178545 0.057315 0.130812
0.085586 0.097755 -0.397101 0.134630
-1.324165 0.285475 -0.974674 0.313616
0.507155 0.027845 0.352172 0.117585
-0.343385 0.047115 -0.520724 0.200046
-1.267185 0.132695 -1.218105 0.173998
0.169235 0.027620 -0.408294 0.279059
-0.984065 0.159850 -1.037213 0.219133
-0.529605 0.107860 -0.985190 0.236364
-0.721715 0.094170 -0.340178 0.121948
-0.524155 0.148675 -0.177168 0.181863
0.307375 0.093085 0.509010 0.134559
-0.359205 0.151435 0.163242 0.128147
2.567445 0.031350 1.505678 0.541500
-0.213585 0.159225 0.001054 0.248540
-0.739055 0.081930 -0.917087 0.253732
-1.299855 0.182810 -0.968203 0.220292
-0.444264 0.148200 -0.144014 0.184759
0.035645 0.073250 -0.285327 0.292134
-0.190885 0.048645 -0.120366 0.122388
-0.890075 0.071360 -0.695721 0.103646
-0.746775 0.051825 -0.830434 0.189972
-0.758445 0.182045 -0.320523 0.172928
-0.415834 0.094130 -0.328941 0.165075
-0.692185 0.104790 -1.049489 0.344819
-0.807595 0.070300 -0.764385 0.089667
-0.659335 0.098845 -0.932373 0.166760
-0.257695 0.073220 -0.347568 0.182063
-0.637595 0.160710 -0.135030 0.133354
-0.522224 0.209345 -0.515384 0.224760
-0.182945 0.104685 -0.162334 0.164480
1.095355 0.053160 1.311988 0.133680
0.437335 0.065160 0.584432 0.120238
-0.948465 0.241490 -0.110284 0.142131
0.138926 0.053605 0.066922 0.169407
-0.456425 0.062260 -0.863491 0.388587
-0.776695 0.159045 -0.840471 0.326244
-0.089994 0.033745 -0.083895 0.122334
-0.598555 0.097130 -0.588756 0.182846
0.546715 0.044670 0.436848 0.164121
0.914186 0.021690 0.644169 0.096998
-1.159265 0.194040 -0.680305 0.206831
-0.368765 0.081470 -0.721523 0.379963
0.640765 0.027065 0.344322 0.146940
-0.523195 0.054540 -0.805574 0.260224
-0.082595 0.099795 -0.608833 0.320071
-1.216605 0.135295 -1.071851 0.188938
-0.038605 0.022465 -0.756504 0.297775
-1.424625 0.289785 -1.134797 0.315681
1.233685 0.028625 0.179448 0.410275
1.645545 0.072500 1.808068 0.122060
-0.617245 0.119135 -1.317672 0.282679
-0.911945 0.148925 -0.368597 0.134385
-0.517405 0.126095 0.061916 0.115922
-0.847025 0.145375 -0.917502 0.339173
0.059245 0.020590 -0.656115 0.227856
-0.235145 0.039840 -0.394077 0.177552
-0.003195 0.077335 0.320015 0.096144
0.732805 0.028305 0.413896 0.149047
-0.793565 0.122890 -0.742334 0.204187
-0.880655 0.054685 -1.031672 0.210012
-0.838955 0.126130 -1.005590 0.268057
-0.446525 0.115300 -0.999131 0.231305
-0.337005 0.050765 -0.222187 0.112594
-0.374525 0.097465 -0.664172 0.240362
0.911305 0.038475 0.790688 0.144429
-0.526705 0.091915 -0.845744 0.178271
-0.853105 0.135395 -0.902588 0.269700
-0.178325 0.040450 -0.379676 0.200350
0.454226 0.023770 0.177682 0.095445
-0.969485 0.104685 -0.642533 0.144119
-1.211075 0.116835 -0.594753 0.095178
-0.299205 0.059195 -0.704467 0.338315
-0.602634 0.066580 -0.539735 0.133480
-0.618794 0.107780 -1.001988 0.357322
-0.187515 0.045600 -0.340388 0.183252
-0.276655 0.074540 -0.586553 0.312859
-0.319855 0.058140 -0.405167 0.179197
-0.262725 0.131425 0.199439 0.134874
-0.182455 0.108640 -0.321353 0.094476
0.367305 0.042210 0.605546 0.076158
-1.123185 0.149740 -1.049639 0.229816
0.678865 0.053160 0.741466 0.137313
-0.289275 0.130240 -0.937321 0.151830
-0.530065 0.108215 -0.676728 0.183582
1.575445 0.023350 1.246588 0.139435
1.281446 0.020925 0.928708 0.146235
-0.428835 0.054980 -0.683153 0.264828
-0.263675 0.050730 -0.364664 0.190629
-1.036415 0.160055 -0.831267 0.190870
-1.010175 0.064895 -1.146245 0.204135
0.104225 0.139350 -0.599798 0.121432
-0.037935 0.037400 -0.238417 0.162457
-0.497285 0.068940 -0.667708 0.131389
-0.519355 0.133570 -0.558859 0.378915
0.805845 0.039150 0.515629 0.206468
1.187085 0.033025 1.086128 0.110300
0.235456 0.033465 0.327668 0.089389
0.656415 0.031370 0.395824 0.159414
0.269905 0.037740 0.146375 0.134633
0.649446 0.053490 1.082118 0.088415
-1.207805 0.169295 -0.609141 0.148177
-0.277645 0.114265 -0.265345 0.178433
-0.395385 0.101140 -0.991723 0.432883
-0.293215 0.025620 -0.620545 0.156808
0.788965 0.049260 1.312048 0.055405
-0.081904 0.106260 -0.898890 0.385211
-0.061854 0.078045 -0.471745 0.287992
-0.969185 0.069705 -0.816009 0.134965
-0.268055 0.091565 -0.046952 0.127586
-1.033835 0.154925 -0.745800 0.188763
1.420745 0.042700 1.356308 0.130455
-0.920795 0.176370 -0.803381 0.282349
-1.236715 0.106300 -1.125185 0.136076
-0.557775 0.128930 -0.751373 0.210006
-0.526245 0.113110 -0.713253 0.154776
0.923315 0.033885 0.953158 0.092080
1.239315 0.042800 1.226518 0.165460
0.078526 0.068120 0.543855 0.079604
-0.053635 0.030350 -0.723615 0.364561
-0.569765 0.135120 -1.123039 0.214913
0.688605 0.067280 -0.278193 0.395036
-0.281915 0.050935 -0.394182 0.182063
-0.705835 0.132810 -0.832197 0.289016
-0.205475 0.107595 0.338461 0.093900
-0.303545 0.085330 -0.659514 0.112377
-0.518785 0.087410 -0.268942 0.138469
-0.994295 0.164840 -0.866993 0.201460
-0.708475 0.072230 -0.695766 0.223449
-0.088545 0.103220 -0.477197 0.156600
-1.049865 0.121455 -0.090855 0.071536
0.158355 0.083175 0.937908 0.052725
1.935145 0.052100 0.960338 0.118165
-0.723065 0.143620 -1.000545 0.265525
0.773295 0.032970 0.432272 0.254568
-0.925545 0.122385 -0.707481 0.198667
-0.630835 0.192965 0.320496 0.114776
-0.575965 0.067580 -0.797576 0.194612
-0.552045 0.055040 -0.578937 0.165457
-1.000215 0.063475 -1.272112 0.263882
0.596115 0.049055 0.987488 0.064550
-1.035275 0.115200 -1.080747 0.189220
0.699535 0.084855 1.116568 0.133180
-0.749395 0.071355 -0.669987 0.193296
0.221766 0.019265 -0.337709 0.196703
-0.401275 0.036255 -1.101718 0.266707
0.088295 0.035610 -0.018354 0.136562
-1.319535 0.174515 -0.941495 0.197741
-0.728675 0.124410 -0.595472 0.183701
-0.035145 0.138985 -0.675565 0.247745
0.627175 0.055080 1.021428 0.071010
-0.781865 0.172905 -0.855774 0.381393
-0.320795 0.053215 -0.333985 0.149681
-0.836635 0.102850 -0.959798 0.100694
-0.445565 0.099330 -0.608567 0.289282
0.825726 0.045325 0.872828 0.121431
-1.059905 0.183155 -0.854109 0.211821
-0.237605 0.077805 0.226358 0.080206
0.476105 0.046590 0.376022 0.189814
0.639825 0.083895 0.914208 0.182305
-0.122615 0.100205 -0.098123 0.151436
0.162635 0.027225 -0.108954 0.156187
0.905885 0.061450 1.384028 0.075005
-0.992235 0.271315 -0.620013 0.227168
0.001095 0.076850 -0.583661 0.234504
-0.851855 0.083765 -0.850366 0.239806
1.270365 0.022575 0.927158 0.149030
-0.485015 0.083345 -0.759713 0.245785
-1.453515 0.142685 -0.598188 0.090145
-0.401345 0.061945 0.352857 0.054373
0.312945 0.023500 -0.152852 0.235382
-0.414235 0.105645 -1.138201 0.346943
-0.504405 0.150220 -0.413163 0.260691
-0.684805 0.146320 -1.118314 0.274651
1.453245 0.027400 1.615838 0.067635
0.336555 0.060230 0.854158 0.077960
-1.082275 0.116450 -0.897743 0.177179
-0.610354 0.087325 -0.480020 0.176019
2.438846 0.097050 1.853908 0.173635
0.740315 0.037015 0.601841 0.120174
-0.173625 0.108135 -0.325768 0.179049
0.703185 0.054470 1.106278 0.078790
0.819525 0.038915 0.790078 0.136854
1.424945 0.043550 1.411448 0.132820
-0.509795 0.152090 -0.323892 0.197451
0.870155 0.068115 1.197888 0.120460
0.926595 0.039935 0.889678 0.123095
-0.315675 0.030715 -0.738323 0.218242
1.006775 0.037170 0.805428 0.136801
-0.352135 0.133165 0.090983 0.141060
-1.122745 0.146210 -0.259827 0.091333
0.170905 0.072755 0.130168 0.210323
0.871185 0.052640 0.767708 0.182940
1.029635 0.031505 0.788128 0.133149
1.262355 0.025445 0.778278 0.195549
1.016755 0.039345 1.037298 0.128735
1.165956 0.032320 1.345278 0.070520
1.514845 0.036450 1.427348 0.121260
0.256655 0.027590 -0.264832 0.148962
0.952305 0.038520 0.908038 0.118610
0.837985 0.057240 1.277298 0.074985
2.181245 0.019550 1.129948 0.305770
2.135945 0.027500 1.714278 0.166235
0.548306 0.026465 0.129830 0.202737
0.715305 0.040745 0.500158 0.172690
1.151845 0.028800 0.697976 0.262324
0.943766 0.053020 1.170448 0.106955
1.047445 0.061705 1.210738 0.146850
1.362345 0.019310 0.415184 0.233219
0.639815 0.054360 1.127198 0.071760
0.646145 0.053225 0.900818 0.096085
0.875315 0.057830 1.000808 0.118945
0.699195 0.049670 0.863088 0.111399
0.834115 0.040925 0.692312 0.190770
1.168145 0.054070 1.118248 0.157075
0.707786 0.066435 0.737140 0.168821
-0.146365 0.282475 0.148821 0.394385
0.304325 0.081145 0.286915 0.267782
0.664675 0.036240 0.312223 0.204011
0.887635 0.022290 0.187241 0.240862
1.814845 0.051000 1.099098 0.098590
0.776185 0.058820 1.018098 0.103865
1.381946 0.023450 0.828348 0.181254
1.106135 0.037245 1.344448 0.072775
0.746776 0.042540 0.970288 0.084275
0.781635 0.062585 0.826858 0.148100
1.595945 0.310300 1.703088 0.406280
0.737656 0.111265 1.409238 0.100580
0.509165 0.066790 1.012678 0.087265
1.455646 0.065350 1.732018 0.116600
1.522346 0.026300 0.920628 0.185414
1.269025 0.032095 1.067368 0.108565
0.980515 0.050890 1.179648 0.113285
1.244625 0.040605 1.381008 0.107035
1.085355 0.037110 1.227078 0.089215
1.211645 0.027100 0.656731 0.230914
-0.055785 0.115385 -0.049256 0.246707
0.606105 0.083225 1.239108 0.087360
0.223485 0.337265 0.499433 0.414243
0.431095 0.058410 0.620960 0.109137
1.539946 0.066300 1.792018 0.133070
1.951145 0.051350 1.728678 0.197250
0.757205 0.021805 -0.107262 0.260510
1.447345 0.067750 1.674118 0.110050
0.979605 0.080335 0.866448 0.149458
1.193365 0.043030 1.408698 0.094510
1.539445 0.042550 1.448818 0.119420
0.849175 0.064785 0.943318 0.152280
1.157445 0.044425 1.252168 0.109170
-0.609015 0.186845 -0.702219 0.244247
-0.633355 0.217545 -0.314973 0.255664
-0.547705 0.157155 -0.571796 0.295728
-1.278135 0.223800 -0.938652 0.296203
-1.565895 0.208965 -1.157386 0.199870
-0.688095 0.163615 -0.426225 0.232493
-1.299225 0.190390 -1.116732 0.254831
-1.934455 0.191100 -1.192943 0.099057
-0.793265 0.189840 -1.080712 0.379099
-0.985805 0.258825 -0.783396 0.365513
-1.247755 0.169545 -1.113204 0.228218
-1.617875 0.268750 -0.851751 0.197471
-1.181805 0.148550 -1.038566 0.205413
-1.525405 0.181345 -1.282032 0.202618
-0.884345 0.139735 -0.791368 0.212480
-1.551015 0.181460 -1.361022 0.214008
-1.108025 0.116970 -0.956873 0.159770
-1.235075 0.149775 -0.505718 0.082750
-0.957565 0.267680 -0.479668 0.203290
