# x_refit,sx_refit,y_refit,sy_refit
1.451590 0.068300 0.494365 0.221060
0.575239 0.091605 1.093445 0.164315
0.484449 0.090435 0.518595 0.271672
0.127540 0.084035 0.331321 0.186985
1.444889 0.058700 1.992405 0.148860
0.626289 0.124225 1.087735 0.090320
-0.032670 0.038260 0.647395 0.027870
-0.444671 0.126040 -0.516906 0.274395
-0.052501 0.083295 -1.202798 0.355760
0.060550 0.030015 0.498545 0.151174
0.246650 0.098135 0.001516 0.227580
1.600789 0.060900 0.097895 0.600672
-0.617001 0.052640 0.190404 0.071297
0.996989 0.067750 1.391625 0.181540
1.176390 0.077700 0.719585 0.145985
0.628599 0.045110 1.271155 0.031995
0.954889 0.076685 0.946095 0.156265
0.014420 0.023315 -0.122101 0.225943
-0.732861 0.092265 -0.353070 0.186813
-0.117961 0.095190 0.043407 0.147833
-0.040360 0.031335 0.303618 0.186931
-0.337151 0.087660 0.050727 0.178977
0.195049 0.106675 0.513735 0.179095
0.319369 0.037105 0.359444 0.194935
0.002529 0.023035 -0.034048 0.166819
0.322430 0.027645 0.915695 0.061465
-0.201691 0.064185 0.411267 0.085019
1.273990 0.043550 1.013025 0.192590
0.927389 0.015350 0.874405 0.140470
0.739559 0.069960 1.131165 0.163510
0.339660 0.022270 0.661175 0.169470
-1.025411 0.138690 -1.136923 0.324428
0.083779 0.100660 -0.053274 0.221490
-0.214830 0.041560 -0.039557 0.154383
-0.388301 0.083305 -0.392144 0.204134
-0.222051 0.088125 0.047263 0.131520
0.781420 0.046730 0.791035 0.145410
0.336679 0.036545 -1.000293 0.211995
-0.085751 0.065780 -0.562545 0.185981
0.292410 0.093980 0.061854 0.176327
-0.352350 0.067325 -0.590671 0.161557
-0.097760 0.033250 -0.317748 0.232146
1.697289 0.028250 1.829225 0.097860
0.089640 0.080775 0.517675 0.180747
-1.498401 0.139955 -0.904557 0.078267
-0.154970 0.039625 -0.008582 0.183290
-1.016460 0.124895 -0.778018 0.197548
0.888399 0.037505 0.546915 0.145008
0.619450 0.124715 0.448455 0.320742
0.882810 0.060555 1.084765 0.205545
0.217259 0.060225 0.629945 0.164217
-0.601920 0.021270 -0.238880 0.158931
0.905990 0.034800 1.244875 0.153905
0.701890 0.029715 0.628935 0.177750
0.014979 0.066830 -0.084587 0.172726
0.304110 0.032340 0.644595 0.198063
-1.525250 0.060850 -0.916369 0.055653
0.477989 0.036105 0.808895 0.146770
0.661699 0.072820 0.598225 0.165172
0.287860 0.075940 -0.131020 0.163853
0.531280 0.054605 1.135965 0.099975
-0.125670 0.039845 0.599915 0.018110
-0.199491 0.057420 0.314506 0.129757
0.017710 0.023780 -0.382632 0.160088
0.367280 0.019425 0.633425 0.153685
1.383189 0.044600 1.422825 0.195475
-0.502661 0.041620 0.054731 0.118904
0.564890 0.020640 0.984345 0.136105
0.906489 0.020210 1.263575 0.155930
0.122499 0.062780 0.589645 0.067850
0.389859 0.020970 -0.183100 0.294962
-1.153511 0.069695 -0.774659 0.094127
0.497700 0.040480 0.776605 0.138815
0.625979 0.056125 0.795995 0.120465
-0.638520 0.209625 -0.513626 0.418045
0.181660 0.055810 -0.589297 0.183914
-1.209970 0.121015 -1.015542 0.211129
-0.452971 0.073335 -0.421174 0.187003
1.239389 0.082200 0.611655 0.225462
0.686489 0.029735 0.921925 0.148595
0.971889 0.035950 1.293575 0.118800
0.504109 0.067765 1.020595 0.135795
0.330440 0.066160 0.512335 0.160535
0.367920 0.033675 0.303852 0.188835
0.809950 0.034210 1.132195 0.177005
0.044660 0.063135 0.380413 0.173993
-0.656640 0.051995 0.099951 0.074691
0.292840 0.074310 0.595465 0.167256
0.114630 0.075505 0.287093 0.146519
0.918090 0.069670 0.558855 0.274258
0.048249 0.037490 0.541575 0.144619
0.088070 0.064835 -0.003751 0.192577
0.090710 0.082085 0.002091 0.159221
-0.296680 0.095400 0.092100 0.089988
-0.154500 0.028245 0.462454 0.035159
0.404429 0.071020 0.046638 0.198695
0.111890 0.050445 0.429955 0.215791
-0.983360 0.152880 -0.799632 0.241594
-0.570050 0.061330 0.098152 0.040084
-0.209391 0.035940 0.354046 0.085735
-1.554300 0.081160 -0.480144 0.064329
1.020289 0.034450 0.569435 0.211048
0.505110 0.036685 0.814945 0.178820
0.067450 0.072645 -0.805218 0.227192
0.377640 0.029140 0.706485 0.160765
-0.054481 0.052015 0.490405 0.166376
0.706550 0.056645 1.032445 0.218320
1.044189 0.016700 1.331505 0.158680
-0.742741 0.100045 -0.973280 0.214099
-0.455590 0.116910 -0.767460 0.284839
-0.723841 0.075950 -0.063453 0.106580
-0.224561 0.041505 0.079147 0.217893
-0.139920 0.103030 0.236722 0.180385
0.031039 0.073740 0.269143 0.125927
-0.783311 0.096870 -0.881676 0.232993
0.185019 0.055145 -0.046299 0.189958
-0.137900 0.034720 0.570355 0.016385
-0.089081 0.044740 0.184727 0.199948
1.057489 0.036850 1.368585 0.130825
0.340529 0.016485 0.591325 0.161948
1.573290 0.043550 1.193965 0.242840
0.515300 0.021520 0.879435 0.155660
0.697390 0.060225 1.273105 0.104860
-0.884010 0.188290 -0.822161 0.384099
-0.211640 0.030990 0.242775 0.157496
0.402940 0.065900 0.090518 0.167695
0.047090 0.038980 0.754565 0.027485
0.713429 0.107625 1.009755 0.216080
-0.084741 0.069175 0.269615 0.089754
0.133499 0.035490 -0.239634 0.220846
0.459530 0.091470 0.457753 0.172678
0.067760 0.032560 0.574205 0.131711
0.395769 0.027180 0.734185 0.178405
-0.276060 0.029525 -0.040959 0.198566
0.987690 0.046800 0.945505 0.178440
0.117980 0.072105 -0.238748 0.174648
-0.005240 0.034100 0.292141 0.212152
0.019879 0.077190 -0.235256 0.172954
-0.278041 0.074915 -0.128466 0.161760
-0.497411 0.033975 -0.144471 0.198373
1.430790 0.113450 1.256315 0.194500
0.517839 0.055475 -0.151460 0.198905
0.269030 0.031985 0.643115 0.144370
0.676049 0.042620 0.972415 0.124820
0.322980 0.020360 0.707685 0.144465
0.834419 0.027010 0.797755 0.191120
0.333170 0.042150 0.253404 0.180733
0.195550 0.103220 0.042625 0.226645
-0.486590 0.033510 -0.202874 0.213312
1.162990 0.083800 0.620715 0.180725
0.192380 0.062620 0.532505 0.158112
0.183129 0.068660 0.055801 0.174426
0.973189 0.016050 1.312965 0.142980
-0.242021 0.055330 -0.596985 0.226810
0.304270 0.050415 1.009235 0.030610
-0.719840 0.092135 -0.539551 0.136553
-0.067181 0.038865 -0.547430 0.163296
-0.061280 0.106515 0.094300 0.216281
0.207350 0.044070 0.868355 0.027775
0.797549 0.040210 0.970845 0.211790
0.048900 0.074720 0.513245 0.173668
0.145840 0.103415 -0.515945 0.166974
1.426590 0.019550 0.944765 0.266820
0.780339 0.016750 1.088655 0.156220
-0.485870 0.057645 -0.371054 0.168860
-0.085330 0.037650 -0.017709 0.240461
0.272490 0.086275 0.767125 0.136540
-0.701281 0.130225 -1.250738 0.277644
0.040339 0.052325 0.731455 0.029755
0.290359 0.078610 0.574105 0.162329
1.118290 0.051150 1.615965 0.144940
0.663139 0.055070 0.910155 0.178475
1.095889 0.061200 -0.098628 1.033467
-0.343101 0.109960 -0.589941 0.313732
0.583179 0.019465 1.001605 0.134150
0.457979 0.135430 0.230933 0.245247
1.011689 0.070500 0.798105 0.202015
-0.882610 0.097150 -1.188566 0.252551
0.020010 0.089645 0.126348 0.226285
-0.509021 0.066915 -0.137705 0.191586
-0.198831 0.063325 -0.038320 0.126070
0.227320 0.069980 0.319737 0.169913
-0.403100 0.072980 -0.314255 0.207829
0.054449 0.064060 0.268121 0.138091
-0.193320 0.026140 0.324806 0.105239
-0.538940 0.062025 -0.108377 0.169194
0.091479 0.065365 0.577675 0.163618
0.558359 0.083595 0.496275 0.227568
-0.418720 0.047440 0.242494 0.029637
-0.356131 0.105710 -0.454167 0.205089
0.382720 0.043665 0.515765 0.123442
-0.218571 0.069510 0.048034 0.121458
-0.691211 0.046230 -0.144855 0.110224
1.149989 0.053000 1.383685 0.202655
0.576790 0.031090 1.219715 0.026460
-0.032821 0.078290 -1.096358 0.259492
0.826400 0.101210 0.945545 0.173160
0.582560 0.035850 0.952625 0.158630
-0.447950 0.080420 -0.553617 0.149359
0.324030 0.074100 0.605605 0.187112
0.793320 0.017490 0.543425 0.170657
-0.085330 0.091730 -0.162730 0.233811
0.754789 0.017940 1.037455 0.158115
-0.181150 0.024115 0.147703 0.176755
-1.228770 0.028680 -1.134981 0.121925
1.085790 0.074050 1.022685 0.217110
0.684330 0.035290 0.595245 0.219177
-0.988621 0.130190 -0.551914 0.103044
1.194690 0.056500 1.153585 0.238280
-0.089810 0.026195 -0.365405 0.201630
0.011439 0.015965 -0.344317 0.169037
0.645499 0.028715 1.041475 0.164850
0.912789 0.027445 1.173715 0.167725
0.670099 0.111275 0.618765 0.244511
-0.259541 0.082605 0.018150 0.153997
0.979890 0.083600 0.379122 0.157369
-0.275580 0.043400 0.397394 0.022986
-0.686880 0.121885 -0.060152 0.069982
0.150880 0.080485 -0.314997 0.239455
-0.246221 0.086930 -1.098895 0.269140
-0.955001 0.081640 -0.446682 0.079973
-0.059410 0.089870 -0.032483 0.162771
-0.097660 0.066620 -0.225971 0.234786
0.187189 0.111055 0.255674 0.214599
0.326810 0.034550 0.503855 0.157987
-0.383600 0.060685 -0.215824 0.105485
0.322940 0.022240 0.812565 0.109505
-0.164181 0.020995 -0.341306 0.177505
-0.211310 0.034690 0.435241 0.019534
0.619269 0.028935 1.060295 0.151890
-0.175920 0.062725 -0.024886 0.106732
0.594069 0.018960 1.029245 0.121645
0.692070 0.019980 1.096875 0.133945
0.896919 0.080385 1.002425 0.181450
1.172489 0.070900 0.973965 0.341715
0.876380 0.026020 0.998095 0.186010
0.230120 0.068995 -0.634316 0.053081
0.255070 0.016775 0.101009 0.152012
-1.788900 0.095990 -1.026984 0.093504
-0.039921 0.075145 -0.034204 0.165348
-0.900701 0.066745 -0.329450 0.116930
-0.532030 0.065870 -0.214256 0.118066
0.246510 0.071975 0.655425 0.176120
-1.074560 0.066770 -0.465902 0.059014
-0.091030 0.111000 -0.043186 0.187964
0.123130 0.029940 0.753335 0.028550
0.537479 0.020690 0.822145 0.150040
-0.203990 0.059080 0.003789 0.142365
0.650900 0.040015 1.030985 0.160380
-0.221710 0.026570 0.247871 0.124092
0.056660 0.054745 -1.019094 0.314124
0.591740 0.019245 0.866585 0.180980
0.635289 0.027160 1.195675 0.082925
0.260139 0.050090 0.703705 0.124230
-0.126210 0.060105 -0.013892 0.153645
0.604460 0.086380 -0.361657 0.180417
0.524150 0.016980 0.658585 0.161755
0.570809 0.022745 0.959555 0.152790
-0.100680 0.043135 0.260604 0.191462
0.177310 0.027900 0.117936 0.215184
-0.359740 0.056290 -0.567481 0.178805
0.470130 0.064095 -0.668290 0.347476
0.995190 0.025750 1.558635 0.064580
-0.690990 0.101740 -1.057243 0.193928
1.106990 0.092000 1.055865 0.246745
0.704889 0.016940 1.140655 0.123290
0.546010 0.050675 0.304306 0.188368
0.624209 0.065635 0.185142 0.161711
0.809170 0.023555 0.906865 0.129460
-0.002271 0.088215 -0.318901 0.172491
0.229819 0.043170 0.752335 0.118500
-0.664021 0.041750 -0.032111 0.031634
0.229159 0.059970 0.525375 0.169524
0.667740 0.051135 1.301785 0.042040
0.728680 0.029440 1.308305 0.060205
1.000290 0.026100 1.449135 0.155350
0.520209 0.016660 0.731275 0.157780
0.594990 0.074545 0.631475 0.189982
-0.243751 0.077940 -0.385786 0.159175
0.057960 0.054375 0.704705 0.044715
1.006189 0.064350 1.637525 0.063740
0.743199 0.051275 0.420274 0.170633
0.292800 0.049855 0.010009 0.163131
-0.221890 0.086370 -0.830472 0.158342
-0.509050 0.093285 -0.301054 0.280285
0.666570 0.080940 0.447984 0.166689
-0.071610 0.080835 -0.216055 0.161759
0.116199 0.019115 0.461969 0.139030
1.036489 0.023200 1.410485 0.147465
-0.245220 0.075675 0.103731 0.194150
-0.597791 0.044675 -0.060026 0.094053
0.258289 0.024010 0.635675 0.144575
-0.265890 0.037830 0.258325 0.116944
-1.340820 0.061745 -2.351255 0.420440
-0.989290 0.091565 -1.363408 0.259823
-0.623851 0.022305 -0.901810 0.244565
-0.029160 0.073190 -0.179160 0.194335
-0.046061 0.024905 -0.148808 0.176012
-0.520020 0.074175 -0.337984 0.108236
-1.143100 0.088985 -1.166598 0.176614
-0.573630 0.072480 0.111319 0.045562
-0.166961 0.052530 -0.234709 0.199278
-1.830730 0.082045 -1.758025 0.251983
0.169600 0.025700 0.536985 0.165750
0.811999 0.061145 1.567535 0.059890
0.691580 0.062200 0.393442 0.151215
0.508770 0.021595 0.923955 0.135370
0.779889 0.029090 0.954885 0.203680
0.055599 0.023415 0.172988 0.185074
0.542529 0.070055 0.607135 0.154238
-0.708020 0.107410 -0.892977 0.226582
-0.691151 0.031970 -0.499946 0.168860
-0.217280 0.087705 -0.511390 0.189872
-0.329910 0.119835 -0.418078 0.290455
0.047400 0.073720 -0.068858 0.166998
-0.276401 0.034360 0.255677 0.104283
-0.554440 0.042050 0.034945 0.072445
-0.956731 0.089290 -1.681085 0.204196
-0.960960 0.114020 -1.189726 0.241609
0.619300 0.019995 1.076815 0.114520
-0.695230 0.106205 -1.056680 0.268766
-1.211761 0.101765 -1.572135 0.213910
-0.175281 0.021130 0.046111 0.180626
-0.692660 0.125155 -0.263033 0.100023
1.486489 0.054250 1.417915 0.167250
0.178720 0.055730 0.911085 0.036640
0.181729 0.057460 0.910335 0.038715
-1.066851 0.108030 -1.762985 0.229992
0.077310 0.084190 0.300773 0.130060
-0.302951 0.090495 -0.236631 0.164132
-1.195560 0.056045 -1.846835 0.282465
-0.964440 0.134910 -0.773585 0.411466
-1.472711 0.077555 -1.368072 0.202070
0.446859 0.038515 0.448705 0.215192
-0.245120 0.028670 0.172044 0.155560
-0.553241 0.085840 -0.980338 0.188426
-1.055301 0.070960 -2.049555 0.275920
-1.727880 0.075885 -2.298935 0.348095
0.126849 0.055795 -0.521191 0.187617
-0.837521 0.061355 -1.207993 0.168982
-0.865781 0.074480 -1.168974 0.170687
-0.623381 0.036440 -0.745826 0.214640
-1.526590 0.072065 -1.875305 0.203180
-0.877770 0.077280 -0.849382 0.169031
0.624849 0.051655 1.175835 0.126045
-0.668011 0.024165 -0.095452 0.062186
-0.030670 0.034575 0.129124 0.184242
0.484130 0.064555 0.296285 0.190156
-0.940950 0.079825 -0.772053 0.201843
-1.511550 0.161880 -1.188913 0.198491
-1.076521 0.077550 -0.706578 0.106776
-2.176940 0.069710 -1.652395 0.172540
-0.514421 0.054645 -1.286446 0.268744
-1.752110 0.101545 -2.214055 0.271345
-0.857011 0.033360 -0.903369 0.228920
-2.040771 0.113100 -1.834105 0.164790
-0.177300 0.061575 0.092066 0.160148
-1.489100 0.047990 -1.589625 0.126873
0.295309 0.026425 0.357649 0.204718
0.069579 0.095020 0.197423 0.171173
-1.076381 0.095900 -1.272341 0.228515
-1.482420 0.075515 -1.291530 0.285840
-1.338400 0.157930 -1.402215 0.329357
-0.195661 0.041070 0.476264 0.044604
-0.903340 0.092625 -1.329499 0.221391
0.323910 0.027915 0.686255 0.149055
0.323899 0.027265 0.679105 0.140430
-0.721480 0.019765 -0.510071 0.169111
-0.153780 0.038495 0.531135 0.022885
0.012640 0.041490 -0.250961 0.157344
-0.132111 0.066410 0.138504 0.151335
-1.671051 0.102355 -2.264755 0.469340
-1.849690 0.227035 -1.842675 0.387832
-0.939840 0.078810 -1.809175 0.502194
0.614619 0.035780 1.099945 0.134190
0.669629 0.074330 0.934225 0.190655
-0.814011 0.096415 -1.372522 0.270335
-0.086531 0.050785 0.608735 0.024185
0.258790 0.029310 0.827615 0.070770
0.253940 0.029400 0.826825 0.072295
0.176270 0.028475 -0.904960 0.153608
-0.355961 0.118630 -0.084180 0.143451
-0.079321 0.092615 -0.193459 0.209275
-1.189381 0.095715 -1.987565 0.332005
0.398640 0.097190 0.364077 0.191380
-0.615050 0.028255 -0.009985 0.052718
0.605390 0.073920 0.303722 0.161557
0.258120 0.043485 0.431243 0.174243
0.158700 0.090405 -0.112333 0.190364
-1.620050 0.075455 -1.791565 0.152620
-2.041451 0.200985 -0.997566 0.119182
-0.558870 0.025120 -0.196924 0.162901
-0.949740 0.073645 -1.532045 0.294104
-0.610551 0.020795 -0.605990 0.179740
-1.478490 0.116035 -1.866435 0.227640
-1.353910 0.084700 -1.934275 0.234020
-1.779561 0.083790 -2.194665 0.295800
-1.149570 0.078675 -1.423017 0.252564
-0.737201 0.085540 -0.846536 0.186487
0.548280 0.019350 0.964255 0.131830
-0.393371 0.028370 0.144528 0.102815
-1.021070 0.142275 -1.667215 0.260725
-1.899721 0.228520 -1.221527 0.111649
0.077169 0.074425 -0.058895 0.146256
0.078699 0.077865 -0.083615 0.151851
0.376030 0.074190 0.696515 0.131335
0.600329 0.029675 0.897905 0.216895
-0.642570 0.088110 -0.823394 0.201089
-0.013921 0.084200 0.214938 0.150902
-0.388170 0.021340 -0.293904 0.193365
-1.641651 0.148675 -1.840225 0.448860
-1.518421 0.112715 -1.977245 0.294830
-1.623520 0.048460 -2.012225 0.125675
-0.355571 0.100075 -0.354558 0.199787
-0.377570 0.094850 -0.270404 0.180856
-1.097501 0.125785 -1.420455 0.292281
-1.588241 0.074160 -1.436116 0.171536
-1.177391 0.052965 -1.261537 0.291582
-1.741470 0.096675 -1.245534 0.061622
-1.850511 0.088125 -1.314825 0.052103
-0.019341 0.095995 0.151502 0.177122
-0.191091 0.068955 -0.530578 0.169908
-0.037411 0.063770 -0.716532 0.152269
1.131989 0.126400 1.413185 0.143290
0.608789 0.037210 0.201427 0.148869
0.238159 0.017480 0.439626 0.175554
-0.375911 0.029870 -0.710698 0.199447
0.000000 0.208895 0.496955 0.173665
-0.227930 0.070330 -0.265983 0.170856
-0.509601 0.082040 -0.752616 0.216089
-1.487660 0.090180 -1.806935 0.236325
-0.590940 0.056990 -0.414952 0.138715
-0.594761 0.054645 -0.403461 0.143936
-0.501011 0.156170 -1.096212 0.312331
-1.393661 0.154160 -0.913334 0.126066
-1.495440 0.107195 -1.485889 0.199947
-1.422700 0.194155 -0.852305 0.112751
-0.607270 0.028365 -0.320589 0.195979
-1.670101 0.088445 -1.510550 0.292120
0.463639 0.090845 0.716505 0.163320
-1.576840 0.101875 -1.918605 0.308100
-1.398370 0.101495 -1.830335 0.284295
0.458830 0.044800 0.960235 0.131175
-1.939741 0.138550 -2.792475 1.010735
0.426769 0.017545 0.806695 0.142070
0.426629 0.018810 0.804445 0.149195
-1.145491 0.111010 -1.489205 0.231060
0.342669 0.053560 0.910905 0.119790
-1.482020 0.152050 -1.081101 0.142515
-0.371820 0.078050 -0.958431 0.214806
-0.364611 0.080405 -0.164193 0.132200
-0.817210 0.097365 -0.638759 0.176740
-0.444540 0.024870 -0.756060 0.235497
-0.491560 0.072835 -0.679459 0.191776
-0.933121 0.051105 -1.070038 0.227120
-1.424170 0.067780 -0.919928 0.171005
-1.043020 0.063725 -1.051629 0.177674
0.355200 0.028105 0.555325 0.215920
-0.166261 0.022550 -0.134486 0.183852
-0.632131 0.032210 -0.508952 0.172789
-0.171460 0.016515 -0.152962 0.158608
-1.850350 0.136570 -2.130075 0.436415
-1.327361 0.056120 -2.534935 0.425065
-0.679291 0.079650 -1.147188 0.253426
-0.473640 0.043190 0.093857 0.089732
0.306740 0.063015 -0.594201 0.200171
1.013989 0.035200 0.861785 0.175725
-0.182541 0.056070 -0.660177 0.165459
-1.190170 0.115395 -1.610935 0.183870
-0.388141 0.063605 -0.495671 0.131500
-0.312361 0.012575 -0.636102 0.166027
0.605209 0.039010 1.230985 0.034375
0.025510 0.095125 -0.523985 0.170369
0.296559 0.057160 0.582785 0.217488
-0.361940 0.043020 0.332785 0.034401
-0.238151 0.044225 0.268760 0.139673
1.432590 0.059700 1.125255 0.150270
0.096519 0.080670 -0.490635 0.147190
0.092779 0.080365 -0.482738 0.142948
-0.784801 0.093320 -0.730307 0.233608
0.510119 0.025455 0.747485 0.159620
-1.493731 0.112745 -1.716425 0.231404
-1.706080 0.098985 -1.692265 0.200217
-0.144951 0.104115 -0.012444 0.323391
-0.463910 0.033830 0.253318 0.019785
-0.152301 0.034345 0.286422 0.156204
-1.855690 0.075005 -2.730545 0.443970
-0.797441 0.082510 -1.334256 0.154551
0.645260 0.036295 1.333815 0.016200
-1.661611 0.024875 -1.636405 0.185171
-1.026131 0.065150 -1.146172 0.175037
-0.020790 0.080435 0.000000 0.177850
-0.056061 0.084780 0.302874 0.172285
0.330009 0.017590 0.706205 0.146010
0.314879 0.017560 0.691815 0.139695
1.243389 0.043050 1.738215 0.158230
-1.784060 0.124795 -1.868705 0.320165
-0.772571 0.078405 -1.275924 0.396966
-0.145640 0.074850 -1.340235 0.153443
-2.004011 0.098620 -1.703165 0.138575
-1.084041 0.079435 -1.438825 0.428934
-0.811180 0.031725 -0.542356 0.208831
-0.140281 0.058165 -0.010992 0.169904
-1.520650 0.059015 -1.177334 0.076678
-1.126710 0.028065 -1.161866 0.156392
0.155519 0.033035 0.486355 0.169693
0.150929 0.030485 0.493345 0.155708
-1.350861 0.068755 -2.014205 0.287620
-0.296551 0.073990 -0.218939 0.133908
-0.436670 0.156605 -0.619028 0.299989
-1.671950 0.093410 -2.406775 0.490630
-0.442471 0.022720 -0.604324 0.225212
-1.571311 0.078415 -1.413533 0.150300
-1.799510 0.089050 -2.029835 0.261140
-1.772440 0.064910 -2.167435 0.245220
-0.995010 0.083265 -1.038515 0.217283
-0.586030 0.025870 -0.520346 0.182058
-1.642030 0.091205 -1.578735 0.175468
0.475880 0.084090 -0.313763 0.169144
1.315289 0.033300 -0.157271 0.301261
0.853720 0.024395 1.139895 0.144575
-1.070351 0.065630 -1.398467 0.115167
0.454820 0.027755 0.739025 0.119065
0.453150 0.028585 0.738215 0.120250
0.810200 0.050440 1.325595 0.158275
0.504550 0.052595 0.210909 0.165042
0.291209 0.027680 0.765405 0.133015
-1.426820 0.131700 -1.272763 0.231644
-0.076950 0.027890 0.424528 0.115195
-0.100511 0.023125 0.393470 0.115197
-1.495690 0.033795 -1.640965 0.150258
-0.754161 0.029970 -1.270129 0.208365
-0.727060 0.112855 -0.623546 0.243770
-0.048120 0.072875 0.285249 0.154825
-0.132641 0.053910 0.436673 0.084209
-0.152440 0.050345 0.421413 0.084339
0.731030 0.076340 -0.463830 0.242548
-0.773280 0.025215 -0.530787 0.177979
-0.321820 0.090190 -1.255837 0.223652
0.781520 0.019170 1.074365 0.126070
-0.393881 0.022275 -0.142101 0.160417
-1.516800 0.098380 -2.566225 0.583000
-0.295011 0.088555 -0.300058 0.177247
-1.851561 0.117260 -1.563195 0.179546
-0.211941 0.071760 -0.775790 0.169689
-0.370271 0.054135 -1.088956 0.055406
-0.871120 0.099350 -0.928847 0.274780
-0.498680 0.035025 0.049514 0.106146
-0.084790 0.019790 0.194934 0.175064
-1.262681 0.077365 -0.817534 0.183755
-1.374031 0.066630 -2.462595 0.550580
0.015619 0.027660 -0.287183 0.162529
-1.210900 0.077625 -1.477360 0.294058
-0.793970 0.039200 -1.694795 0.473073
-0.879460 0.034120 -0.675151 0.188207
-0.731140 0.046450 -0.872485 0.251110
1.052890 0.019250 1.319095 0.166025
-1.494161 0.038195 -0.874307 0.033865
-0.194201 0.060665 -0.286905 0.145698
-1.097651 0.056330 -1.376014 0.221962
-1.460270 0.077455 -1.592615 0.203454
0.439569 0.067815 -0.379266 0.389700
-1.037460 0.087705 -1.394101 0.274395
-0.636101 0.015670 -0.357193 0.163695
0.396830 0.039700 0.991515 0.060620
0.651010 0.026025 1.278935 0.021690
0.292950 0.075800 -0.809859 0.468742
-0.779020 0.046730 -0.262547 0.150107
-0.464200 0.068905 -0.433540 0.120529
0.774949 0.081970 0.262055 0.168581
-0.177860 0.095490 0.106287 0.185059
-1.860991 0.118410 -1.554335 0.130480
-0.516061 0.023205 -0.592389 0.160212
0.793360 0.038110 1.371205 0.067880
-0.489201 0.068985 -1.064323 0.263144
-0.246020 0.079045 -0.303703 0.187926
-1.314510 0.142715 -1.737005 0.267125
-2.257081 0.137150 -1.740175 0.104145
-1.243041 0.049995 -2.007545 0.296530
0.041409 0.017975 0.299738 0.151091
-1.022921 0.033245 -1.010313 0.207953
1.342389 0.044950 0.628505 0.161494
1.070990 0.037550 0.695935 0.155420
0.040609 0.114685 0.373183 0.126105
-1.187991 0.075445 -1.199893 0.187810
-0.699480 0.054265 -0.461435 0.076445
-0.698771 0.052575 -0.464060 0.075408
-0.634741 0.134550 -0.801241 0.287596
-0.028931 0.023760 0.323814 0.154704
-1.269240 0.096155 -1.512302 0.284487
1.134390 0.047500 -0.087002 0.361035
-0.478491 0.053425 -0.412173 0.170873
0.062429 0.035325 0.741175 0.025620
0.068439 0.036120 0.750835 0.024895
-1.554090 0.039105 -0.829511 0.027161
-1.405981 0.050005 -0.691078 0.052146
0.847429 0.069135 0.564255 0.184934
0.472819 0.053265 0.223985 0.162799
-1.169021 0.114045 -1.319516 0.302781
-0.134880 0.108640 -0.674119 0.203995
-0.553451 0.055730 -1.385755 0.233626
-0.898101 0.030175 -1.552775 0.227218
-1.141710 0.058395 -0.575461 0.036333
0.845200 0.040635 1.076245 0.114515
0.117339 0.021365 0.209604 0.174709
0.634959 0.030275 1.155355 0.102400
0.153560 0.023835 0.499665 0.154051
0.214290 0.026125 0.712775 0.115165
-0.443590 0.092055 -0.525671 0.249901
0.121099 0.020320 0.281265 0.164503
0.120589 0.020305 0.277888 0.163156
-1.294351 0.053625 -2.447445 0.493320
0.886800 0.042425 0.586705 0.158042
0.882339 0.028495 0.594985 0.160125
-0.434220 0.060565 -0.283829 0.151060
0.422259 0.035605 0.943425 0.116630
-0.286950 0.091335 -0.591651 0.219934
-1.469901 0.098460 -1.662065 0.292581
-0.163590 0.044190 0.506475 0.085437
-0.359751 0.033080 -0.399154 0.186270
-0.832041 0.141210 -0.895231 0.411116
0.182309 0.024110 0.223903 0.188100
-0.168361 0.069520 -0.371570 0.199742
-1.622671 0.060395 -2.542305 0.458495
-0.371221 0.032320 -0.288976 0.217908
0.002669 0.099085 0.103689 0.181252
0.211309 0.070895 -0.640205 0.210009
0.911790 0.024270 1.210885 0.168930
-0.915311 0.093165 -1.417169 0.193942
-0.406871 0.020380 -0.209158 0.177832
-0.506210 0.126995 -0.619097 0.308653
0.503799 0.016810 0.814805 0.148885
0.128889 0.018315 0.482925 0.155355
-1.322801 0.100270 -0.907504 0.141391
0.109260 0.023070 0.585535 0.120261
0.110629 0.022400 0.585285 0.120180
0.769440 0.093910 0.244036 0.209872
1.121790 0.042500 0.459058 0.208744
-1.248820 0.105355 -1.740205 0.216795
-1.237020 0.107895 -1.440334 0.292744
-1.117920 0.067930 -1.460689 0.253853
-0.693931 0.021675 -0.791674 0.169173
0.986589 0.146220 0.310498 0.210175
0.961989 0.136840 0.409660 0.241203
-1.284811 0.039990 -0.712620 0.075315
-0.464291 0.070865 -0.514970 0.169862
-0.436371 0.080455 -0.519258 0.166212
0.865950 0.016850 1.024205 0.173050
0.866050 0.017285 1.023935 0.175900
-1.969861 0.069735 -1.856675 0.163990
-0.079190 0.081255 0.281505 0.170084
-0.769610 0.018880 -1.111427 0.161092
-1.163391 0.027445 -0.654730 0.109596
0.458240 0.020345 0.851525 0.144660
0.074080 0.059475 0.664175 0.085305
-0.287960 0.021485 -0.500147 0.170597
-0.366820 0.088265 -0.543344 0.193976
-0.688900 0.068155 -0.970068 0.212047
-0.030641 0.022500 0.295249 0.175637
0.742049 0.056995 -0.352650 0.360112
0.501050 0.044675 1.182705 0.044465
-0.547710 0.051645 0.118312 0.067207
-0.811001 0.080805 -0.798154 0.197960
0.487570 0.053265 0.776425 0.172020
-0.838310 0.045555 -1.072540 0.233064
0.539169 0.025945 1.166155 0.023530
-0.649080 0.022695 -0.650202 0.214509
-0.692250 0.062090 -0.221287 0.180184
-1.464321 0.138090 -0.923087 0.074408
0.167569 0.023915 0.586775 0.140556
0.190789 0.075790 -0.063017 0.133630
-0.801921 0.094855 -0.384692 0.082844
-0.584841 0.033235 -0.359915 0.225498
-1.118140 0.135105 -0.907056 0.196362
0.083380 0.034860 0.248681 0.149711
0.086349 0.038100 0.230180 0.143271
-0.777321 0.027640 -0.201575 0.058177
1.264290 0.057700 1.819295 0.120110
1.304290 0.041200 1.863715 0.090360
0.667299 0.040595 1.182375 0.182925
0.656779 0.031530 1.251755 0.075045
-0.283951 0.050110 0.262474 0.108839
-0.285701 0.050425 0.264305 0.108268
0.789109 0.028165 1.232305 0.139990
-0.821131 0.026790 -0.704775 0.217746
-0.409040 0.038875 -0.160349 0.200339
-0.157741 0.055250 -0.964612 0.227189
0.007660 0.078680 -0.231248 0.168975
0.332629 0.017185 0.277331 0.158846
0.420950 0.015470 0.285108 0.146619
-0.200801 0.063160 -0.934331 0.208919
0.194810 0.024910 0.488835 0.184015
0.828640 0.021665 1.219115 0.151630
-1.006990 0.054875 -1.022311 0.088951
-1.224481 0.057730 -1.169554 0.111511
-1.288190 0.045610 -1.740475 0.244528
-0.056351 0.025105 0.395627 0.132041
0.481350 0.036865 0.606275 0.177188
-0.669471 0.041725 -0.932963 0.242878
0.570720 0.022390 0.725605 0.176890
-1.034301 0.068890 -0.481866 0.057483
0.419990 0.068400 0.334904 0.184578
0.703850 0.030835 0.816475 0.178535
0.405729 0.044340 1.093155 0.021185
1.156190 0.043300 0.200045 0.308008
-1.132801 0.241255 -0.663403 0.179089
0.326110 0.077505 0.215212 0.210690
-1.122321 0.094040 -0.749452 0.216130
1.722289 0.055650 0.524445 1.201211
-0.637590 0.116785 -0.433398 0.180902
0.428539 0.016895 0.597255 0.190224
0.610499 0.055770 1.291205 0.093575
0.733069 0.012470 -0.271043 0.241242
-0.025150 0.033950 -0.461085 0.174969
-0.555901 0.098230 -0.494009 0.163890
0.946890 0.018200 1.374065 0.138455
-0.650620 0.022640 -0.757058 0.161546
1.330890 0.022700 1.732185 0.143660
0.244320 0.028555 0.768925 0.119665
0.132179 0.044360 0.163808 0.141203
0.396810 0.026010 0.729305 0.142945
-0.125760 0.113490 -0.473172 0.192955
0.785709 0.084520 0.770005 0.159720
0.153020 0.024145 -0.172944 0.173289
0.153810 0.026910 -0.181149 0.179926
-0.254320 0.063055 0.374344 0.067266
-1.569251 0.097145 -2.037905 0.256475
0.292350 0.024190 0.558695 0.179427
-0.353471 0.045150 -0.483264 0.246407
0.447809 0.178705 0.346929 0.331436
0.189569 0.021660 0.586775 0.146710
-0.350221 0.030185 0.010266 0.187537
0.378920 0.057840 0.496615 0.113033
0.757710 0.023830 0.980845 0.197070
1.192789 0.049650 1.786175 0.073540
0.457310 0.037290 0.039894 0.188870
0.903390 0.033890 1.255675 0.163620
0.212460 0.021380 0.557045 0.168477
0.496519 0.037935 1.058835 0.094890
0.748750 0.094050 1.243065 0.161490
0.797190 0.030775 1.335855 0.095975
1.345590 0.058750 0.624345 0.146893
1.120290 0.022650 1.640625 0.100945
0.964890 0.034050 1.205015 0.149265
0.680880 0.036820 0.919045 0.194730
-0.144220 0.084970 0.326082 0.077890
0.408460 0.023580 0.935145 0.093310
0.074169 0.023700 0.303062 0.201651
0.573440 0.021440 1.035675 0.124625
0.136319 0.048175 0.601245 0.147016
0.659280 0.039065 0.963535 0.181010
0.126309 0.025390 0.578425 0.131905
0.196509 0.079220 0.547425 0.168866
-0.296990 0.052000 0.442924 0.067032
-0.560921 0.076080 -0.268785 0.152705
1.656790 0.038000 1.734095 0.122500
-0.329631 0.037325 -0.228487 0.184866
0.538730 0.021765 0.702565 0.185045
-0.384750 0.096005 -0.009189 0.158027
0.923889 0.062830 0.927325 0.153900
-0.847060 0.083150 -0.153621 0.061451
-0.352210 0.062975 -0.890722 0.180380
-0.654190 0.046605 -1.170304 0.192083
0.320129 0.043020 0.691665 0.175450
1.005489 0.056900 0.388475 0.148150
0.291949 0.028580 0.749565 0.141945
-0.017071 0.021420 0.335582 0.152243
0.311780 0.049245 0.989825 0.053900
0.053289 0.025030 0.521625 0.134212
-0.056951 0.073175 0.277300 0.230921
-0.037511 0.047460 0.271714 0.218030
-0.290010 0.042505 0.391754 0.029217
0.267900 0.018185 0.555135 0.162574
0.717030 0.029770 1.283575 0.076995
1.201989 0.041200 1.224015 0.126430
-0.282340 0.068025 -0.896672 0.324478
-0.695451 0.051000 -1.922455 0.455140
1.012290 0.027150 0.592015 0.170264
-0.671221 0.086440 -0.130909 0.152085
-0.343841 0.040725 0.326646 0.028314
0.455040 0.045175 0.634695 0.217095
0.603860 0.027250 0.722845 0.143710
-0.992730 0.083320 -1.307652 0.350691
0.729630 0.046135 1.040135 0.133665
0.312469 0.032360 0.935335 0.035290
0.799250 0.055505 -0.661979 0.289838
0.329470 0.039020 0.542835 0.165568
-0.325380 0.027455 0.127341 0.134136
0.524309 0.060880 -0.070268 0.221533
0.633070 0.019785 0.898145 0.175455
0.533489 0.023505 0.729325 0.141440
-0.109510 0.043885 -0.316041 0.181187
0.152390 0.067935 0.008336 0.185583
-0.711890 0.064175 -0.091631 0.105471
-0.100181 0.047665 -0.523932 0.157791
-0.493051 0.058080 -0.958873 0.183601
-0.102671 0.069975 0.108793 0.137980
0.282650 0.047465 -0.660229 0.256435
-0.145370 0.021975 0.218933 0.166243
0.568330 0.064055 0.839815 0.086685
-0.083040 0.028940 0.159408 0.166127
-0.282021 0.094900 0.144407 0.099961
-0.221701 0.018920 -0.015039 0.172864
-0.571151 0.051345 -0.818095 0.288216
0.715380 0.020160 1.057215 0.148900
0.138829 0.058060 0.236590 0.219220
-0.147810 0.106405 -0.295865 0.235669
0.660820 0.059440 0.075957 0.307510
1.360590 0.019700 1.249225 0.174145
-0.252360 0.072080 -0.229628 0.177618
0.544720 0.068555 -0.527268 0.117216
0.057230 0.025960 0.010320 0.173858
-0.132490 0.063270 -0.157085 0.172742
-0.301001 0.049010 -0.364630 0.072775
-0.341270 0.057090 0.369103 0.035158
1.338389 0.061500 0.523255 0.172415
0.829630 0.040350 0.841015 0.156520
-0.150921 0.080800 0.044109 0.156551
-0.145121 0.037135 0.410987 0.111690
0.531759 0.089425 0.688465 0.154135
0.631639 0.084240 0.611325 0.246747
0.705119 0.026530 0.923225 0.208605
0.271099 0.082680 -0.062761 0.163994
0.266569 0.041800 0.909825 0.040320
0.415400 0.065560 0.265134 0.178287
-0.542030 0.085915 0.020218 0.064285
-0.655271 0.040825 0.097773 0.022633
-0.157391 0.146310 -0.162589 0.422037
-0.441481 0.115445 -0.067795 0.119202
0.108049 0.140390 -0.305016 0.233965
-0.456201 0.073405 0.075316 0.041477
-0.581051 0.044275 -0.142144 0.188801
1.030089 0.077300 0.497135 0.179566
-0.240200 0.078755 -0.694181 0.238334
-1.151660 0.082940 -0.274612 0.093894
-0.825311 0.170475 -0.098580 0.096181
0.317900 0.056130 -1.075743 0.420512
-0.021831 0.087330 0.433854 0.119583
0.429629 0.038560 0.960555 0.123210
-0.354231 0.103510 -0.066308 0.142088
0.088770 0.095635 0.384631 0.133612
0.060040 0.087460 -0.147536 0.168468
1.369289 0.057650 0.507925 0.303531
0.599879 0.032835 0.863415 0.130405
-0.784591 0.093350 -0.637155 0.166167
0.528509 0.117005 0.305798 0.238993
-0.227120 0.055140 -0.438672 0.215463
1.200589 0.087300 1.227355 0.155395
0.748750 0.020360 0.987295 0.175575
0.106750 0.072035 0.197285 0.160592
1.615689 0.071000 1.717805 0.100525
-0.727470 0.115140 -0.987659 0.253233
0.485720 0.040385 1.160585 0.020905
-0.237181 0.100645 -0.206232 0.243679
0.963490 0.089725 0.301309 0.168231
0.072639 0.086365 0.366224 0.172602
-0.463660 0.083935 0.158830 0.137766
0.539599 0.040215 0.064257 0.487200
0.620850 0.028340 0.859485 0.154095
-0.256580 0.031845 0.233444 0.127840
0.612920 0.054690 0.053514 0.252151
1.302990 0.040000 0.970545 0.169465
0.468490 0.068725 0.747005 0.177135
-1.040171 0.064065 -0.380000 0.062960
-1.177130 0.159720 -0.827708 0.195049
0.958790 0.039850 1.223105 0.168440
0.089479 0.072720 0.297260 0.182406
0.290810 0.073185 0.842715 0.164070
0.077880 0.038445 0.726915 0.032530
0.497080 0.025540 1.083445 0.052575
0.052170 0.057935 -0.035190 0.188809
1.385890 0.069700 1.298815 0.304005
-0.380481 0.024915 -0.215883 0.193009
0.014830 0.058460 0.566045 0.112108
0.554330 0.020320 0.887275 0.167210
-1.115850 0.094860 -0.427271 0.053563
0.352500 0.026330 0.810955 0.144610
1.188789 0.021850 1.308085 0.197545
1.006089 0.056800 0.810485 0.186655
0.222090 0.053310 -0.350416 0.258125
0.040529 0.053370 0.188830 0.191511
0.968789 0.097535 0.361211 0.182530
0.800119 0.073680 -0.201239 0.465682
0.703719 0.074370 0.500305 0.253249
0.241400 0.049605 0.241111 0.191833
-1.124630 0.146305 -0.626753 0.132838
-0.698171 0.074385 -0.151021 0.107900
-0.654150 0.151875 -0.667545 0.273430
0.422549 0.024230 0.929775 0.111975
-0.918771 0.106205 -0.993655 0.233237
-0.298930 0.103895 -0.136385 0.261896
0.775970 0.023195 1.260275 0.125075
0.096700 0.067990 0.295695 0.145269
0.511880 0.029795 0.630245 0.237743
0.938789 0.040300 0.916785 0.174120
0.262099 0.067050 0.392374 0.127052
-0.841391 0.094220 -1.634265 0.256900
0.075190 0.033880 0.639445 0.076705
0.791039 0.077825 0.761435 0.175275
-0.089170 0.036950 0.576305 0.025305
1.234289 0.078550 0.676215 0.172495
0.743500 0.067925 0.788995 0.242495
-0.012401 0.056915 0.517425 0.143085
-0.288341 0.069085 -0.193209 0.257475
0.320220 0.027220 -0.088630 0.230470
-0.076421 0.057560 0.517225 0.089601
0.481549 0.047550 0.944065 0.153320
0.251100 0.028100 0.725225 0.138780
-0.443581 0.033905 -0.914300 0.217065
0.405970 0.030630 0.675465 0.174515
0.388610 0.037325 0.640615 0.127050
0.213260 0.088170 0.332446 0.143355
1.703090 0.053250 0.407362 0.251491
1.051290 0.120350 1.441615 0.357435
-0.187700 0.060825 -0.001577 0.174771
0.003400 0.082760 0.192890 0.187118
0.528080 0.044225 0.543765 0.194006
0.396970 0.074680 0.686395 0.139910
1.107590 0.036000 -0.317679 0.461078
0.325080 0.087235 0.251266 0.167090
-0.207081 0.088385 -0.491583 0.186522
0.369329 0.038630 0.454262 0.136155
0.840400 0.071695 1.446185 0.086625
0.400330 0.052950 0.547565 0.182154
0.322249 0.041690 0.778575 0.157535
-2.394520 0.124705 -1.123955 0.075323
-1.639161 0.100330 -2.198555 0.388265
-1.886920 0.188585 -1.595725 0.220777
-2.687010 0.131525 -1.711485 0.099305
-1.864851 0.108755 -1.583095 0.173897
-1.633050 0.117995 -1.957835 0.372175
-2.152101 0.259610 -1.354266 0.132360
-1.315490 0.291075 -0.795550 0.229428
-1.895360 0.167785 -1.937005 0.348505
-2.283620 0.122445 -1.713535 0.082455
-1.567841 0.119855 -1.388048 0.215328
-1.667030 0.149940 -1.472807 0.217509
-2.954940 0.148535 -2.152255 0.090650
