# id outlier x sx y sy covxy corrxy
1 0 10.125200 0.056250 1.953380 0.135205 -0.004265 -0.557660
2 0 10.169800 0.108100 1.674890 0.190395 -0.018638 -0.872540
3 0 9.376790 0.103310 1.279690 0.052540 -0.003377 -0.480720
4 0 9.169320 0.066415 1.176260 0.129295 -0.005022 -0.400630
5 0 9.599990 0.073325 1.046670 0.270148 -0.014161 -0.801530
6 0 9.252160 0.066900 1.141040 0.122425 -0.004398 -0.599510
7 0 9.193160 0.057575 1.084680 0.185885 -0.005451 -0.549330
8 0 10.013900 0.040450 1.681800 0.170950 -0.005213 -0.598390
10 0 9.999550 0.064445 1.554100 0.117190 -0.006649 -0.779100
12 0 9.402140 0.041355 1.002280 0.213029 -0.007086 -0.700420
13 0 9.835920 0.016390 1.297020 0.145705 -0.000787 -0.312890
15 0 9.237970 0.038730 0.310017 0.325494 -0.005610 -0.245810
16 0 9.843180 0.053100 1.588060 0.162035 -0.006171 -0.690000
18 0 9.461130 0.085225 0.925441 0.151021 -0.011448 -0.886750
19 0 9.091580 0.087130 1.099410 0.119339 -0.004535 -0.384670
20 0 9.082740 0.059555 0.744244 0.207867 -0.010157 -0.780260
21 0 9.301410 0.062760 1.418270 0.062285 -0.000750 -0.149410
22 0 10.918900 0.045400 2.808520 0.158230 -0.000284 -0.043421
23 0 9.028120 0.066290 1.048180 0.107180 -0.006036 -0.556150
24 0 9.348730 0.095525 0.880448 0.274960 -0.019170 -0.835740
25 0 9.921750 0.050410 1.923920 0.139885 -0.002743 -0.293210
26 0 10.422800 0.038600 2.231550 0.232510 -0.009133 -0.810720
27 0 9.960290 0.035450 1.707870 0.154840 -0.004546 -0.687060
28 0 10.371900 0.068200 1.725150 0.138965 -0.007808 -0.801700
29 0 10.769000 0.107400 1.978150 0.232690 -0.020857 -0.854560
30 0 9.450740 0.060655 1.404090 0.130715 -0.001782 -0.207820
32 0 9.898180 0.028590 1.710310 0.164770 -0.004548 -0.687310
33 0 9.525310 0.060895 1.610380 0.054825 0.000349 0.058622
34 0 9.070240 0.051110 1.007610 0.151883 -0.006180 -0.648670
35 0 9.209260 0.079180 0.995762 0.187961 -0.008480 -0.583770
38 0 9.668010 0.066570 1.092270 0.170136 -0.008569 -0.761600
39 0 8.979830 0.071360 1.056560 0.126991 -0.000470 -0.059843
40 0 9.671610 0.035085 1.740240 0.029810 -0.000866 -0.333390
41 0 9.267670 0.071395 1.383590 0.038260 -0.000057 -0.014673
42 0 9.359710 0.042460 1.213310 0.186655 -0.005849 -0.682440
44 0 8.771510 0.078445 0.953262 0.080100 0.001277 0.185980
45 0 9.465210 0.049100 1.565440 0.056915 -0.000473 -0.128200
48 0 9.503530 0.045495 1.549280 0.065820 -0.000275 -0.053945
50 0 9.283330 0.064370 1.420020 0.034875 0.000802 0.163470
53 0 9.247330 0.045815 1.428970 0.064640 -0.000625 -0.195040
54 0 8.176320 0.147300 0.192791 0.073330 -0.004144 -0.319040
55 0 9.187300 0.069750 1.069940 0.142716 -0.001171 -0.126480
58 0 10.185400 0.095750 2.162070 0.155300 -0.001288 -0.056501
62 0 10.009600 0.039560 1.473520 0.116515 -0.003625 -0.645990
63 0 9.813670 0.067625 0.794428 0.146406 -0.004473 -0.512540
64 0 9.066090 0.120575 0.968043 0.062002 -0.005108 -0.554850
65 0 8.951290 0.147280 0.701013 0.104263 -0.011877 -0.736570
68 0 9.699700 0.048145 0.940236 0.220689 -0.006919 -0.568300
69 0 9.109630 0.054365 1.227240 0.034095 0.000113 0.039246
73 0 9.273200 0.067600 1.259720 0.147840 -0.006499 -0.626550
74 0 9.195450 0.074190 0.859698 0.159387 -0.010181 -0.783960
75 0 9.807650 0.056995 1.735580 0.173845 -0.005549 -0.606370
77 0 10.736300 0.040600 1.481370 0.419390 -0.002920 -0.099106
79 0 10.366600 0.064150 1.677980 0.136165 -0.006875 -0.774180
81 0 9.705130 0.040110 1.616660 0.169060 -0.004046 -0.537670
84 0 9.974210 0.052615 2.092780 0.050415 -0.002455 -0.366120
85 0 9.566540 0.037650 1.689460 0.023820 -0.000209 -0.144850
86 0 10.218500 0.109100 1.772920 0.260985 -0.022844 -0.885580
87 0 9.905210 0.048115 1.827220 0.163575 -0.005785 -0.655040
88 0 10.268200 0.061950 2.023370 0.198250 -0.009890 -0.828960
89 0 9.342030 0.098010 0.373726 0.177195 -0.016002 -0.935820
90 0 9.129650 0.079060 0.525553 0.179963 -0.011302 -0.785890
91 0 10.148500 0.043400 1.964730 0.173345 -0.004462 -0.351920
92 0 9.267840 0.058755 1.346550 0.039165 -0.000170 -0.052241
93 0 9.578690 0.070450 1.235930 0.118495 -0.008151 -0.844370
94 0 10.085400 0.023950 1.555680 0.153125 -0.003125 -0.583820
96 0 9.865310 0.049875 1.636760 0.133825 -0.004616 -0.686720
98 0 9.214170 0.101600 1.255100 0.067245 -0.001200 -0.154660
100 1 10.115500 0.063100 -0.201518 0.656532 0.004032 0.077674
101 0 9.940210 0.045875 1.994280 0.044085 -0.000744 -0.242290
104 0 9.122000 0.069030 1.128460 0.140241 -0.004589 -0.517320
106 0 8.998960 0.074655 0.170569 0.240530 -0.007966 -0.475960
108 0 10.013100 0.047570 1.730870 0.182420 -0.007138 -0.812660
109 0 9.383240 0.081220 0.807539 0.189563 -0.012629 -0.848130
110 0 10.068500 0.045950 1.763200 0.188360 -0.007004 -0.749800
112 0 9.284770 0.076935 1.398910 0.135155 0.004269 0.199910
113 0 9.634080 0.061290 1.070260 0.118685 -0.006005 -0.823850
119 0 10.015900 0.047025 2.036100 0.110525 -0.005007 -0.701500
120 0 10.642700 0.096000 1.506600 0.171085 -0.011930 -0.856930
123 0 9.064690 0.083370 0.661288 0.255381 -0.016182 -0.856740
124 0 8.759190 0.051875 0.781273 0.092427 -0.003112 -0.499910
125 0 9.723990 0.041570 1.508870 0.171770 -0.005093 -0.652030
126 1 10.526800 0.033600 0.290059 0.709757 0.000460 0.013074
129 0 8.688200 0.071900 0.621980 0.174963 -0.007678 -0.635510
130 0 9.763150 0.040910 1.453960 0.182550 -0.005116 -0.656130
131 1 10.023700 0.050840 0.212498 0.697182 -0.012818 -0.157900
132 0 8.269320 0.170525 0.196231 0.114563 -0.013478 -0.647510
133 0 10.469900 0.057550 2.236650 0.187690 -0.007287 -0.737040
134 0 9.744080 0.044980 1.586990 0.200335 -0.003751 -0.476480
135 0 11.070300 0.046500 2.249840 0.139960 -0.007098 -0.531560
139 0 9.852250 0.093665 1.877190 0.180070 -0.013898 -0.726390
140 0 9.077140 0.087185 1.052970 0.121679 -0.003072 -0.320270
142 0 8.736150 0.062430 0.977521 0.048988 0.001746 0.498330
143 0 9.574190 0.034270 1.585360 0.076970 -0.001464 -0.424190
144 0 8.594280 0.175730 0.554462 0.074224 -0.010586 -0.642300
145 0 10.329700 0.028800 2.073990 0.171280 -0.003929 -0.552100
146 0 10.286800 0.025550 1.801080 0.158195 -0.004524 -0.548080
147 0 9.164020 0.066380 1.033560 0.223243 -0.012369 -0.683290
148 0 9.689000 0.042785 1.704390 0.094315 -0.001180 -0.232780
149 0 9.712390 0.047765 1.203280 0.151755 -0.005896 -0.714160
150 0 9.684510 0.088995 1.290110 0.112100 -0.008701 -0.886700
152 0 9.451630 0.072430 0.726869 0.175189 -0.009274 -0.739730
153 0 9.517740 0.042690 1.196150 0.152605 -0.004653 -0.616160
154 0 8.914230 0.093590 0.775347 0.058686 -0.004474 -0.676020
155 1 10.750500 0.044350 0.398657 0.140350 -0.010125 -0.673070
158 0 8.980200 0.086175 0.598327 0.217208 -0.015402 -0.835640
159 0 10.300200 0.022300 2.139480 0.137840 -0.001616 -0.495630
160 0 9.290100 0.092990 1.241720 0.152185 -0.007347 -0.548630
161 0 9.337700 0.051490 1.218570 0.171605 -0.004981 -0.604010
162 0 10.013400 0.074520 1.886870 0.260805 -0.005454 -0.262160
163 0 9.275560 0.065440 1.402400 0.036240 0.000115 0.035129
167 0 9.444930 0.050765 1.519560 0.043810 0.000035 0.005993
169 0 9.807080 0.049655 1.839540 0.075280 -0.001244 -0.278300
171 0 9.602030 0.047825 1.482180 0.165400 -0.004255 -0.564200
172 0 9.562870 0.060645 1.322320 0.071115 -0.003763 -0.772830
175 0 10.858700 0.021200 2.151570 0.134575 -0.000885 -0.225840
176 0 9.219040 0.039255 0.995281 0.199379 -0.005238 -0.642420
177 0 9.636090 0.082895 1.729440 0.117175 -0.001312 -0.154360
180 0 9.251810 0.053655 1.393400 0.049890 -0.001084 -0.323770
181 0 9.920830 0.057810 1.958270 0.097125 -0.003457 -0.332840
182 0 10.031800 0.050365 1.715740 0.166025 -0.006303 -0.734280
183 0 8.908660 0.083880 0.514740 0.273697 -0.018294 -0.852500
188 0 9.485890 0.085535 1.561430 0.102900 -0.002234 -0.240430
189 0 9.621990 0.047415 1.723120 0.027830 0.000266 0.113520
190 0 9.859620 0.025830 1.642360 0.163955 -0.002999 -0.624270
191 0 9.462430 0.075240 1.462170 0.180245 -0.005285 -0.420820
192 0 9.499420 0.054260 1.308970 0.214045 -0.007851 -0.595070
194 0 9.095110 0.028070 0.434741 0.190849 -0.003464 -0.459490
195 0 9.731430 0.046325 1.410380 0.116365 -0.004621 -0.747800
196 0 10.738500 0.061450 1.636350 0.135840 -0.007458 -0.767580
197 0 9.506240 0.050415 1.666650 0.031730 0.000513 0.132460
199 0 9.756380 0.035230 1.491740 0.173185 -0.005442 -0.733300
200 0 8.925640 0.054690 0.664149 0.176481 -0.004228 -0.433420
201 0 9.979960 0.047625 1.988330 0.080110 -0.006086 -0.716280
205 0 9.957430 0.081935 2.016120 0.109725 -0.003404 -0.418730
206 0 9.467290 0.085690 1.111860 0.188146 -0.010833 -0.651770
207 0 9.235020 0.039620 0.942483 0.198050 -0.006075 -0.718930
208 0 9.395170 0.054160 1.497490 0.037160 -0.001314 -0.227020
209 0 9.134920 0.102850 0.765331 0.133051 -0.012609 -0.821540
210 0 10.060100 0.060900 2.147450 0.051555 -0.002795 -0.544540
211 0 9.153730 0.065970 1.010550 0.095568 -0.004563 -0.681540
212 0 8.961980 0.088680 0.677288 0.131123 -0.009049 -0.677750
214 0 8.878300 0.087900 0.682485 0.200741 -0.009085 -0.537870
216 0 9.878090 0.136430 1.469530 0.169080 -0.021655 -0.959380
218 0 8.780930 0.056170 0.793365 0.118532 -0.001555 -0.246550
219 0 9.089470 0.073355 1.068040 0.143487 -0.005053 -0.415160
220 0 9.745910 0.034615 1.602120 0.163420 -0.004221 -0.666050
221 0 9.503790 0.056775 1.060370 0.130929 -0.005935 -0.756850
223 0 9.532960 0.073165 1.506980 0.199600 -0.007612 -0.556380
224 0 9.513190 0.083865 1.136470 0.266910 -0.017378 -0.846730
226 0 9.506610 0.036960 1.597290 0.023615 -0.000287 -0.111010
227 0 9.386040 0.083890 1.486930 0.075565 -0.000859 -0.097305
228 0 9.276460 0.056905 1.327200 0.060610 -0.000547 -0.125710
229 0 9.526410 0.062535 1.219060 0.087740 -0.004559 -0.763480
230 0 10.037900 0.032200 1.990230 0.108845 -0.001979 -0.480670
232 0 9.958630 0.048060 1.870530 0.171985 -0.007501 -0.732910
233 0 7.607990 0.319455 -0.103085 0.112702 -0.031338 -0.733710
234 0 9.607840 0.043850 1.426160 0.171260 -0.007975 -0.390050
235 1 10.574400 0.059350 -0.735308 1.403437 -0.150420 -0.575000
238 0 9.654550 0.033825 1.388310 0.152255 -0.004008 -0.687710
241 0 7.663310 0.160655 -0.845567 0.311019 -0.033568 -0.626250
242 0 7.762190 0.158405 -0.118603 0.125609 0.002299 0.134000
243 0 8.810910 0.071170 0.802360 0.145823 -0.006917 -0.542860
245 0 8.508740 0.192960 0.145840 0.186754 -0.030514 -0.741260
246 0 8.416820 0.034255 0.364921 0.138403 -0.002025 -0.406630
249 0 9.051390 0.095770 1.106920 0.106665 -0.001024 -0.115070
252 0 9.027210 0.042185 1.184330 0.032535 -0.000028 -0.014799
253 0 7.763990 0.120765 -0.103809 0.134485 0.004486 0.314270
254 0 8.670120 0.093990 0.543610 0.157708 -0.005357 -0.409010
255 0 8.821710 0.077880 0.588434 0.163456 -0.010430 -0.815280
256 0 9.189670 0.055370 0.938515 0.103414 -0.004806 -0.736870
259 0 8.089260 0.136910 -0.316642 0.181975 -0.019110 -0.650800
260 0 8.557700 0.038705 0.096662 0.206216 -0.004583 -0.458970
262 0 9.088880 0.038735 0.767218 0.194305 -0.006161 -0.705820
264 0 8.598500 0.023145 0.029322 0.164639 -0.002284 -0.423110
265 0 9.555830 0.036495 1.351570 0.179815 -0.004116 -0.552130
266 0 8.859600 0.056305 0.932269 0.069490 -0.000296 -0.055968
268 0 8.847610 0.065450 0.315844 0.153870 -0.008491 -0.795780
269 0 9.766150 0.068655 1.650670 0.185430 -0.011097 -0.802410
270 0 7.755420 0.263015 -0.265723 0.125892 -0.022264 -0.494550
271 0 7.719100 0.304005 -0.120308 0.125304 -0.026433 -0.628150
272 0 8.505900 0.043015 0.553045 0.066317 -0.000861 -0.240360
273 0 7.608570 0.224025 -0.646135 0.168279 -0.023161 -0.557310
274 0 8.265990 0.165680 0.213351 0.088317 -0.005761 -0.335070
277 0 9.577680 0.076040 1.189650 0.194050 -0.011752 -0.830870
278 0 7.079250 0.182160 -0.512326 0.086155 -0.007761 -0.529180
280 0 9.678470 0.039340 1.730040 0.043085 -0.000572 -0.192230
281 0 8.554550 0.060135 0.248722 0.112606 -0.004707 -0.609180
283 0 9.514350 0.023795 1.214250 0.198130 -0.004104 -0.725290
284 0 9.251280 0.088425 1.297820 0.109325 -0.001796 -0.211020
286 0 8.222390 0.046570 0.092276 0.176099 -0.002786 -0.347490
287 0 8.559980 0.062280 0.319331 0.090116 -0.004815 -0.753500
288 0 8.576730 0.053395 0.505985 0.120020 -0.002356 -0.388610
289 0 8.122380 0.077960 -0.273273 0.140361 -0.009166 -0.796520
290 0 7.973870 0.077395 -0.211689 0.134539 -0.004868 -0.446210
291 0 9.759790 0.041840 1.848180 0.035855 -0.000320 -0.091352
292 0 9.393180 0.060310 0.849040 0.162630 -0.008438 -0.764850
293 0 10.452900 0.053950 1.288350 0.099530 -0.005833 -0.873750
294 0 7.875860 0.127730 -0.676480 0.245449 -0.019116 -0.602720
295 0 8.811990 0.051515 0.512028 0.178898 -0.007097 -0.717330
296 0 7.980430 0.254760 -0.085181 0.132563 -0.025231 -0.657170
297 0 8.830130 0.025950 0.493313 0.174118 -0.003118 -0.593330
298 0 7.919300 0.138575 -0.107759 0.165738 0.000116 0.005231
299 0 8.607020 0.062085 0.003672 0.170032 -0.007181 -0.669770
300 0 8.425410 0.021020 -0.293913 0.190651 -0.000043 -0.009976
302 0 9.404770 0.076005 1.494310 0.081310 -0.002564 -0.318070
304 0 7.838380 0.150835 -0.409988 0.147136 -0.011974 -0.485780
305 0 8.451030 0.023375 -0.220430 0.166148 -0.001308 -0.283500
306 0 8.141800 0.049185 -0.282586 0.188816 -0.006381 -0.576300
307 0 8.326970 0.148205 0.217079 0.090435 -0.007373 -0.456490
308 0 7.521240 0.106570 -0.186415 0.105131 0.000939 0.097443
309 0 9.282190 0.033870 1.130810 0.168729 -0.003067 -0.551260
310 0 8.329780 0.138205 0.129139 0.164810 -0.015422 -0.634190
311 0 9.746150 0.056880 1.733850 0.202545 -0.012703 -0.544710
312 0 8.399310 0.060040 -0.113448 0.191604 -0.007904 -0.559470
313 0 8.018360 0.088530 -0.754852 0.295069 -0.009403 -0.300120
314 0 9.981620 0.038875 1.965710 0.119995 -0.002854 -0.426410
315 0 9.974650 0.042615 1.957680 0.140650 -0.004250 -0.568530
316 0 9.634120 0.035455 1.492930 0.141790 -0.002495 -0.541320
317 0 8.461610 0.086695 0.427029 0.034221 -0.001884 -0.437830
318 0 8.215130 0.145115 0.067461 0.112554 -0.008942 -0.487470
319 0 8.998100 0.060750 1.014630 0.079758 -0.000718 -0.113390
321 0 9.325790 0.042115 1.342150 0.116025 -0.000920 -0.156190
322 0 9.210500 0.032750 0.916007 0.157844 -0.003575 -0.591090
324 0 8.496580 0.104050 0.033735 0.133362 -0.011917 -0.813190
325 0 9.311430 0.082260 1.072500 0.153036 -0.007291 -0.495690
326 0 9.159670 0.046960 0.959135 0.171222 -0.003050 -0.254340
327 0 7.843460 0.150985 -0.633025 0.279169 -0.030871 -0.744960
328 0 7.971710 0.053335 0.104038 0.112808 0.000713 0.138090
329 0 9.915750 0.072655 1.952950 0.142480 -0.004064 -0.229800
330 0 8.637760 0.090810 0.308380 0.145599 -0.014417 -0.536280
332 0 8.875380 0.053505 0.560050 0.157762 -0.005944 -0.635420
333 0 9.174730 0.051995 0.781382 0.151270 -0.005933 -0.671350
335 0 9.870220 0.061585 1.933120 0.070975 -0.003987 -0.459790
336 0 7.685320 0.245155 0.180546 0.116741 -0.032768 -0.706670
339 0 9.075700 0.077150 0.585909 0.111587 -0.007418 -0.795700
340 0 8.213780 0.164000 0.046281 0.115091 -0.012729 -0.589640
341 0 9.941910 0.104960 1.519910 0.277880 -0.020733 -0.835980
342 0 9.994350 0.022220 1.533470 0.160290 -0.002759 -0.616250
344 0 7.644930 0.127740 -0.826483 0.334289 -0.031633 -0.550990
345 0 9.341220 0.062320 1.362730 0.117860 0.000337 0.046730
347 0 10.272700 0.114800 1.972630 0.144070 -0.013846 -0.788240
349 0 7.956940 0.171340 0.282022 0.082465 -0.008139 -0.612540
350 0 8.728470 0.040080 0.518541 0.181638 -0.003177 -0.432230
351 0 8.655920 0.071710 -0.022374 0.194914 -0.009262 -0.651180
352 0 8.634330 0.114485 0.868265 0.070290 -0.004558 -0.538510
353 0 9.517430 0.080390 1.386120 0.187350 -0.006130 -0.453460
354 0 9.506200 0.081070 1.463740 0.158125 -0.005576 -0.450270
355 0 8.450980 0.112045 0.440845 0.124275 -0.003979 -0.307040
356 0 9.102600 0.044175 0.393637 0.209108 -0.004867 -0.452180
357 0 8.064340 0.090130 -0.773872 0.350828 -0.005620 -0.174150
358 0 8.443070 0.058495 0.308949 0.173222 -0.003499 -0.379750
359 0 8.004030 0.074900 -0.180857 0.129091 -0.007563 -0.758160
360 0 7.798610 0.096355 -0.618270 0.233770 -0.017271 -0.664900
361 0 8.110600 0.083185 0.112029 0.140504 -0.002044 -0.189910
362 0 8.030530 0.141070 -0.163006 0.105899 -0.012339 -0.680830
363 0 9.310140 0.086635 0.869177 0.276005 -0.018371 -0.857850
364 0 8.799180 0.082250 0.820107 0.149650 -0.002911 -0.251500
365 0 7.338240 0.126190 -0.680978 0.074152 -0.004996 -0.474250
366 0 8.357870 0.030320 -0.107657 0.162188 -0.004333 -0.648300
367 0 7.644270 0.110900 -0.828171 0.209838 -0.018542 -0.784070
368 0 8.206200 0.127590 -0.077281 0.136035 -0.012783 -0.655020
369 0 8.096910 0.094385 -0.304098 0.163868 -0.012440 -0.753550
370 0 8.063510 0.068635 -0.084837 0.060500 -0.003456 -0.631130
371 0 8.868200 0.073060 0.992625 0.048756 0.000415 0.093332
373 0 7.652260 0.175805 -0.380702 0.107602 -0.009063 -0.416950
377 0 8.385490 0.040115 -0.229186 0.185904 -0.004728 -0.506080
379 0 8.972350 0.029035 0.680193 0.166967 -0.003718 -0.664940
380 0 9.402930 0.074760 1.374700 0.147615 -0.007500 -0.747070
382 0 7.543140 0.268190 -0.551199 0.156475 -0.030824 -0.673750
383 0 8.807610 0.034065 0.045613 0.316166 -0.005601 -0.403200
384 0 9.146920 0.037185 1.042410 0.151044 -0.002360 -0.440340
385 0 7.835270 0.119305 -0.400701 0.143457 -0.013679 -0.618800
386 0 8.675110 0.026070 0.035482 0.283787 -0.002264 -0.199500
387 0 9.449190 0.039360 1.573170 0.025090 -0.000293 -0.189210
389 1 8.739670 0.058615 -1.967460 1.067884 0.024170 0.342220
390 0 9.980220 0.028960 1.395710 0.180945 -0.004443 -0.685660
391 0 8.112380 0.088910 -0.271059 0.165929 -0.012648 -0.847840
392 0 8.558700 0.090375 0.542788 0.159220 0.000964 0.077382
393 0 9.075990 0.037425 0.723434 0.144115 -0.003827 -0.642580
394 0 8.691070 0.210320 0.600455 0.084202 -0.014962 -0.774320
396 0 7.619800 0.117300 -0.572025 0.113687 -0.009687 -0.648860
397 0 8.351990 0.069705 -0.018541 0.185488 -0.010594 -0.819210
398 0 8.886850 0.053100 0.954101 0.040678 -0.000252 -0.076946
399 0 8.870950 0.187440 0.321322 0.335291 -0.045407 -0.948970
401 0 8.184730 0.083075 0.079936 0.093350 -0.005148 -0.581750
402 0 8.327460 0.090100 -0.357633 0.314745 -0.014308 -0.449130
403 0 9.021390 0.050890 0.874233 0.119456 -0.001775 -0.300130
404 0 9.024430 0.052425 0.891676 0.128539 -0.001188 -0.187740
405 0 8.023950 0.221885 -0.145168 0.165474 -0.024028 -0.591830
406 1 8.098450 0.083205 -1.691060 1.170368 -0.054668 -0.247240
408 0 8.178130 0.293905 0.214338 0.101727 -0.023988 -0.849200
409 0 7.542350 0.231510 -0.388738 0.136539 -0.023750 -0.723830
410 0 8.368730 0.192945 0.147383 0.122382 -0.018634 -0.755430
411 0 6.641910 0.350025 -1.102180 0.126683 -0.030102 -0.637940
413 0 8.703600 0.051135 0.479616 0.189722 -0.003864 -0.385480
414 0 8.624340 0.033025 0.296171 0.212189 -0.004198 -0.545470
415 0 8.692140 0.105055 0.363133 0.132886 -0.011266 -0.700570
416 0 8.268990 0.086375 -0.412933 0.250014 -0.015540 -0.698600
417 1 7.109610 0.052030 0.486354 0.278672 -0.009151 -0.638030
418 0 7.909180 0.174655 -0.222293 0.113458 -0.012852 -0.550540
419 0 8.374810 0.122885 0.498392 0.082614 -0.001801 -0.176550
421 0 8.458530 0.144880 0.553046 0.069065 -0.002949 -0.275430
422 0 8.563820 0.071115 -0.030197 0.157452 -0.009055 -0.695840
424 0 8.000340 0.042425 -1.184980 0.348289 0.002402 0.138200
427 0 8.266720 0.034035 -0.570332 0.332583 0.000339 0.028579
428 0 8.157680 0.083590 -0.262066 0.204074 -0.013451 -0.837870
429 0 7.847050 0.067525 -0.661480 0.199564 -0.010015 -0.764540
430 0 8.526840 0.151375 0.474012 0.058500 -0.006531 -0.595350
431 0 9.957710 0.041835 1.948760 0.072295 -0.000984 -0.284360
432 0 8.196140 0.054895 -0.292928 0.262468 -0.011256 -0.583250
433 0 9.329170 0.099310 1.076850 0.209472 -0.018212 -0.859740
435 0 7.449670 0.233175 -0.057588 0.093824 -0.015386 -0.718710
437 0 9.222180 0.017720 0.711119 0.193338 -0.001028 -0.269280
438 0 9.683540 0.114965 1.223200 0.265830 -0.022954 -0.843670
439 0 9.368860 0.038940 1.537000 0.050050 -0.000885 -0.295720
442 0 9.283870 0.117805 1.036770 0.332343 -0.032004 -0.940330
444 0 8.203670 0.080355 0.000624 0.113827 -0.007075 -0.655620
445 0 8.391300 0.105285 0.499570 0.123259 0.001006 0.088373
446 0 8.120060 0.127405 0.301657 0.103966 -0.000928 -0.077908
447 0 7.683940 0.119170 -0.431821 0.120568 -0.008405 -0.505040
450 0 9.440710 0.045025 1.498160 0.062880 -0.001275 -0.369960
451 0 9.428000 0.051010 1.464770 0.092865 -0.002567 -0.485820
452 0 7.548560 0.193915 0.135340 0.106989 -0.015512 -0.715230
453 0 7.333830 0.192860 -0.526277 0.096313 -0.010239 -0.567300
455 0 9.144500 0.044370 1.144350 0.089405 -0.001460 -0.304980
456 1 8.111190 0.036120 -4.684800 1.811200 -0.022326 -0.265000
457 0 8.871360 0.041920 0.534142 0.169818 -0.006557 -0.752650
458 0 8.871360 0.041920 0.534142 0.169818 -0.006557 -0.752650
459 0 9.014410 0.062410 0.987760 0.130766 -0.002428 -0.275830
460 0 9.151570 0.042975 0.818041 0.175548 -0.006438 -0.795460
461 0 10.245700 0.039150 2.084080 0.149480 -0.004017 -0.644680
462 0 10.242100 0.035900 2.113410 0.140585 -0.002736 -0.552890
463 0 7.536910 0.256450 -0.323659 0.116306 -0.012475 -0.375840
465 0 8.157090 0.066730 -0.080465 0.099413 -0.005167 -0.731650
466 0 8.260890 0.056475 -0.145710 0.148279 -0.006231 -0.638390
468 0 7.889640 0.061290 -0.331857 0.180599 -0.002405 -0.220850
469 1 9.742070 0.062580 0.134874 0.305585 -0.006774 -0.177090
471 0 8.225960 0.205005 0.239032 0.073237 -0.010160 -0.585810
474 0 7.641050 0.066340 -0.393514 0.147047 -0.005323 -0.507310
475 0 8.237990 0.100580 -0.359004 0.199459 -0.017047 -0.867130
476 0 7.798890 0.240455 -0.277904 0.141338 -0.023888 -0.608190
478 0 9.176650 0.022185 0.742778 0.155507 -0.003040 -0.680270
479 0 8.393350 0.057105 -0.160281 0.217313 -0.006136 -0.446810
482 0 7.549120 0.135420 -0.782960 0.192926 -0.023168 -0.797730
483 0 8.044590 0.069710 -0.711509 0.242979 -0.009226 -0.526480
484 0 9.224600 0.033975 1.068420 0.145443 -0.002565 -0.463570
485 0 9.222630 0.064105 0.868639 0.144728 -0.006873 -0.692210
486 0 7.267770 0.143550 -0.003445 0.061344 -0.006954 -0.800200
488 0 9.428740 0.037115 1.468210 0.064960 -0.002609 -0.540550
489 0 9.532240 0.040770 1.482960 0.134680 -0.002223 -0.413500
491 1 8.344310 0.058340 -1.506870 0.994633 0.024588 0.438960
492 0 7.418960 0.225620 -0.605852 0.123162 -0.014336 -0.425760
493 0 7.624970 0.123230 -0.966061 0.255347 -0.023219 -0.791210
494 0 8.078790 0.099170 -0.296719 0.190892 -0.015365 -0.867650
496 0 7.871320 0.094505 -0.795156 0.348975 -0.025719 -0.474450
498 0 8.202300 0.098880 -0.428899 0.264205 -0.015478 -0.615600
499 0 8.418040 0.131835 0.573402 0.051618 -0.003940 -0.517420
500 1 8.827660 0.023945 -5.343340 3.468680 -0.006485 -0.077578
502 0 8.791940 0.059905 0.468908 0.116470 -0.006380 -0.813120
503 0 7.432430 0.209695 -0.522719 0.087689 -0.008194 -0.421950
505 0 7.684740 0.211210 -0.310871 0.097177 -0.011059 -0.462030
509 0 9.140030 0.044820 0.378556 0.154928 -0.004357 -0.614480
510 0 9.145060 0.050535 0.404641 0.170203 -0.004471 -0.533090
511 0 7.800840 0.113670 -0.614839 0.176153 -0.017336 -0.850390
512 0 8.421810 0.050105 0.491246 0.076348 -0.001468 -0.318940
513 0 9.752660 0.051475 1.808670 0.096320 -0.005029 -0.548530
514 0 7.451890 0.092815 -0.793442 0.149194 -0.009164 -0.614750
515 0 8.551110 0.043945 -0.371116 0.171083 -0.001199 -0.150020
516 0 7.114480 0.242300 -0.704020 0.098232 -0.010687 -0.432110
517 0 8.386210 0.067220 0.038503 0.135602 -0.007506 -0.692470
518 0 8.262870 0.055530 -0.053413 0.199643 -0.007092 -0.660210
519 0 8.617860 0.109820 0.592670 0.119442 -0.000552 -0.047487
520 0 8.184100 0.085515 -0.152341 0.098910 -0.007243 -0.843880
521 0 8.117060 0.046805 -0.319649 0.082820 -0.003520 -0.852460
526 0 9.693190 0.071550 1.771750 0.067595 -0.001427 -0.203090
528 0 9.652880 0.064445 1.663840 0.165700 -0.000504 -0.024557
529 0 8.910070 0.043775 0.968015 0.047301 -0.000380 -0.115020
530 0 7.448340 0.215185 -0.913653 0.229245 -0.035992 -0.724460
533 0 7.749740 0.050460 -0.618599 0.107604 -0.003987 -0.649620
535 0 8.307000 0.045425 -0.215393 0.176733 -0.006220 -0.664000
536 0 7.033210 0.345530 -0.967752 0.174109 -0.037427 -0.671150
537 0 9.101240 0.067940 0.210001 0.197705 -0.007107 -0.504330
538 0 8.801050 0.076870 0.828011 0.077387 -0.003252 -0.533050
541 0 8.406390 0.087975 0.120448 0.112766 -0.009069 -0.822650
542 0 7.382540 0.101305 -0.686338 0.066992 -0.003896 -0.472680
544 0 8.942370 0.067740 1.054500 0.095902 0.001789 0.244200
548 0 9.601610 0.027580 0.913130 0.141993 -0.001535 -0.286610
549 0 9.696990 0.047785 1.644050 0.178670 -0.005865 -0.653970
550 0 7.380630 0.264190 -0.022721 0.110223 -0.023593 -0.782310
552 0 8.698800 0.052285 -0.213518 0.215321 -0.001971 -0.200280
553 1 7.581710 0.250990 0.625567 0.380733 -0.073922 -0.729040
554 0 8.292610 0.116670 -0.165030 0.200090 -0.019240 -0.776660
555 0 7.930930 0.079825 -0.384264 0.153891 -0.010111 -0.760900
556 0 7.375440 0.085230 -0.896084 0.118978 -0.006831 -0.629630
557 0 8.956740 0.072950 0.988550 0.104864 -0.000648 -0.093065
558 0 7.426360 0.191220 -0.541327 0.106150 -0.005489 -0.245220
559 0 6.916550 0.254570 -0.808495 0.129108 -0.026510 -0.817900
562 0 8.144620 0.242115 0.312698 0.087454 -0.012878 -0.634120
563 0 9.270280 0.064345 0.603397 0.132713 -0.006109 -0.729860
566 0 9.493170 0.036375 1.063730 0.166863 -0.005449 -0.764670
568 0 9.177900 0.054005 0.936164 0.175277 -0.006702 -0.735700
569 0 9.169790 0.046330 0.974313 0.174163 -0.005475 -0.686380
570 0 7.754100 0.215080 -0.153389 0.090030 -0.012127 -0.471590
571 0 9.901900 0.048565 1.835440 0.148755 -0.001054 -0.154200
573 0 7.681080 0.151690 -0.225990 0.090252 -0.002531 -0.180520
574 0 8.340260 0.050380 -0.009580 0.185852 -0.006692 -0.705380
575 0 7.849110 0.070630 -0.500166 0.115325 -0.006769 -0.781350
577 0 8.282150 0.072660 -0.275637 0.193501 -0.011460 -0.807570
578 0 9.533090 0.026020 1.087920 0.181379 -0.004265 -0.684650
579 0 8.527430 0.036445 0.239895 0.198028 -0.004500 -0.548030
581 0 7.694350 0.304155 -0.680205 0.332992 -0.072442 -0.664150
582 0 8.469880 0.050185 0.309506 0.183034 -0.005651 -0.642320
583 0 7.829710 0.113595 -0.579578 0.198387 -0.018147 -0.615310
584 0 8.236490 0.131640 0.082979 0.099308 -0.007778 -0.515410
585 1 7.557750 0.099065 0.584447 0.085893 -0.010826 -0.700310
586 0 9.697230 0.058050 1.854810 0.038140 0.000190 0.043127
587 0 8.739650 0.058795 0.720168 0.184304 -0.004771 -0.437450
588 0 9.553480 0.032515 1.491610 0.121515 -0.001753 -0.430630
589 0 8.833750 0.088325 0.341788 0.150652 -0.012254 -0.851930
590 0 7.879330 0.131535 -0.244516 0.155623 -0.007063 -0.354460
592 0 9.369380 0.043055 1.360840 0.124925 -0.002412 -0.408840
594 0 7.376350 0.263610 -0.613383 0.120038 -0.022333 -0.592820
595 0 8.204490 0.070710 -0.078123 0.210658 -0.008804 -0.586560
596 0 10.114100 0.029250 1.943070 0.170840 -0.005227 -0.730020
600 0 8.150140 0.128265 0.087724 0.095766 -0.006090 -0.441550
601 0 7.249000 0.208715 -0.698910 0.103882 -0.004697 -0.209660
602 0 7.564500 0.226740 -0.440436 0.136838 -0.028314 -0.818550
603 0 8.439810 0.083900 -0.496884 0.298658 -0.006652 -0.267500
604 0 8.722730 0.067360 0.551440 0.057453 -0.003249 -0.766350
605 0 8.676430 0.081370 0.555286 0.051505 -0.003516 -0.672390
606 0 8.391880 0.077490 -0.348450 0.254762 -0.005904 -0.267970
607 0 8.590250 0.060275 0.303770 0.122314 -0.005476 -0.681300
608 0 8.820920 0.051530 0.620701 0.133172 -0.003182 -0.439180
610 0 7.795880 0.050855 -0.559630 0.184743 -0.006882 -0.671800
611 0 9.602920 0.036290 1.397580 0.174495 -0.004116 -0.628680
614 0 7.561140 0.156160 -0.816765 0.243421 -0.030220 -0.705760
616 0 9.363620 0.062705 1.117540 0.069985 -0.003759 -0.678940
617 0 8.093240 0.088615 -0.607846 0.325345 -0.013005 -0.367080
618 0 8.865270 0.110760 0.810530 0.092041 -0.003817 -0.336980
619 0 9.508480 0.043965 1.629090 0.075865 -0.001705 -0.373120
620 0 8.260590 0.105490 -0.502531 0.154160 -0.015970 -0.899280
621 0 8.420540 0.065095 0.157538 0.171408 -0.006201 -0.564260
622 0 7.201550 0.435575 -0.605954 0.183756 -0.079705 -0.687890
623 0 9.528130 0.026635 1.380040 0.151800 -0.002450 -0.595630
624 0 9.527900 0.027725 1.364280 0.153455 -0.002769 -0.591640
626 0 9.802180 0.046375 1.822820 0.104350 -0.000685 -0.121670
629 0 7.944620 0.136505 -0.086369 0.046174 -0.004897 -0.564350
630 0 9.358020 0.076285 1.208160 0.271719 -0.017061 -0.789080
631 0 7.155390 0.171965 -1.274250 0.229780 -0.033750 -0.656070
632 0 9.315680 0.024510 1.367280 0.027985 -0.000148 -0.130770
633 0 9.380410 0.059500 1.483420 0.033990 0.000045 0.010928
635 0 7.359050 0.106320 -0.946066 0.141572 -0.011483 -0.677420
636 0 9.089920 0.091645 0.984572 0.071075 -0.003365 -0.434330
638 0 8.687960 0.053555 0.825797 0.037982 0.000703 0.292120
639 0 6.949460 0.190565 -1.190770 0.149035 -0.017859 -0.637280
643 0 8.820220 0.039800 0.754046 0.127071 -0.000981 -0.192060
644 0 8.384840 0.081170 -0.000859 0.144249 -0.010396 -0.765860
645 0 9.455550 0.024195 1.207760 0.125230 -0.001978 -0.586700
647 0 9.999760 0.029530 1.828320 0.157120 -0.002894 -0.517700
649 0 8.113240 0.056485 -0.217573 0.195833 -0.006670 -0.531700
650 0 8.397170 0.158965 0.089558 0.133570 -0.019880 -0.779740
653 0 8.420870 0.064435 -0.139373 0.203102 -0.009942 -0.703040
654 0 7.885920 0.046245 -0.808723 0.249831 -0.005482 -0.394300
655 1 8.372940 0.072845 -1.498150 0.470179 0.002966 0.053346
656 0 9.412900 0.030550 0.860170 0.199492 -0.005096 -0.692130
657 0 9.729600 0.054940 1.145760 0.107890 -0.005307 -0.819830
658 0 8.019760 0.107740 -0.258807 0.149550 -0.014999 -0.800030
659 0 10.195200 0.037450 2.127920 0.171550 -0.008041 -0.799780
660 0 7.957770 0.151595 -0.684651 0.269752 -0.033219 -0.828210
661 1 8.041620 0.050515 -1.751590 0.573930 0.002848 0.090459
662 0 8.192310 0.073730 -0.029331 0.178122 -0.006260 -0.454000
664 0 8.781980 0.016170 0.200326 0.163707 -0.000786 -0.297760
665 0 8.812430 0.015545 0.205975 0.159608 -0.000831 -0.305100
666 0 8.341020 0.069500 0.245603 0.165398 -0.003610 -0.313520
669 0 8.010310 0.075085 -0.148701 0.166854 -0.002697 -0.233360
672 0 9.011620 0.051885 0.837899 0.203020 -0.006511 -0.637290
673 0 7.558620 0.193405 -0.596848 0.152368 -0.016577 -0.512630
674 0 7.920980 0.084975 0.031041 0.119856 0.000687 0.077201
675 0 7.771180 0.033940 -0.855278 0.152404 -0.003067 -0.495930
676 0 9.077450 0.040950 0.972366 0.135024 -0.001326 -0.223970
677 0 7.385650 0.262525 -1.016020 0.278460 -0.053400 -0.651360
678 0 10.632100 0.029550 2.203150 0.222015 -0.005380 -0.647030
679 0 7.306820 0.177525 -0.461959 0.092663 -0.004777 -0.304940
680 0 9.747320 0.031450 1.677420 0.120470 -0.001727 -0.468590
682 0 8.261450 0.122605 -0.051256 0.164467 -0.015733 -0.697110
683 0 10.113400 0.050000 1.483110 0.288075 -0.012280 -0.777690
685 0 8.965130 0.059195 0.804010 0.187264 -0.002691 -0.262160
686 0 9.076940 0.042645 1.132310 0.053305 -0.000901 -0.273990
687 0 8.353780 0.051410 0.362960 0.122074 -0.003296 -0.473550
688 0 8.650920 0.016635 0.013357 0.152311 -0.000796 -0.314160
689 0 8.814310 0.035570 0.379321 0.200353 -0.006020 -0.685630
690 0 8.264390 0.084425 -0.242301 0.161693 -0.011294 -0.784420
691 0 9.318360 0.042155 1.112190 0.145484 -0.004284 -0.617380
692 0 8.740250 0.074380 0.453692 0.174292 -0.007794 -0.559720
695 0 9.537200 0.044370 1.274720 0.230090 -0.009941 -0.835900
696 0 7.656380 0.216265 -0.508121 0.149864 -0.022709 -0.575510
697 0 7.993520 0.090915 -0.395274 0.230513 -0.016800 -0.598510
701 0 7.490060 0.100525 -1.246180 0.310329 -0.020105 -0.547680
702 0 9.158030 0.061095 0.066747 0.170436 -0.005474 -0.541270
703 0 7.365510 0.272035 -0.542930 0.113141 -0.023998 -0.611940
706 0 7.600980 0.145345 -0.804359 0.222807 -0.026691 -0.770590
707 0 9.903830 0.045155 2.003530 0.036465 -0.001040 -0.223400
708 0 9.878550 0.053105 1.891720 0.165240 -0.001727 -0.193300
709 0 8.161900 0.085685 -0.156715 0.199379 -0.012727 -0.783440
710 0 7.900920 0.067110 -1.003030 0.338984 -0.006031 -0.233530
711 0 10.012400 0.055600 1.717770 0.107290 -0.005307 -0.778600
712 0 7.190810 0.226925 -0.786922 0.134422 -0.026595 -0.730270
714 0 7.944190 0.080005 -0.248042 0.221792 -0.008188 -0.481690
716 0 6.779870 0.341430 -1.142040 0.145658 -0.027567 -0.573250
718 0 9.943500 0.022830 1.180960 0.164200 -0.002574 -0.525540
722 0 9.430960 0.038830 1.567340 0.023010 0.000267 0.263920
723 0 9.621680 0.034740 1.476550 0.166450 -0.003013 -0.431570
725 0 7.733350 0.054040 -1.196750 0.382574 -0.005530 -0.227070
726 0 8.656560 0.057700 0.480918 0.218305 -0.011140 -0.733020
727 0 7.178230 0.289435 -0.986855 0.205976 -0.039593 -0.677040
729 0 9.252940 0.102245 1.031300 0.137765 -0.009095 -0.642910
730 0 8.224940 0.079180 0.004005 0.218907 -0.009820 -0.530060
731 0 9.090550 0.034605 0.515536 0.146312 -0.003678 -0.579750
732 0 10.048300 0.044900 2.037600 0.117550 -0.002679 -0.219410
733 0 9.987990 0.046220 2.009220 0.120580 -0.001885 -0.260740
738 0 7.930270 0.081270 -0.715785 0.209917 -0.012665 -0.751130
740 0 8.021800 0.171605 -0.248024 0.215168 -0.028906 -0.756030
741 0 9.896300 0.034185 1.888510 0.097570 -0.001447 -0.255510
744 0 10.128400 0.031350 1.923520 0.212270 -0.003183 -0.409740
747 0 7.753720 0.121065 -0.416403 0.203611 -0.011339 -0.474380
748 0 9.649440 0.067755 1.590830 0.165955 -0.003623 -0.342400
750 0 7.392350 0.096210 -1.298770 0.268535 -0.015327 -0.558010
753 0 9.869320 0.051905 1.677000 0.218440 -0.005417 -0.398170
754 0 9.860450 0.049405 1.753060 0.176770 -0.004403 -0.501220
755 0 7.116430 0.231290 -0.933620 0.129500 -0.016506 -0.527300
756 0 8.440690 0.044765 0.028788 0.209070 -0.006215 -0.451770
757 0 10.458600 0.061250 2.323760 0.185055 -0.004251 -0.388320
758 0 7.298370 0.097880 -0.706660 0.067153 -0.001953 -0.258170
759 0 7.042890 0.451245 -0.853257 0.195285 -0.061209 -0.811840
760 0 9.718170 0.047795 1.688760 0.116585 -0.003175 -0.561720
761 0 9.697370 0.078730 1.117090 0.154048 -0.010777 -0.867410
762 0 9.795810 0.051185 1.470390 0.126015 -0.005500 -0.759100
763 0 8.767420 0.049845 0.533000 0.115408 -0.004655 -0.722480
764 0 10.027000 0.093635 1.371410 0.155885 -0.013691 -0.876880
766 0 8.562740 0.056250 0.067866 0.109657 -0.005186 -0.845920
767 0 6.894540 0.220970 -0.804766 0.119366 -0.015358 -0.596500
768 0 10.036500 0.045705 2.162020 0.026425 -0.000923 -0.193330
769 0 8.697660 0.068060 0.091131 0.236189 -0.010843 -0.711010
770 0 9.409620 0.025875 0.730491 0.176904 -0.003497 -0.538650
771 0 9.363330 0.046225 1.363710 0.088850 -0.001987 -0.392980
772 0 8.013930 0.127645 0.113506 0.057791 -0.001667 -0.199710
773 0 9.528760 0.075375 1.321610 0.151035 -0.005821 -0.528370
777 0 8.259550 0.072515 -0.275446 0.145500 -0.009189 -0.841540
778 0 9.350570 0.068585 0.945922 0.193632 -0.010389 -0.808810
779 0 9.350570 0.068585 0.945922 0.193632 -0.010389 -0.808810
780 0 8.009170 0.135035 -0.226310 0.196475 -0.013907 -0.469660
781 0 8.759820 0.029810 0.022461 0.199100 -0.003188 -0.454090
782 0 9.680130 0.024680 1.341780 0.182230 -0.003552 -0.615300
784 0 8.272480 0.087895 -0.234421 0.177662 -0.013775 -0.840670
785 0 7.332000 0.322745 -0.619873 0.131662 -0.027545 -0.655250
786 0 9.921140 0.038385 1.872990 0.107045 -0.001886 -0.409610
788 0 9.123090 0.023535 0.662603 0.138106 -0.002366 -0.446400
789 0 10.109800 0.041000 1.971190 0.197630 -0.007643 -0.232550
792 0 7.650350 0.229270 -0.262636 0.084140 -0.011776 -0.576780
793 0 8.992910 0.082590 1.061900 0.072489 -0.001364 -0.192590
795 0 9.211760 0.075940 0.710407 0.156547 -0.010476 -0.889370
797 0 7.744950 0.130140 -0.351862 0.094384 -0.009669 -0.639920
798 0 8.115720 0.078515 -0.162307 0.256364 -0.014124 -0.593290
799 0 9.286560 0.033385 0.613357 0.153497 -0.003453 -0.614480
800 0 9.158630 0.041075 1.174050 0.089900 -0.001854 -0.379010
801 0 10.032200 0.017100 1.430250 0.136055 -0.001408 -0.532100
803 0 8.904350 0.071485 0.904829 0.119134 -0.002384 -0.303100
805 0 7.907700 0.023420 -0.812864 0.230683 -0.001226 -0.217040
806 0 7.649320 0.164120 -0.729687 0.197957 -0.023882 -0.697950
809 0 9.872490 0.055390 1.582810 0.107565 -0.004895 -0.753030
810 0 9.058970 0.042410 -0.030340 0.215320 -0.001145 -0.116710
811 0 7.371890 0.294220 -0.644208 0.139105 -0.030125 -0.593290
812 0 9.273300 0.051275 1.302690 0.141240 -0.002293 -0.342600
814 0 10.319400 0.036100 2.224450 0.216705 -0.005649 -0.670960
815 0 8.179980 0.062600 -0.588635 0.380064 -0.003151 -0.094326
816 0 10.132700 0.042300 1.790860 0.115880 -0.004039 -0.731290
817 0 8.455730 0.172215 0.190302 0.152353 -0.021543 -0.672630
821 0 8.027120 0.077560 -0.473328 0.146209 -0.009712 -0.847790
822 0 9.029660 0.052815 0.791578 0.211428 -0.007718 -0.672230
824 0 8.901840 0.098535 0.849941 0.193099 -0.012617 -0.647630
825 1 8.542350 0.037930 -2.101640 0.795890 0.011801 0.401760
826 0 9.202750 0.067825 1.222110 0.109755 -0.001041 -0.122070
827 0 7.582420 0.032720 -1.092610 0.137615 -0.002886 -0.510960
828 0 10.453800 0.031000 2.187870 0.207430 -0.004630 -0.449710
829 0 8.621840 0.030210 0.103679 0.192251 -0.004037 -0.563890
830 0 9.469080 0.058745 1.498240 0.117645 -0.004069 -0.601670
831 0 10.428700 0.085450 2.541860 0.085790 -0.000223 -0.025080
832 0 8.673570 0.048995 -0.418670 0.229903 -0.001390 -0.130010
835 0 8.751090 0.045500 0.447512 0.119944 -0.003960 -0.670340
836 0 8.132310 0.141030 0.061416 0.081894 -0.004153 -0.299040
837 0 9.672230 0.039115 1.221700 0.131400 -0.004572 -0.767760
838 0 9.418710 0.019565 0.933716 0.151378 -0.002474 -0.548340
841 0 9.576300 0.062550 1.358430 0.065870 -0.004201 -0.833180
842 0 9.209590 0.092285 0.359540 0.206471 -0.015943 -0.786980
845 0 7.928690 0.106370 -0.599594 0.215777 -0.022626 -0.791310
848 0 8.883010 0.052835 0.531539 0.135631 -0.005605 -0.751580
849 0 9.439230 0.052310 1.365830 0.149510 -0.005311 -0.522200
850 0 8.316000 0.092730 -0.086912 0.156019 -0.013054 -0.761550
851 0 8.023430 0.066290 -0.962084 0.275761 0.002259 0.120560
852 0 8.278120 0.097990 -0.648367 0.320744 -0.000790 -0.026137
853 0 10.126200 0.050050 1.739780 0.095160 -0.004324 -0.829490
855 0 10.037000 0.063520 2.138370 0.147435 -0.001860 -0.211500
856 0 8.885500 0.021470 -0.068911 0.204114 -0.000154 -0.027064
857 0 9.182370 0.043730 1.264270 0.034775 -0.000406 -0.137610
858 0 8.390680 0.054215 0.041106 0.130779 -0.004836 -0.519050
860 0 7.696820 0.163660 -0.001627 0.086616 -0.004778 -0.357750
862 0 10.405100 0.034900 1.987290 0.151035 -0.005075 -0.618410
863 0 9.781800 0.052435 1.542970 0.203125 -0.007700 -0.749060
864 0 8.928930 0.060240 0.657945 0.088031 -0.004618 -0.815700
865 0 9.639510 0.025540 1.086370 0.159653 -0.003096 -0.621810
866 0 9.130380 0.025650 0.767323 0.164734 -0.003939 -0.668070
867 0 10.604300 0.052200 1.187220 0.123320 -0.004310 -0.631050
868 0 8.873260 0.070555 0.746555 0.146197 -0.007074 -0.728100
870 0 8.093600 0.159410 -0.284162 0.253041 -0.032438 -0.637020
872 0 9.686100 0.040735 0.633727 0.223103 -0.004009 -0.369950
875 0 9.390600 0.030890 0.754969 0.150872 -0.002381 -0.405520
876 0 7.692770 0.210325 0.278618 0.170974 -0.089800 -0.809290
879 0 9.523930 0.050250 1.000970 0.139680 -0.006328 -0.775850
880 0 9.506150 0.035345 0.465743 0.241827 -0.008164 -0.366950
881 0 9.657300 0.029525 1.303170 0.165660 -0.004285 -0.705670
883 0 9.547490 0.098815 1.310260 0.188495 -0.012608 -0.743890
884 0 9.758320 0.043105 1.599480 0.201815 -0.006593 -0.650190
885 0 9.139130 0.039935 1.052380 0.165047 -0.004585 -0.541690
886 0 9.529560 0.075025 1.539220 0.135410 -0.002932 -0.240780
887 0 8.941510 0.059685 0.506139 0.193965 -0.008729 -0.730600
888 0 9.794050 0.037580 1.773720 0.106855 -0.002107 -0.500890
890 0 10.357200 0.080950 2.092740 0.116090 -0.009045 -0.791760
891 0 9.279230 0.078425 0.538145 0.176550 -0.010681 -0.762480
893 0 8.886930 0.068105 0.065527 0.262868 -0.008040 -0.442090
894 0 10.202800 0.030300 1.823490 0.134655 -0.004073 -0.735030
897 0 9.844910 0.034265 1.452100 0.186705 -0.005400 -0.717790
898 0 10.406600 0.034200 1.741180 0.244015 -0.006926 -0.697690
899 0 9.748190 0.064185 1.274170 0.130370 -0.007506 -0.811630
901 0 9.948810 0.031365 1.730700 0.164580 -0.003189 -0.587520
902 0 9.929720 0.054310 1.785640 0.201510 -0.013116 -0.784700
903 0 8.473600 0.163530 0.313795 0.138411 -0.011499 -0.495650
904 0 9.215390 0.024645 1.010020 0.147725 -0.001591 -0.412320
906 0 9.395500 0.050545 1.175230 0.209041 -0.008128 -0.743750
907 0 9.413490 0.055575 1.496680 0.077215 -0.001122 -0.240750
909 0 8.906310 0.078410 0.509803 0.137883 -0.009861 -0.812630
910 0 9.661710 0.057185 1.829630 0.074315 -0.000799 -0.161090
911 0 9.816630 0.055855 1.518930 0.195970 -0.008113 -0.756420
912 0 9.148020 0.073585 0.769055 0.197433 -0.011563 -0.797040
913 0 9.189420 0.063005 0.962835 0.149745 -0.006788 -0.741030
917 0 10.160000 0.041500 1.832710 0.202945 -0.007489 -0.752760
919 0 9.305200 0.039230 1.059050 0.182077 -0.004191 -0.591900
922 0 9.899490 0.041645 1.952150 0.048825 -0.002169 -0.445250
923 0 10.037100 0.059325 2.036130 0.122485 -0.003955 -0.468260
924 0 10.267400 0.074950 2.280950 0.162895 -0.004027 -0.239640
925 0 9.280030 0.055855 0.728808 0.159102 -0.007579 -0.750510
926 0 9.515130 0.035805 1.123270 0.147127 -0.004804 -0.746270
930 0 10.385400 0.039050 2.025600 0.153355 -0.004951 -0.736330
931 0 9.255060 0.104145 1.371440 0.058015 -0.002681 -0.383340
933 0 10.905800 0.055350 1.835090 0.155035 -0.003225 -0.404680
934 0 9.530770 0.048335 1.320610 0.179485 -0.003813 -0.440960
936 0 9.103870 0.103565 0.377908 0.197826 -0.017885 -0.869120
937 0 9.639560 0.087025 1.190380 0.166820 -0.013150 -0.851620
939 0 9.064820 0.065065 0.851382 0.215096 -0.008353 -0.589220
940 0 9.528010 0.033880 1.330230 0.151705 -0.002609 -0.466180
942 0 9.631070 0.076075 1.651300 0.139480 -0.000582 -0.065088
944 0 9.380660 0.053520 0.973339 0.147886 -0.006929 -0.798980
946 0 9.577980 0.055725 1.715100 0.035825 -0.000035 -0.011531
947 0 9.719440 0.043265 1.379970 0.165810 -0.005528 -0.719230
948 0 9.634730 0.052905 1.478270 0.183020 -0.007358 -0.719620
949 0 10.677700 0.048750 1.463420 0.312270 -0.001158 -0.055831
950 0 10.302900 0.026800 1.710870 0.146600 -0.002928 -0.521680
952 0 9.700260 0.093730 1.587950 0.141200 -0.004643 -0.390440
956 0 9.194500 0.152205 0.523217 0.244946 -0.031315 -0.884280
957 1 10.454000 0.032600 0.412278 0.772105 -0.005313 -0.084629
958 0 9.422320 0.066890 0.585834 0.187278 -0.008374 -0.633230
960 1 10.884200 0.031500 1.229040 0.153130 0.000274 0.026429
961 0 10.407400 0.054400 2.056800 0.160140 -0.006383 -0.740070
964 0 9.237320 0.066990 1.280690 0.074685 -0.001595 -0.266390
968 0 10.545100 0.044950 1.199790 0.303073 -0.038959 -0.631800
969 0 9.775600 0.031390 0.921215 0.185681 -0.003074 -0.448030
970 0 9.346310 0.056895 1.123200 0.096005 -0.004171 -0.647960
973 1 10.394100 0.036300 0.633550 0.796161 -0.017321 -0.205030
975 0 9.512330 0.052945 1.664380 0.044560 0.001640 0.332540
976 0 10.695600 0.043350 2.468350 0.095475 -0.001940 -0.400770
978 0 10.090300 0.045000 2.183310 0.041160 -0.002269 -0.514910
979 0 10.434100 0.055100 1.786710 0.240815 -0.011510 -0.751250
981 0 9.814910 0.065260 1.711480 0.185390 -0.001977 -0.178030
982 0 9.200310 0.092965 1.225380 0.136745 -0.004123 -0.330600
983 0 10.038300 0.091590 1.394660 0.155390 -0.012903 -0.893930
984 0 10.145900 0.043900 2.240830 0.086105 -0.000899 -0.128130
986 0 8.622440 0.112615 0.603573 0.141592 -0.002758 -0.191140
988 0 9.859980 0.034310 1.592820 0.193865 -0.005563 -0.725020
989 0 9.303430 0.100355 0.448890 0.177684 -0.015947 -0.896890
991 0 9.920690 0.061130 1.550500 0.157785 -0.007729 -0.796460
995 0 10.037900 0.043295 1.647360 0.100430 -0.003823 -0.707320
996 0 8.739140 0.051400 0.945871 0.044925 0.000506 0.181020
997 0 9.365970 0.062340 1.183120 0.066090 -0.003828 -0.752600
999 0 10.131000 0.056050 2.157500 0.146415 -0.003184 -0.204260
1003 0 10.187600 0.034800 1.931160 0.166030 -0.004281 -0.698020
1005 0 10.142700 0.070800 1.623190 0.115430 -0.007317 -0.900640
1006 0 10.019100 0.089775 1.549960 0.174875 -0.013741 -0.823880
1007 0 8.190350 0.187465 0.553024 0.113572 -0.015839 -0.832290
1012 0 9.058950 0.071330 0.907823 0.069146 -0.004544 -0.741850
1013 0 10.452600 0.042450 2.143420 0.167675 -0.004382 -0.563690
1015 0 10.205600 0.041400 1.286830 0.174675 -0.003097 -0.401090
1016 0 10.111000 0.028500 1.110800 0.214644 -0.011082 -0.514130
1017 0 9.241350 0.096200 1.271470 0.119375 -0.002074 -0.177650
1018 0 8.764180 0.058945 0.155716 0.180432 -0.006508 -0.577730
1019 0 8.726950 0.091430 0.586930 0.116745 -0.006904 -0.630500
1022 0 10.860000 0.054650 1.851830 0.277660 -0.026496 -0.557590
1024 0 10.847500 0.088100 2.363350 0.155380 -0.012946 -0.874190
1027 0 9.764590 0.062530 1.474310 0.101385 -0.005964 -0.822430
1028 0 10.083300 0.035450 1.160140 0.166105 -0.002331 -0.306680
1030 0 9.869900 0.052730 1.038630 0.181361 -0.004517 -0.449530
1031 0 10.523700 0.061500 1.557170 0.200955 -0.005500 -0.425830
1032 0 9.989760 0.094005 1.981710 0.112175 -0.000258 -0.027443
1034 0 9.230600 0.089995 1.048990 0.160800 -0.006414 -0.436690
1035 0 9.690070 0.039765 1.450020 0.162430 -0.006538 -0.352170
1037 0 10.868700 0.035250 2.019560 0.214015 -0.015655 -0.612040
1040 0 9.223150 0.057400 1.346420 0.111980 -0.004270 -0.621570
