# id,x_refit,sx_refit,y_refit,sy_refit,sx_refit**2,sy_refit**2,covxy_refit,corrxy_refit,sigxp2,sigyp2,theta
1 0.965816 0.062700 1.079133 0.101575 0.003931 0.010317 -0.001142 -0.840280 0.010515 0.003733 -80.162666
2 1.011515 0.116400 0.830492 0.203780 0.013549 0.041526 -0.004263 -0.869120 0.042161 0.012914 -81.525406
3 0.244455 0.104185 0.434043 0.065195 0.010855 0.004250 -0.002222 -0.863460 0.011532 0.003573 -16.966164
4 0.015645 0.064695 0.362403 0.069535 0.004185 0.004835 -0.001059 -0.721470 0.005618 0.003403 -53.528687
6 0.109615 0.064075 0.288952 0.129845 0.004106 0.016860 -0.001240 -0.842170 0.016979 0.003986 -84.498589
7 0.035495 0.044870 0.351233 0.087915 0.002013 0.007729 -0.000721 -0.775350 0.007819 0.001924 -82.923378
8 0.862415 0.037875 0.824733 0.159925 0.001435 0.025576 -0.000572 -0.484110 0.025590 0.001421 -88.643181
10 0.845325 0.062525 0.688012 0.114335 0.003909 0.013072 -0.001502 -0.779660 0.013312 0.003670 -80.927315
12 0.231665 0.022135 0.247442 0.183079 0.000490 0.033518 -0.000292 -0.480250 0.033521 0.000487 -89.493225
13 0.700205 0.033725 0.411613 0.147400 0.001137 0.021727 -0.000146 -0.151180 0.021728 0.001136 -89.592484
15 0.085705 0.040685 -0.546502 0.301081 0.001655 0.090650 -0.001704 -0.420050 0.090682 0.001623 -88.903214
16 0.691855 0.056415 0.710713 0.149935 0.003183 0.022481 -0.001220 -0.789320 0.022557 0.003106 -86.395447
18 0.309625 0.084705 0.068276 0.137521 0.007175 0.018912 -0.002349 -0.848120 0.019365 0.006722 -79.092934
19 -0.063525 0.074605 0.212723 0.152847 0.005566 0.023362 -0.001498 -0.800590 0.023488 0.005441 -85.221039
20 -0.078975 0.051565 -0.082961 0.213518 0.002659 0.045590 -0.001498 -0.738830 0.045642 0.002607 -88.003723
21 0.150285 0.063370 0.545873 0.087930 0.004016 0.007732 -0.000749 -0.723450 0.007877 0.003870 -79.022491
22 1.769615 0.043400 1.996423 0.151610 0.001884 0.022986 -0.000539 -0.772280 0.022999 0.001870 -88.538406
23 -0.135705 0.061790 0.238572 0.059990 0.003818 0.003599 -0.000712 -0.599160 0.004429 0.002988 -40.625507
24 0.177725 0.080705 0.082452 0.274301 0.006513 0.075241 -0.002444 -0.810480 0.075328 0.006426 -87.965630
25 0.751815 0.046925 1.101173 0.074075 0.002202 0.005487 -0.000765 -0.730930 0.005657 0.002033 -77.512535
30 0.295625 0.058465 0.566813 0.127980 0.003418 0.016379 -0.000908 -0.781810 0.016442 0.003355 -86.012070
32 0.733185 0.030975 0.887012 0.151605 0.000959 0.022984 -0.000400 -0.606780 0.022991 0.000952 -88.960968
33 0.368055 0.061335 0.763963 0.048125 0.003762 0.002316 -0.000740 -0.784330 0.004073 0.002005 -22.825264
34 -0.075415 0.059085 0.105407 0.201368 0.003491 0.040549 -0.001600 -0.808620 0.040618 0.003422 -87.532356
35 0.062485 0.073740 0.136649 0.185806 0.005438 0.034524 -0.001884 -0.800110 0.034645 0.005316 -86.309540
39 -0.168915 0.075585 0.142189 0.138888 0.005713 0.019290 -0.000834 -0.702790 0.019341 0.005662 -86.497711
40 0.524485 0.040005 0.814952 0.139330 0.001600 0.019413 -0.000503 -0.718950 0.019427 0.001586 -88.383820
41 0.092936 0.067860 0.516653 0.043005 0.004605 0.001849 -0.000789 -0.765360 0.004815 0.001640 -14.892028
42 0.204145 0.042800 0.365143 0.178120 0.001832 0.031727 -0.000783 -0.720080 0.031747 0.001811 -88.501320
44 -0.376735 0.076335 0.106515 0.071406 0.005827 0.005099 -0.000489 -0.534120 0.006073 0.004853 -26.671337
45 0.314725 0.045485 0.683483 0.099300 0.002069 0.009860 -0.000609 -0.788780 0.009908 0.002022 -85.554344
48 0.356236 0.041730 0.723893 0.037540 0.001741 0.001409 -0.000465 -0.700930 0.002069 0.001082 -35.169025
49 0.271125 0.048725 0.339072 0.238490 0.002374 0.056877 -0.001506 -0.822270 0.056919 0.002333 -88.418129
50 0.131195 0.054090 0.579913 0.030690 0.002926 0.000942 -0.000384 -0.558060 0.002997 0.000870 -10.570797
53 0.088965 0.048885 0.577203 0.059165 0.002390 0.003500 -0.000299 -0.634530 0.003576 0.002314 -75.855583
54 -0.969695 0.145255 -0.665200 0.074502 0.021099 0.005551 -0.001970 -0.685770 0.021345 0.005305 -7.108747
58 1.059615 0.077550 1.373822 0.089465 0.006014 0.008004 -0.001591 -0.856000 0.008886 0.005132 -61.007439
60 1.198715 0.046850 1.397963 0.173150 0.002195 0.029981 -0.001166 -0.798660 0.030030 0.002146 -87.602310
62 0.854815 0.033995 0.620183 0.124210 0.001156 0.015428 -0.000486 -0.450720 0.015445 0.001139 -88.050468
63 0.663515 0.069925 -0.062559 0.160443 0.004890 0.025742 -0.001391 -0.572020 0.025834 0.004797 -86.200920
64 -0.097705 0.118025 0.106541 0.049979 0.013930 0.002498 -0.002143 -0.865950 0.014319 0.002109 -10.277143
65 -0.206924 0.147970 -0.144677 0.106325 0.021895 0.011305 -0.004457 -0.883600 0.023521 0.009679 -20.044132
68 0.555875 0.058050 0.078524 0.182972 0.003370 0.033479 -0.000832 -0.452590 0.033502 0.003347 -88.418327
69 -0.051275 0.057355 0.375463 0.031720 0.003290 0.001006 -0.000572 -0.638540 0.003425 0.000871 -13.297587
70 0.592535 0.037770 0.730842 0.173305 0.001427 0.030035 -0.000617 -0.700320 0.030048 0.001413 -88.764183
72 0.839766 0.062475 0.633663 0.139850 0.003903 0.019558 -0.001149 -0.629010 0.019642 0.003819 -85.825996
73 0.132455 0.071420 0.358562 0.182955 0.005101 0.033473 -0.001562 -0.772160 0.033558 0.005015 -86.857445
74 0.040915 0.080565 -0.001906 0.156970 0.006491 0.024639 -0.002338 -0.875730 0.024936 0.006194 -82.776894
75 0.645596 0.050135 0.934743 0.135085 0.002514 0.018248 -0.000764 -0.784580 0.018285 0.002477 -87.228378
79 1.209615 0.066350 0.836133 0.141365 0.004402 0.019984 -0.001001 -0.614050 0.020048 0.004338 -86.338898
81 0.542245 0.034345 0.821262 0.097135 0.001180 0.009435 -0.000408 -0.666610 0.009455 0.001159 -87.177834
85 0.409035 0.039920 0.827093 0.025765 0.001594 0.000664 -0.000445 -0.718810 0.001773 0.000485 -21.889105
86 1.079615 0.107850 0.932793 0.305795 0.011632 0.093511 -0.004166 -0.915330 0.093722 0.011420 -87.094650
87 0.740675 0.043950 1.044553 0.100310 0.001932 0.010062 -0.000678 -0.762480 0.010118 0.001875 -85.262260
89 0.195715 0.091345 -0.498735 0.168259 0.008344 0.028311 -0.003975 -0.901710 0.029073 0.007582 -79.146164
90 -0.023185 0.078545 -0.334881 0.161165 0.006169 0.025974 -0.002257 -0.760010 0.026228 0.005915 -83.579575
91 0.991515 0.041900 1.127622 0.157605 0.001756 0.024839 -0.001173 -0.797950 0.024899 0.001696 -87.097488
92 0.102235 0.061610 0.433853 0.121950 0.003796 0.014872 -0.001031 -0.762690 0.014967 0.003701 -84.726036
93 0.421596 0.064090 0.398733 0.135045 0.004108 0.018237 -0.001644 -0.848010 0.018426 0.003919 -83.451279
94 0.933315 0.029450 0.689743 0.139315 0.000867 0.019409 -0.000469 -0.407090 0.019421 0.000855 -88.552902
96 0.709605 0.050190 0.783612 0.140320 0.002519 0.019690 -0.000967 -0.844480 0.019744 0.002465 -86.787804
98 0.052115 0.102830 0.408473 0.076835 0.010574 0.005904 -0.001127 -0.740670 0.010832 0.005646 -12.884304
103 0.463455 0.058770 0.887743 0.036920 0.003454 0.001363 -0.000497 -0.680410 0.003566 0.001251 -12.721933
104 -0.035465 0.067655 0.322163 0.098315 0.004577 0.009666 -0.001138 -0.806380 0.009909 0.004334 -77.948395
105 -0.115925 0.093030 0.153113 0.115267 0.008655 0.013286 -0.001456 -0.789240 0.013706 0.008235 -73.922997
106 -0.153995 0.072560 -0.712277 0.228940 0.005265 0.052414 -0.001112 -0.386720 0.052440 0.005239 -88.649315
108 0.853515 0.033655 0.950173 0.158780 0.001133 0.025211 -0.000549 -0.679190 0.025224 0.001120 -88.695625
109 0.238395 0.085105 -0.073021 0.183189 0.007243 0.033558 -0.002182 -0.771170 0.033738 0.007063 -85.291389
110 0.908515 0.030600 0.944213 0.155215 0.000936 0.024092 -0.000500 -0.623650 0.024102 0.000926 -88.764351
111 0.145815 0.046115 0.542443 0.040590 0.002127 0.001648 -0.000637 -0.768880 0.002567 0.001207 -34.691414
112 0.199205 0.056800 0.613572 0.054300 0.003226 0.002948 -0.000510 -0.684750 0.003616 0.002559 -37.383442
113 0.467315 0.056175 0.235433 0.141029 0.003156 0.019889 -0.001166 -0.690180 0.019970 0.003075 -86.032822
116 0.677435 0.048400 1.137892 0.025610 0.002343 0.000656 -0.000388 -0.700900 0.002428 0.000571 -12.360516
119 0.848315 0.039295 1.230493 0.029545 0.001544 0.000873 -0.000391 -0.686270 0.001724 0.000693 -24.692572
120 1.509815 0.060500 0.562073 0.177015 0.003660 0.031334 -0.002076 -0.728290 0.031489 0.003505 -85.733711
123 -0.079445 0.085325 -0.208442 0.260778 0.007280 0.068005 -0.002466 -0.802730 0.068105 0.007180 -87.677979
124 -0.397264 0.048835 -0.058196 0.069357 0.002385 0.004810 -0.000749 -0.731280 0.005023 0.002172 -74.151527
125 0.588635 0.062600 0.558823 0.151795 0.003919 0.023042 -0.001375 -0.842460 0.023140 0.003820 -85.908890
129 -0.470795 0.066520 -0.194476 0.154103 0.004425 0.023748 -0.001364 -0.788500 0.023843 0.004329 -85.982582
130 0.605865 0.038635 0.596163 0.167705 0.001493 0.028125 -0.000661 -0.746690 0.028141 0.001476 -88.579407
132 -0.885495 0.161420 -0.646575 0.110027 0.026056 0.012106 -0.005280 -0.840620 0.027830 0.010333 -18.562868
133 1.338615 0.062450 1.290952 0.114580 0.003900 0.013129 -0.001424 -0.850360 0.013343 0.003685 -81.426407
134 0.586435 0.042060 0.740223 0.150130 0.001769 0.022539 -0.000843 -0.812200 0.022573 0.001735 -87.679840
139 0.713495 0.056685 1.049582 0.120355 0.003213 0.014485 -0.001836 -0.874900 0.014777 0.002922 -80.979172
140 -0.079675 0.088030 0.143432 0.127964 0.007749 0.016375 -0.001498 -0.860040 0.016628 0.007496 -80.421814
142 -0.423525 0.060660 0.117220 0.050269 0.003680 0.002527 -0.000076 -0.253920 0.003685 0.002522 -3.739944
144 -0.554585 0.174525 -0.300030 0.075408 0.030459 0.005686 -0.004197 -0.830180 0.031151 0.004995 -9.358647
145 1.174915 0.027300 1.222023 0.157880 0.000745 0.024926 -0.000406 -0.559390 0.024933 0.000738 -89.039009
147 -0.001945 0.059095 0.240512 0.152378 0.003492 0.023219 -0.001297 -0.786760 0.023304 0.003407 -86.253258
148 0.531535 0.046790 0.855052 0.076805 0.002189 0.005899 -0.000631 -0.749650 0.006004 0.002085 -80.600594
149 0.567135 0.058765 0.322613 0.134530 0.003453 0.018098 -0.001103 -0.669320 0.018181 0.003371 -85.717682
150 0.528705 0.079650 0.439342 0.108635 0.006344 0.011802 -0.002178 -0.857100 0.012564 0.005582 -70.703262
151 0.697665 0.065960 1.058603 0.146795 0.004351 0.021549 -0.000879 -0.795770 0.021594 0.004306 -87.081223
152 0.301155 0.072950 -0.116060 0.174087 0.005322 0.030306 -0.001459 -0.623300 0.030391 0.005237 -86.669037
153 0.366446 0.042675 0.319133 0.158030 0.001821 0.024973 -0.000886 -0.763930 0.025007 0.001787 -87.812042
154 -0.234585 0.094175 -0.084741 0.058655 0.008869 0.003440 -0.001807 -0.861140 0.009415 0.002894 -16.824511
157 0.117295 0.026980 0.198253 0.178972 0.000728 0.032031 -0.000358 -0.553500 0.032035 0.000724 -89.344589
158 -0.188765 0.077590 -0.235394 0.193750 0.006020 0.037539 -0.002343 -0.809040 0.037712 0.005847 -85.772133
160 0.144785 0.091965 0.366313 0.168155 0.008458 0.028276 -0.002137 -0.796110 0.028504 0.008230 -83.915634
161 0.182675 0.050215 0.385743 0.156775 0.002522 0.024578 -0.000892 -0.775850 0.024614 0.002486 -87.687958
163 0.124545 0.057085 0.551293 0.035210 0.003259 0.001240 -0.000614 -0.723690 0.003431 0.001068 -15.652457
167 0.285175 0.053785 0.647093 0.080635 0.002893 0.006502 -0.000626 -0.745690 0.006608 0.002787 -80.428947
168 0.684196 0.041560 0.891733 0.159700 0.001727 0.025504 -0.000771 -0.733880 0.025529 0.001702 -88.144836
169 0.653255 0.061350 0.905913 0.174280 0.003764 0.030374 -0.001192 -0.845690 0.030427 0.003711 -87.440437
171 0.446035 0.044490 0.664623 0.141655 0.001979 0.020066 -0.000850 -0.798470 0.020106 0.001940 -87.316299
172 0.417345 0.057275 0.463482 0.072770 0.003280 0.005295 -0.001239 -0.857040 0.005885 0.002691 -64.554039
174 1.623515 0.071600 0.852193 0.124125 0.005127 0.015407 -0.002906 -0.887290 0.016172 0.004362 -75.257599
175 1.689315 0.027200 1.279752 0.166805 0.000740 0.027824 -0.003081 -0.704410 0.028170 0.000394 -83.591499
176 0.090475 0.064740 -0.007945 0.149155 0.004191 0.022247 -0.001189 -0.792850 0.022325 0.004113 -86.249237
177 0.487065 0.084170 0.881912 0.114765 0.007085 0.013171 -0.001021 -0.710150 0.013338 0.006918 -80.727509
178 1.888715 0.028100 1.067932 0.244095 0.000790 0.059582 -0.000954 -0.358420 0.059598 0.000774 -89.071007
180 0.102765 0.053995 0.525493 0.057220 0.002915 0.003274 -0.000700 -0.715020 0.003817 0.002372 -52.184528
181 0.746016 0.049935 1.149003 0.034725 0.002494 0.001206 -0.000616 -0.710060 0.002741 0.000959 -21.869612
182 0.882915 0.049340 0.858513 0.173995 0.002434 0.030274 -0.000913 -0.733730 0.030304 0.002405 -88.123947
188 0.324575 0.083125 0.703053 0.109160 0.006910 0.011916 -0.001343 -0.792020 0.012254 0.006572 -75.890518
189 0.468286 0.045605 0.847493 0.034155 0.002080 0.001167 -0.000431 -0.624540 0.002251 0.000996 -21.659880
190 0.704565 0.021970 0.807572 0.144135 0.000483 0.020775 -0.000254 -0.530230 0.020778 0.000480 -89.284035
191 0.312805 0.059670 0.735723 0.032935 0.003561 0.001085 -0.000662 -0.753460 0.003726 0.000919 -14.060881
192 0.330405 0.041910 0.542003 0.134695 0.001756 0.018143 -0.000914 -0.767050 0.018194 0.001706 -86.818710
194 -0.058535 0.029070 -0.466519 0.239253 0.000845 0.057242 -0.000627 -0.412500 0.057249 0.000838 -89.363068
195 0.581415 0.050270 0.530612 0.109110 0.002527 0.011905 -0.000970 -0.817110 0.012004 0.002428 -84.156479
196 1.588315 0.057400 0.788393 0.124325 0.003295 0.015457 -0.001665 -0.779170 0.015681 0.003071 -82.342834
197 0.349825 0.047810 0.797292 0.050140 0.002286 0.002514 -0.000321 -0.580790 0.002741 0.002059 -54.771351
199 0.605695 0.035010 0.637423 0.193225 0.001226 0.037336 -0.000565 -0.583640 0.037345 0.001217 -89.103569
200 -0.220304 0.048505 -0.140695 0.180637 0.002353 0.032630 -0.000944 -0.769510 0.032659 0.002323 -88.215324
201 0.827615 0.044500 1.123852 0.127050 0.001980 0.016142 -0.000616 -0.688560 0.016168 0.001954 -87.514229
205 0.812716 0.078655 1.152612 0.109720 0.006187 0.012038 -0.000938 -0.814230 0.012185 0.006040 -81.108826
206 0.314095 0.081780 0.242593 0.161728 0.006688 0.026156 -0.002527 -0.841780 0.026479 0.006365 -82.724014
207 0.090755 0.051910 0.063871 0.200631 0.002695 0.040253 -0.000921 -0.636510 0.040275 0.002672 -88.596466
208 0.240685 0.053900 0.664433 0.031480 0.002905 0.000991 -0.000662 -0.702150 0.003112 0.000784 -17.337973
209 -0.017075 0.089500 -0.069860 0.151341 0.008010 0.022904 -0.002673 -0.849820 0.023370 0.007545 -80.126175
210 0.918515 0.066850 1.253772 0.113470 0.004469 0.012875 -0.001098 -0.675770 0.013016 0.004328 -82.681915
211 0.000945 0.064795 0.164402 0.107714 0.004198 0.011602 -0.001064 -0.799980 0.011752 0.004049 -81.982254
212 -0.203225 0.093270 -0.184013 0.109949 0.008699 0.012089 -0.002386 -0.873640 0.013320 0.007468 -62.694103
214 -0.268775 0.086405 -0.178569 0.193634 0.007466 0.037494 -0.002259 -0.842990 0.037663 0.007297 -85.721809
216 0.730855 0.134850 0.602793 0.167065 0.018185 0.027911 -0.006769 -0.941580 0.031383 0.014713 -62.847012
218 -0.372595 0.055510 -0.064448 0.116958 0.003081 0.013679 -0.000705 -0.727800 0.013726 0.003035 -86.209213
219 -0.073345 0.066355 0.262693 0.072620 0.004403 0.005274 -0.001081 -0.772240 0.006003 0.003673 -55.970539
220 0.590355 0.034575 0.752553 0.151680 0.001195 0.023007 -0.000551 -0.693660 0.023021 0.001182 -88.554153
221 0.355165 0.067645 0.175963 0.137245 0.004576 0.018836 -0.001298 -0.750280 0.018953 0.004459 -84.839775
224 0.385975 0.098370 0.196303 0.247531 0.009677 0.061271 -0.002962 -0.890730 0.061441 0.009507 -86.725372
226 0.352475 0.037790 0.753833 0.023980 0.001428 0.000575 -0.000281 -0.544960 0.001512 0.000491 -16.681765
228 0.118345 0.060125 0.480072 0.050160 0.003615 0.002516 -0.000853 -0.787910 0.004080 0.002051 -28.600006
229 0.375415 0.063150 0.354503 0.087225 0.003988 0.007608 -0.001430 -0.850870 0.008105 0.003491 -70.842804
230 0.911315 0.041750 1.023782 0.243585 0.001743 0.059334 -0.001634 -0.857530 0.059380 0.001697 -88.375809
233 -1.505665 0.286220 -0.977155 0.102107 0.081922 0.010426 -0.003588 -0.474490 0.082102 0.010246 -2.865924
234 0.479535 0.031190 0.575302 0.158740 0.000973 0.025198 -0.000476 -0.709160 0.025208 0.000963 -88.874649
238 0.496525 0.031275 0.550083 0.145855 0.000978 0.021274 -0.000525 -0.564530 0.021287 0.000965 -88.518471
241 -1.503275 0.167675 -1.687410 0.303281 0.028115 0.091979 -0.009467 -0.618660 0.093353 0.026741 -81.743484
242 -1.414895 0.148495 -0.995404 0.112807 0.022051 0.012725 -0.001141 -0.451930 0.022188 0.012588 -6.877001
244 0.338635 0.049855 0.723233 0.033130 0.002486 0.001098 -0.000557 -0.588690 0.002682 0.000901 -19.387463
245 -0.657195 0.199985 -0.747377 0.237506 0.039994 0.056409 -0.010854 -0.716970 0.061809 0.034594 -63.547871
246 -0.737685 0.032335 -0.475361 0.119489 0.001046 0.014278 -0.000374 -0.581150 0.014288 0.001035 -88.383163
249 -0.107445 0.091100 0.228953 0.134301 0.008299 0.018037 -0.001470 -0.819160 0.018254 0.008082 -81.601013
251 1.158916 0.068550 1.378103 0.171320 0.004699 0.029351 -0.001840 -0.814750 0.029487 0.004563 -85.755890
252 -0.128205 0.045305 0.284203 0.092040 0.002053 0.008471 -0.000438 -0.713970 0.008501 0.002023 -86.111862
253 -1.397025 0.133945 -0.957114 0.139535 0.017941 0.019470 -0.001023 -0.445430 0.019983 0.017429 -63.387047
255 -0.341895 0.082280 -0.254503 0.165552 0.006770 0.027407 -0.002207 -0.882100 0.027641 0.006537 -83.963120
256 0.040015 0.051595 0.097033 0.113264 0.002662 0.012829 -0.001108 -0.807100 0.012948 0.002543 -83.849655
260 -0.599695 0.037690 -0.758541 0.217983 0.001421 0.047517 -0.000612 -0.357930 0.047525 0.001412 -89.239487
262 -0.066035 0.038205 -0.088061 0.195761 0.001460 0.038322 -0.000868 -0.648050 0.038343 0.001439 -88.651718
264 -0.556664 0.023360 -0.838139 0.173163 0.000546 0.029985 -0.000046 -0.066667 0.029985 0.000546 -89.911354
265 0.405615 0.030150 0.494583 0.172180 0.000909 0.029646 -0.000427 -0.644280 0.029652 0.000903 -89.149788
266 -0.289965 0.062985 -0.018187 0.173891 0.003967 0.030238 -0.001028 -0.707070 0.030278 0.003927 -87.763603
268 -0.309785 0.069925 -0.536006 0.149585 0.004890 0.022376 -0.002103 -0.745010 0.022625 0.004640 -83.237076
269 0.601475 0.071160 0.828452 0.163720 0.005064 0.026804 -0.001497 -0.786700 0.026907 0.004961 -86.080177
270 -1.422355 0.252040 -1.095268 0.111214 0.063524 0.012369 -0.005279 -0.580430 0.064063 0.011829 -5.831193
271 -1.418835 0.287290 -0.973957 0.116093 0.082536 0.013478 -0.004512 -0.474350 0.082829 0.013184 -3.722489
272 -0.649855 0.043135 -0.309760 0.073014 0.001861 0.005331 -0.000600 -0.738310 0.005432 0.001760 -80.458839
273 -1.568345 0.240580 -1.496857 0.166177 0.057879 0.027615 -0.005850 -0.520420 0.058970 0.026523 -10.568546
274 -0.902365 0.161820 -0.651460 0.080041 0.026186 0.006407 -0.003293 -0.760730 0.026719 0.005873 -9.207797
275 0.320095 0.068220 0.144793 0.217884 0.004654 0.047474 -0.001167 -0.661720 0.047505 0.004622 -88.440681
277 0.417825 0.067825 0.352533 0.200735 0.004600 0.040295 -0.001807 -0.825410 0.040386 0.004509 -87.108810
278 -2.051265 0.194655 -1.377046 0.088073 0.037891 0.007757 0.000476 0.186780 0.037898 0.007749 0.904837
280 0.521195 0.040750 0.872593 0.043470 0.001661 0.001890 -0.000336 -0.486470 0.002130 0.001420 -54.411869
281 -0.611495 0.060105 -0.591479 0.108562 0.003613 0.011786 -0.001108 -0.746870 0.011933 0.003465 -82.411591
283 0.373525 0.032705 0.284203 0.207702 0.001070 0.043140 -0.000896 -0.679320 0.043159 0.001051 -88.780563
284 0.098365 0.089415 0.444952 0.107060 0.007995 0.011462 -0.001002 -0.749470 0.011731 0.007726 -74.987350
285 0.973015 0.064750 1.329853 0.107045 0.004193 0.011459 -0.000875 -0.756870 0.011562 0.004089 -83.232964
286 -0.928124 0.050310 -0.811282 0.190680 0.002531 0.036359 -0.000821 -0.658330 0.036379 0.002511 -88.609886
287 -0.592825 0.063715 -0.534855 0.089869 0.004060 0.008076 -0.001356 -0.819010 0.008491 0.003645 -72.985931
288 -0.578015 0.051145 -0.343557 0.129031 0.002616 0.016649 -0.000592 -0.718470 0.016674 0.002591 -87.588547
289 -1.041605 0.074580 -1.102407 0.156540 0.005562 0.024505 -0.002117 -0.764470 0.024738 0.005328 -83.699364
290 -1.179315 0.075435 -1.075908 0.124057 0.005690 0.015390 -0.001409 -0.673520 0.015591 0.005490 -81.902199
291 0.607735 0.043250 1.014722 0.023905 0.001871 0.000571 -0.000396 -0.714020 0.001982 0.000460 -15.673281
292 0.271545 0.074080 -0.053386 0.159789 0.005488 0.025533 -0.001528 -0.696990 0.025648 0.005372 -85.666290
293 1.279215 0.061650 0.483443 0.111550 0.003801 0.012443 -0.002963 -0.923890 0.013362 0.002882 -72.780975
294 -1.279725 0.125365 -1.533871 0.254768 0.015716 0.064907 -0.004845 -0.555890 0.065380 0.015244 -84.428360
295 -0.343835 0.048500 -0.343730 0.181503 0.002352 0.032943 -0.001236 -0.742510 0.032993 0.002302 -87.689102
296 -1.157095 0.233330 -0.940059 0.123400 0.054443 0.015228 -0.006475 -0.724760 0.055484 0.014186 -9.136676
297 -0.319445 0.030170 -0.381272 0.162985 0.000910 0.026564 -0.000498 -0.451480 0.026574 0.000901 -88.888092
298 -1.237715 0.151240 -0.987487 0.162881 0.022874 0.026530 -0.002585 -0.516320 0.027869 0.021535 -62.633877
299 -0.550285 0.060635 -0.854893 0.186210 0.003677 0.034674 -0.001194 -0.506280 0.034720 0.003631 -87.796997
300 -0.729105 0.021080 -1.133624 0.194681 0.000444 0.037901 0.000107 0.164940 0.037901 0.000444 89.836861
302 0.249855 0.082655 0.638733 0.085370 0.006832 0.007288 -0.001625 -0.727980 0.008701 0.005419 -48.994831
304 -1.268125 0.107920 -1.230526 0.197552 0.011647 0.039027 -0.002760 -0.643700 0.039302 0.011371 -84.301353
305 -0.701185 0.025410 -1.068802 0.166646 0.000646 0.027771 0.000022 0.027321 0.027771 0.000646 89.952606
306 -1.006405 0.062290 -1.141985 0.162815 0.003880 0.026509 -0.001379 -0.494250 0.026593 0.003796 -86.524780
307 -0.809355 0.143480 -0.642742 0.088857 0.020587 0.007896 -0.003704 -0.782800 0.021588 0.006894 -15.135541
308 -1.622795 0.111320 -1.036194 0.109374 0.012392 0.011963 -0.000002 -0.003690 0.012392 0.011963 -0.246751
309 0.131135 0.038420 0.241042 0.200921 0.001476 0.040369 -0.000784 -0.772820 0.040385 0.001460 -88.845917
310 -0.843175 0.148875 -0.729365 0.131714 0.022164 0.017349 -0.004331 -0.784260 0.024712 0.014801 -30.466497
311 0.568295 0.042655 0.982763 0.027145 0.001819 0.000737 -0.000328 -0.539900 0.001911 0.000645 -15.618103
312 -0.745775 0.058310 -0.978489 0.168391 0.003400 0.028356 -0.001642 -0.566010 0.028463 0.003292 -86.250732
313 -1.147485 0.092525 -1.569098 0.315219 0.008561 0.099363 -0.004463 -0.483650 0.099582 0.008342 -87.193199
314 0.826625 0.043415 1.099593 0.134695 0.001885 0.018143 -0.000664 -0.803770 0.018170 0.001858 -87.665298
316 0.482025 0.041970 0.609383 0.176575 0.001761 0.031179 -0.000785 -0.762670 0.031200 0.001741 -88.472137
317 -0.694725 0.091295 -0.419049 0.043864 0.008335 0.001924 -0.001456 -0.846860 0.008650 0.001609 -12.215508
318 -0.946115 0.142165 -0.762697 0.123187 0.020211 0.015175 -0.003082 -0.713070 0.021673 0.013713 -25.375902
319 -0.132225 0.051660 0.139969 0.103075 0.002669 0.010625 -0.001057 -0.788250 0.010763 0.002531 -82.557648
320 0.701285 0.034355 1.037533 0.050400 0.001180 0.002540 -0.000333 -0.672630 0.002617 0.001103 -76.967072
321 0.177945 0.038565 0.471323 0.163750 0.001487 0.026814 -0.000497 -0.765280 0.026824 0.001478 -88.877274
322 0.056735 0.029185 0.087085 0.154010 0.000852 0.023719 -0.000548 -0.647750 0.023732 0.000839 -88.627159
324 -0.643755 0.093190 -0.871980 0.153362 0.008684 0.023520 -0.003118 -0.645040 0.024149 0.008056 -78.602203
325 0.148825 0.089660 0.141973 0.093324 0.008039 0.008709 -0.002128 -0.886500 0.010528 0.006220 -49.477180
326 0.032225 0.029435 0.111540 0.165043 0.000866 0.027239 -0.000596 -0.688950 0.027253 0.000853 -88.706635
327 -1.312035 0.149885 -1.486584 0.280546 0.022466 0.078706 -0.008376 -0.711570 0.079927 0.021245 -81.706413
328 -1.179645 0.052535 -0.723727 0.099825 0.002760 0.009965 -0.000112 -0.369710 0.009967 0.002758 -89.112816
329 0.808475 0.058390 1.028962 0.157635 0.003409 0.024849 -0.000799 -0.803920 0.024879 0.003380 -87.868355
330 -0.493325 0.075695 -0.566301 0.143266 0.005730 0.020525 -0.003056 -0.689600 0.021132 0.005123 -78.778305
332 -0.277115 0.051205 -0.285042 0.173619 0.002622 0.030144 -0.001085 -0.798720 0.030186 0.002579 -87.745438
333 0.014055 0.043870 -0.066745 0.137003 0.001925 0.018770 -0.000755 -0.716200 0.018804 0.001891 -87.438316
334 1.257415 0.025750 1.196933 0.156095 0.000663 0.024366 -0.000402 -0.594330 0.024372 0.000656 -89.028137
335 0.720635 0.059180 1.104473 0.045015 0.003502 0.002026 -0.000726 -0.751120 0.003800 0.001729 -22.273830
337 -1.382115 0.239525 -1.244855 0.137165 0.057372 0.018814 -0.006619 -0.692890 0.058477 0.017710 -9.474069
339 -0.071135 0.081680 -0.279029 0.109337 0.006672 0.011954 -0.001962 -0.870070 0.012603 0.006023 -71.698563
344 -1.468015 0.091500 -1.750562 0.403087 0.008372 0.162479 -0.005707 -0.670070 0.162690 0.008161 -87.882156
345 0.191025 0.064375 0.563413 0.050455 0.004144 0.002546 -0.000939 -0.831670 0.004578 0.002112 -24.797493
347 1.125315 0.115200 1.101292 0.158560 0.013271 0.025141 -0.004703 -0.874560 0.026779 0.011634 -70.804192
349 -1.180935 0.184695 -0.570246 0.083707 0.034112 0.007007 -0.001052 -0.417460 0.034153 0.006966 -2.219494
350 -0.437505 0.048120 -0.367311 0.167865 0.002316 0.028178 -0.001103 -0.715770 0.028225 0.002269 -87.561699
351 -0.498565 0.070865 -0.865845 0.176371 0.005022 0.031107 -0.001375 -0.525030 0.031179 0.004950 -86.991119
353 0.338135 0.080190 0.626523 0.131910 0.006430 0.017400 -0.001459 -0.870310 0.017591 0.006240 -82.550583
354 0.333125 0.080900 0.546952 0.156535 0.006545 0.024503 -0.001521 -0.876790 0.024631 0.006417 -85.191673
355 -0.706375 0.104425 -0.426195 0.123268 0.010905 0.015195 -0.001665 -0.776200 0.015765 0.010334 -71.090790
356 -0.064895 0.023385 -0.562660 0.266597 0.000547 0.071074 -0.000164 -0.140550 0.071074 0.000546 -89.866814
357 -1.088634 0.091570 -1.634424 0.342921 0.008385 0.117595 -0.001208 -0.185160 0.117609 0.008372 -89.366547
358 -0.710114 0.059805 -0.572393 0.181762 0.003577 0.033037 -0.001008 -0.708680 0.033072 0.003542 -88.041885
359 -1.143115 0.080445 -1.047668 0.130738 0.006471 0.017092 -0.001979 -0.856330 0.017449 0.006115 -79.781860
360 -1.352435 0.093075 -1.450373 0.234327 0.008663 0.054909 -0.003804 -0.753260 0.055220 0.008352 -85.328369
361 -1.030735 0.080605 -0.729376 0.138375 0.006497 0.019148 -0.001168 -0.672170 0.019255 0.006390 -84.767105
362 -1.118035 0.131895 -1.014220 0.104301 0.017396 0.010879 -0.003929 -0.757910 0.019242 0.009033 -25.164104
363 0.135756 0.052845 0.086644 0.251186 0.002793 0.063094 -0.001694 -0.758410 0.063142 0.002745 -88.392410
364 -0.365105 0.081330 0.022117 0.075856 0.006615 0.005754 -0.001165 -0.756340 0.007426 0.004942 -34.866535
365 -1.822655 0.133110 -1.538327 0.073973 0.017718 0.005472 -0.002701 -0.809650 0.018287 0.004903 -11.901081
366 -0.797865 0.027640 -0.963035 0.171535 0.000764 0.029424 -0.000647 -0.551340 0.029439 0.000749 -88.707268
367 -1.509395 0.109440 -1.683682 0.207270 0.011977 0.042961 -0.004453 -0.748370 0.043588 0.011350 -81.981583
368 -0.945505 0.122135 -0.902182 0.148272 0.014917 0.021984 -0.003665 -0.743880 0.023542 0.013360 -66.979286
369 -1.056075 0.093305 -1.149256 0.177374 0.008706 0.031462 -0.002484 -0.703470 0.031730 0.008438 -83.842484
370 -1.100565 0.070665 -0.933572 0.057595 0.004994 0.003317 -0.001237 -0.822420 0.005650 0.002661 -27.941919
371 -0.285465 0.074390 0.129795 0.054833 0.005534 0.003007 -0.001054 -0.800400 0.005916 0.002625 -19.916079
373 -1.484735 0.175735 -1.230453 0.124348 0.030883 0.015462 -0.004730 -0.740140 0.032218 0.014127 -15.763113
374 -0.264775 0.052645 0.017850 0.093989 0.002771 0.008834 -0.001112 -0.746560 0.009031 0.002574 -79.927231
377 -0.771165 0.043150 -1.063419 0.182762 0.001862 0.033402 -0.001248 -0.411590 0.033451 0.001813 -87.737419
379 -0.182905 0.030540 -0.176398 0.167657 0.000933 0.028109 -0.000572 -0.652680 0.028121 0.000921 -88.793976
380 0.236156 0.076535 0.537233 0.143660 0.005858 0.020638 -0.001208 -0.810250 0.020736 0.005760 -85.357948
382 -1.596645 0.248910 -1.410224 0.146619 0.061956 0.021497 -0.008564 -0.691900 0.063694 0.019759 -11.472922
383 -0.343295 0.040295 -0.770221 0.260723 0.001624 0.067976 -0.000777 -0.314730 0.067986 0.001615 -89.328850
384 -0.014125 0.040580 0.157552 0.180847 0.001647 0.032706 -0.000578 -0.739220 0.032717 0.001636 -88.933846
385 -1.315665 0.126020 -1.264750 0.156381 0.015881 0.024455 -0.005501 -0.808650 0.027142 0.013194 -63.964573
386 -0.476254 0.024590 -0.796392 0.272658 0.000605 0.074343 -0.000378 -0.280650 0.074345 0.000603 -89.706161
390 0.832275 0.033380 0.544363 0.188085 0.001114 0.035376 -0.000448 -0.410220 0.035382 0.001108 -89.250763
391 -1.043535 0.091500 -1.118534 0.175140 0.008372 0.030674 -0.003030 -0.864140 0.031079 0.007968 -82.397957
392 -0.596004 0.077645 -0.241411 0.090258 0.006029 0.008146 -0.001304 -0.827350 0.008768 0.005408 -64.533836
393 -0.079755 0.030800 -0.112682 0.151692 0.000949 0.023011 -0.000581 -0.666920 0.023026 0.000933 -88.492821
394 -0.448425 0.194655 -0.260181 0.080252 0.037891 0.006440 -0.005044 -0.870070 0.038680 0.005651 -8.892796
396 -1.534305 0.111280 -1.419840 0.123492 0.012383 0.015250 -0.003472 -0.768840 0.017573 0.010060 -56.215763
397 -0.792195 0.074490 -0.909082 0.144842 0.005549 0.020979 -0.002188 -0.887700 0.021284 0.005245 -82.083496
398 -0.272095 0.057010 0.099263 0.043113 0.003250 0.001859 -0.000835 -0.771100 0.003641 0.001468 -25.102449
399 -0.288825 0.179215 -0.500805 0.372178 0.032118 0.138517 -0.009763 -0.952120 0.139405 0.031230 -84.800514
401 -0.973395 0.089720 -0.785922 0.081786 0.008050 0.006689 -0.002099 -0.820540 0.009576 0.005163 -36.020519
402 -0.827145 0.084990 -1.200691 0.325779 0.007223 0.106132 -0.002488 -0.446830 0.106195 0.007161 -88.559906
403 -0.128125 0.052790 0.044252 0.134720 0.002787 0.018149 -0.000746 -0.783270 0.018186 0.002751 -87.225693
404 -0.126385 0.051845 0.025218 0.127053 0.002688 0.016143 -0.000713 -0.785560 0.016180 0.002650 -86.975533
405 -1.151025 0.244880 -1.006209 0.157909 0.059966 0.024935 -0.008664 -0.705320 0.061992 0.022910 -13.159312
408 -0.941615 0.294235 -0.651616 0.111295 0.086574 0.012386 -0.007752 -0.838420 0.087376 0.011585 -5.901690
409 -1.631005 0.241855 -1.247980 0.131184 0.058494 0.017209 -0.007497 -0.724970 0.059813 0.015890 -9.980164
410 -0.763835 0.176850 -0.710274 0.123789 0.031276 0.015324 -0.006041 -0.857940 0.033305 0.013294 -18.570137
411 -2.491835 0.331755 -1.971497 0.115402 0.110061 0.013318 -0.002744 -0.266280 0.110139 0.013240 -1.623258
413 -0.446765 0.041675 -0.327796 0.196620 0.001737 0.038660 -0.000690 -0.654460 0.038673 0.001724 -88.929024
414 -0.527045 0.042490 -0.594239 0.187764 0.001805 0.035255 -0.000827 -0.622120 0.035276 0.001785 -88.584793
415 -0.465585 0.103110 -0.471479 0.145920 0.010632 0.021293 -0.002903 -0.822580 0.022032 0.009893 -75.715065
416 -0.889425 0.092285 -1.254496 0.258626 0.008517 0.066887 -0.003153 -0.645170 0.067057 0.008347 -86.916641
418 -1.246575 0.181400 -1.071092 0.120539 0.032906 0.014530 -0.005114 -0.756350 0.034233 0.013203 -14.548893
419 -0.782465 0.118295 -0.372943 0.066435 0.013994 0.004414 -0.001060 -0.639660 0.014110 0.004298 -6.238437
421 -0.699675 0.138150 -0.298954 0.076418 0.019085 0.005840 -0.001354 -0.671280 0.019222 0.005703 -5.778955
422 -0.580465 0.080675 -0.882944 0.138373 0.006508 0.019147 -0.001478 -0.526440 0.019318 0.006338 -83.417542
427 -0.883695 0.033385 -1.410048 0.317590 0.001115 0.100863 -0.000073 -0.039929 0.100863 0.001115 -89.957924
428 -0.996465 0.082970 -1.103876 0.225348 0.006884 0.050782 -0.002623 -0.853920 0.050938 0.006728 -86.592972
429 -1.312335 0.064860 -1.499709 0.190148 0.004207 0.036156 -0.001684 -0.668850 0.036245 0.004118 -86.990593
430 -0.619315 0.146570 -0.383933 0.056020 0.021483 0.003138 -0.002816 -0.840640 0.021905 0.002716 -8.532455
431 0.805815 0.040300 1.090883 0.074860 0.001624 0.005604 -0.000402 -0.530040 0.005644 0.001584 -84.293732
432 -0.958605 0.084165 -1.143680 0.204713 0.007084 0.041907 -0.003046 -0.677810 0.042172 0.006819 -85.039223
433 0.178025 0.093310 0.213513 0.203502 0.008707 0.041413 -0.003339 -0.904640 0.041751 0.008369 -84.229454
434 0.225306 0.041050 0.202033 0.247547 0.001685 0.061280 -0.001073 -0.793840 0.061299 0.001666 -88.969116
435 -1.647325 0.241585 -0.931969 0.092583 0.058363 0.008572 -0.000420 -0.095165 0.058367 0.008568 -0.483332
438 0.534595 0.114795 0.345752 0.225212 0.013178 0.050720 -0.004418 -0.906340 0.051233 0.012665 -83.377670
439 0.221445 0.045470 0.702163 0.041380 0.002068 0.001712 -0.000264 -0.588490 0.002208 0.001571 -28.051058
441 0.273675 0.066270 0.641433 0.081345 0.004392 0.006617 -0.000745 -0.827560 0.006843 0.004165 -73.095421
442 0.080555 0.025450 0.385962 0.060175 0.000648 0.003621 -0.000261 -0.606530 0.003644 0.000625 -85.016426
444 -0.951845 0.081945 -0.873003 0.097056 0.006715 0.009420 -0.002148 -0.845980 0.010606 0.005529 -61.094879
445 -0.745555 0.112290 -0.343940 0.128046 0.012609 0.016396 -0.001396 -0.744810 0.016855 0.012150 -71.800102
446 -1.028385 0.135115 -0.553723 0.107048 0.018256 0.011459 -0.000856 -0.463510 0.018362 0.011353 -7.065953
447 -1.458685 0.115645 -1.277712 0.144674 0.013374 0.020931 -0.003437 -0.708240 0.022260 0.012044 -68.852669
450 0.277455 0.048395 0.645893 0.058130 0.002342 0.003379 -0.000701 -0.834340 0.003733 0.001988 -63.234894
451 0.275295 0.044440 0.641863 0.057210 0.001975 0.003273 -0.000650 -0.828430 0.003542 0.001706 -67.488197
452 -1.583065 0.176335 -0.739457 0.096639 0.031094 0.009339 0.000668 0.221000 0.031115 0.009319 1.756570
453 -1.818945 0.197450 -1.377445 0.096169 0.038987 0.009248 -0.002412 -0.503340 0.039181 0.009054 -4.607031
455 0.000685 0.048860 0.223083 0.167639 0.002387 0.028103 -0.001054 -0.791010 0.028146 0.002344 -87.657753
457 -0.275675 0.054405 -0.345950 0.156889 0.002960 0.024614 -0.001237 -0.797480 0.024685 0.002890 -86.741890
459 -0.128015 0.058405 0.153833 0.101438 0.003411 0.010290 -0.001236 -0.853340 0.010505 0.003196 -80.112610
460 -0.000645 0.037355 -0.037570 0.167078 0.001395 0.027915 -0.000762 -0.688810 0.027937 0.001374 -88.356339
461 1.089715 0.043250 1.156982 0.124185 0.001871 0.015422 -0.000786 -0.850760 0.015467 0.001825 -86.693039
462 1.096416 0.039800 1.177182 0.152505 0.001584 0.023258 -0.000803 -0.816730 0.023287 0.001554 -87.881058
463 -1.624545 0.245310 -1.180164 0.108876 0.060177 0.011854 -0.002452 -0.293070 0.060301 0.011730 -2.897493
465 -0.999075 0.065315 -0.914433 0.117783 0.004266 0.013873 -0.001285 -0.836300 0.014042 0.004097 -82.511505
466 -0.899225 0.065890 -0.987996 0.148676 0.004341 0.022105 -0.002055 -0.667280 0.022339 0.004107 -83.485527
468 -1.257225 0.058060 -1.168144 0.182389 0.003371 0.033266 -0.001043 -0.635570 0.033302 0.003335 -88.004814
474 -1.511725 0.060915 -1.261645 0.156340 0.003711 0.024442 -0.001239 -0.714840 0.024516 0.003637 -86.593056
475 -0.898435 0.097710 -1.248987 0.199117 0.009547 0.039648 -0.004035 -0.849990 0.040179 0.009016 -82.496231
476 -1.426855 0.238775 -1.115440 0.092501 0.057014 0.008556 -0.005138 -0.708520 0.057552 0.008018 -5.986260
478 0.019745 0.021125 -0.098415 0.146716 0.000446 0.021525 -0.000270 -0.423240 0.021529 0.000443 -89.267349
479 -0.753755 0.055865 -0.992158 0.178780 0.003121 0.031962 -0.001438 -0.452550 0.032034 0.003049 -87.153091
482 -1.601845 0.135020 -1.639781 0.199513 0.018230 0.039805 -0.006597 -0.826940 0.041663 0.016373 -74.275688
483 -1.110645 0.068880 -1.568673 0.244038 0.004744 0.059555 -0.001637 -0.471090 0.059603 0.004696 -88.290474
484 0.065025 0.039750 0.197653 0.170316 0.001580 0.029008 -0.000966 -0.801490 0.029042 0.001546 -87.985504
485 0.069366 0.050020 0.083009 0.187430 0.002502 0.035130 -0.001141 -0.777750 0.035170 0.002462 -87.999619
486 -1.863325 0.127830 -0.871323 0.050865 0.016341 0.002587 0.001174 0.791980 0.016440 0.002488 4.845373
488 0.272175 0.030190 0.654963 0.026310 0.000911 0.000692 -0.000322 -0.715930 0.001142 0.000462 -35.601433
489 0.371885 0.044930 0.585613 0.164165 0.002019 0.026950 -0.000722 -0.834320 0.026971 0.001998 -88.342384
492 -1.743075 0.237100 -1.469292 0.120595 0.056216 0.014543 -0.005366 -0.551750 0.056896 0.013864 -7.220090
493 -1.538375 0.129350 -1.805866 0.260469 0.016731 0.067844 -0.006469 -0.770360 0.068650 0.015925 -82.897308
494 -1.071245 0.097185 -1.155470 0.193795 0.009445 0.037556 -0.003351 -0.896660 0.037950 0.009051 -83.295822
496 -1.241185 0.066635 -1.739679 0.327520 0.004440 0.107269 -0.001766 -0.374840 0.107299 0.004410 -89.016655
498 -0.943025 0.102325 -1.278090 0.274997 0.010470 0.075623 -0.002774 -0.545810 0.075741 0.010352 -87.566048
499 -0.731915 0.126795 -0.272029 0.059371 0.016077 0.003525 -0.001035 -0.669810 0.016162 0.003440 -4.683605
501 -1.379675 0.182060 -1.252071 0.122244 0.033146 0.014944 -0.006170 -0.775380 0.035040 0.013049 -17.067852
502 -0.360675 0.059575 -0.401348 0.106219 0.003549 0.011282 -0.001317 -0.877920 0.011500 0.003331 -80.598648
503 -1.714095 0.205655 -1.370947 0.097374 0.042294 0.009482 -0.003367 -0.630890 0.042636 0.009140 -5.798480
505 -1.463975 0.236465 -1.174976 0.104171 0.055916 0.010852 -0.006355 -0.716510 0.056795 0.009973 -7.874887
509 -0.006415 0.053530 -0.457650 0.156596 0.002865 0.024522 -0.000733 -0.435220 0.024547 0.002841 -88.062843
510 0.000645 0.053930 -0.434576 0.162807 0.002908 0.026506 -0.000634 -0.324750 0.026523 0.002891 -88.462280
511 -1.349875 0.108430 -1.485328 0.195687 0.011757 0.038293 -0.005166 -0.839140 0.039264 0.010787 -79.363762
512 -0.725725 0.047660 -0.353585 0.063751 0.002271 0.004064 -0.000656 -0.762500 0.004279 0.002057 -71.904518
513 0.606415 0.055840 0.923603 0.188670 0.003118 0.035596 -0.001261 -0.866750 0.035645 0.003069 -87.779182
514 -1.696955 0.094450 -1.654356 0.145180 0.008921 0.021077 -0.002914 -0.773050 0.021740 0.008258 -77.193840
515 -0.607445 0.039095 -1.233999 0.161680 0.001528 0.026140 -0.000077 -0.072467 0.026141 0.001528 -89.820976
516 -2.013915 0.250295 -1.559119 0.098411 0.062648 0.009685 -0.003011 -0.422800 0.062818 0.009514 -3.243396
517 -0.767535 0.068855 -0.824281 0.140060 0.004741 0.019617 -0.002202 -0.741790 0.019936 0.004422 -81.754547
518 -0.902875 0.042825 -0.838868 0.194153 0.001834 0.037695 -0.000832 -0.702330 0.037714 0.001815 -88.671967
519 -0.556575 0.099515 -0.268677 0.123593 0.009903 0.015275 -0.001438 -0.765110 0.015636 0.009543 -75.920876
520 -0.973935 0.083310 -1.003284 0.096273 0.006941 0.009268 -0.002090 -0.881590 0.010497 0.005712 -59.557190
524 0.874115 0.106400 0.546813 0.263500 0.011321 0.069432 -0.003835 -0.868220 0.069684 0.011069 -86.240158
526 0.558325 0.069295 0.945763 0.049465 0.004802 0.002447 -0.001017 -0.796430 0.005180 0.002068 -20.409821
527 -0.564195 0.106830 -0.434976 0.111751 0.011413 0.012488 -0.002357 -0.827760 0.014369 0.009532 -51.425495
528 0.517595 0.053185 0.848003 0.129050 0.002829 0.016654 -0.000736 -0.826450 0.016693 0.002790 -86.961700
530 -1.690025 0.206785 -1.775094 0.230278 0.042760 0.053028 -0.010002 -0.736010 0.059137 0.036651 -58.585567
531 0.080925 0.030960 0.138567 0.195101 0.000959 0.038064 -0.000795 -0.729540 0.038081 0.000941 -88.772820
533 -1.410755 0.047610 -1.468817 0.099439 0.002267 0.009888 -0.000746 -0.692420 0.009960 0.002194 -84.460999
535 -0.847985 0.045630 -1.060467 0.158799 0.002082 0.025217 -0.001014 -0.549960 0.025261 0.002038 -87.494637
536 -2.127265 0.323340 -1.817683 0.142109 0.104549 0.020195 -0.007347 -0.585580 0.105184 0.019560 -4.940814
537 -0.056865 0.065920 -0.644380 0.198932 0.004345 0.039574 -0.001359 -0.534200 0.039626 0.004293 -87.794075
538 -0.350095 0.070940 -0.010287 0.092777 0.005032 0.008608 -0.000863 -0.842340 0.008805 0.004835 -77.117439
541 -0.745745 0.079150 -0.723488 0.109428 0.006265 0.011974 -0.002321 -0.877070 0.012799 0.005440 -70.443764
542 -1.766555 0.100975 -1.549840 0.061999 0.010196 0.003844 -0.001772 -0.787080 0.010657 0.003383 -14.581130
544 -0.196715 0.061170 0.242972 0.044190 0.003742 0.001953 -0.000606 -0.742870 0.003928 0.001767 -17.052275
545 -0.810385 0.065875 -0.950590 0.238289 0.004340 0.056781 -0.003892 -0.616520 0.057069 0.004052 -85.778152
547 0.437675 0.018910 0.054325 0.165284 0.000358 0.027319 -0.000043 -0.091625 0.027319 0.000358 -89.908859
548 0.425505 0.026135 0.113477 0.194567 0.000683 0.037856 -0.003350 -0.816860 0.038156 0.000384 -84.891106
549 0.529775 0.036030 0.886742 0.047555 0.001298 0.002261 -0.000410 -0.761580 0.002412 0.001147 -69.792191
550 -1.706375 0.239280 -0.908845 0.102200 0.057255 0.010445 -0.000245 -0.038803 0.057256 0.010443 -0.299454
552 -0.445325 0.056520 -1.045391 0.207450 0.003195 0.043036 -0.000629 -0.287160 0.043045 0.003185 -89.096214
554 -0.850965 0.106510 -1.013961 0.235769 0.011344 0.055587 -0.004778 -0.824990 0.056097 0.010834 -83.905716
555 -1.219775 0.078420 -1.262051 0.125640 0.006150 0.015786 -0.002438 -0.796270 0.016367 0.005568 -76.578712
556 -1.788135 0.083775 -1.719276 0.141243 0.007018 0.019949 -0.002128 -0.764760 0.020291 0.006677 -80.889915
557 -0.191435 0.071325 0.098278 0.108666 0.005087 0.011808 -0.000850 -0.784970 0.011914 0.004982 -82.906433
558 -1.714395 0.184940 -1.382773 0.119177 0.034203 0.014203 -0.002852 -0.557920 0.034602 0.013804 -7.958943
559 -2.231545 0.250915 -1.665331 0.128436 0.062958 0.016496 -0.004782 -0.580080 0.063445 0.016009 -5.815256
562 -0.987465 0.256425 -0.550764 0.089167 0.065754 0.007951 -0.004145 -0.689950 0.066049 0.007655 -4.080319
563 0.109635 0.064685 -0.242426 0.138498 0.004184 0.019182 -0.001423 -0.713310 0.019315 0.004050 -84.628586
566 0.338575 0.032260 0.197672 0.171577 0.001041 0.029439 -0.000607 -0.671560 0.029452 0.001028 -88.776382
568 0.012705 0.049100 0.134476 0.180765 0.002411 0.032676 -0.000927 -0.862380 0.032704 0.002382 -88.247169
569 0.008375 0.043970 0.155702 0.168987 0.001933 0.028557 -0.000857 -0.825670 0.028584 0.001906 -88.158951
570 -1.426045 0.202650 -1.002957 0.081414 0.041067 0.006628 -0.003038 -0.629740 0.041333 0.006362 -5.003324
571 0.743385 0.047140 1.028443 0.103035 0.002222 0.010616 -0.001028 -0.798290 0.010740 0.002098 -83.121147
573 -1.482265 0.150565 -1.089381 0.076592 0.022670 0.005866 -0.001612 -0.611850 0.022823 0.005713 -5.429240
574 -0.804655 0.052510 -0.882061 0.189251 0.002757 0.035816 -0.001104 -0.781260 0.035853 0.002720 -88.089615
575 -1.310025 0.067355 -1.343946 0.117372 0.004537 0.013776 -0.001445 -0.805700 0.013997 0.004316 -81.313316
576 -1.562135 0.157560 -1.826823 0.241407 0.024825 0.058278 -0.008457 -0.663950 0.060294 0.022809 -76.589378
577 -0.870914 0.074360 -1.127180 0.200299 0.005529 0.040120 -0.002075 -0.770580 0.040244 0.005405 -86.579620
578 0.380045 0.033030 0.240412 0.198615 0.001091 0.039448 -0.000671 -0.538150 0.039460 0.001079 -88.997681
579 -0.622245 0.042950 -0.656924 0.199756 0.001845 0.039902 -0.000946 -0.677890 0.039926 0.001821 -88.577049
581 -1.481855 0.318875 -1.493680 0.292592 0.101681 0.085610 -0.017727 -0.709310 0.113109 0.074182 -32.807480
582 -0.684515 0.046350 -0.529494 0.180600 0.002148 0.032616 -0.000897 -0.776530 0.032643 0.002122 -88.314285
583 -1.312645 0.112215 -1.453879 0.213827 0.012592 0.045722 -0.005467 -0.722110 0.046601 0.011713 -80.867111
584 -0.922905 0.138385 -0.759970 0.100890 0.019150 0.010179 -0.003276 -0.768180 0.020219 0.009110 -18.069517
586 0.553515 0.061385 1.008602 0.038580 0.003768 0.001488 -0.000528 -0.708030 0.003885 0.001372 -12.429706
587 -0.413774 0.052185 -0.026162 0.041198 0.002723 0.001697 -0.000629 -0.730210 0.003022 0.001398 -25.407593
588 0.398875 0.031390 0.630763 0.128970 0.000985 0.016633 -0.000402 -0.712660 0.016644 0.000975 -88.529633
589 -0.327955 0.088075 -0.494434 0.148338 0.007757 0.022004 -0.002364 -0.888410 0.022386 0.007375 -80.820244
590 -1.280395 0.131390 -1.117286 0.122972 0.017263 0.015122 -0.003212 -0.771370 0.019578 0.012807 -35.782700
592 0.213825 0.040605 0.541062 0.079445 0.001649 0.006312 -0.000457 -0.701820 0.006356 0.001604 -84.455399
594 -1.764725 0.253775 -1.461217 0.115496 0.064402 0.013339 -0.006146 -0.650200 0.065131 0.012610 -6.767394
595 -0.951935 0.066255 -0.927177 0.211910 0.004390 0.044906 -0.001809 -0.784980 0.044986 0.004309 -87.448433
596 0.979215 0.059100 0.970852 0.234160 0.003493 0.054831 -0.001699 -0.823210 0.054887 0.003437 -88.106812
600 -0.998235 0.124890 -0.769469 0.087686 0.015598 0.007689 -0.002359 -0.703970 0.016248 0.007038 -15.411435
601 -1.897855 0.200065 -1.554701 0.105978 0.040026 0.011231 -0.002734 -0.465410 0.040283 0.010974 -5.376499
602 -1.604805 0.225625 -1.284230 0.132287 0.050907 0.017500 -0.008515 -0.818130 0.052952 0.015455 -13.505122
603 -0.720984 0.086405 -1.279050 0.291706 0.007466 0.085092 -0.004262 -0.556260 0.085326 0.007233 -86.867004
604 -0.433595 0.067405 -0.297397 0.059558 0.004543 0.003547 -0.001164 -0.865500 0.005311 0.002779 -33.415634
605 -0.473255 0.074340 -0.293739 0.050692 0.005526 0.002570 -0.001379 -0.873820 0.006070 0.002026 -21.506111
606 -0.768024 0.060645 -1.256631 0.262721 0.003678 0.069022 -0.000596 -0.170570 0.069028 0.003672 -89.477745
607 -0.568214 0.050100 -0.495677 0.153985 0.002510 0.023711 -0.001170 -0.770530 0.023776 0.002446 -86.852203
608 -0.327615 0.050070 -0.192907 0.160772 0.002507 0.025847 -0.000740 -0.785130 0.025871 0.002484 -88.185471
610 -1.353125 0.042800 -1.420169 0.195908 0.001832 0.038380 -0.001103 -0.600710 0.038413 0.001799 -88.273720
611 0.452775 0.036920 0.531772 0.186000 0.001363 0.034596 -0.000725 -0.726780 0.034612 0.001347 -88.751289
614 -1.585235 0.154585 -1.685189 0.250306 0.023897 0.062653 -0.008950 -0.798680 0.064620 0.021930 -77.605019
616 0.221355 0.062320 0.271842 0.087250 0.003884 0.007613 -0.001154 -0.829420 0.007941 0.003556 -74.125214
617 -1.057705 0.066430 -1.642616 0.332310 0.004413 0.110430 0.000062 0.015671 0.110430 0.004413 89.966553
618 -0.300725 0.115170 -0.082368 0.057388 0.013264 0.003293 -0.002168 -0.862060 0.013715 0.002842 -11.752950
619 0.358585 0.044535 0.770763 0.084605 0.001983 0.007158 -0.000407 -0.636750 0.007190 0.001952 -85.527237
620 -0.896185 0.104905 -1.355292 0.150461 0.011005 0.022639 -0.004484 -0.888480 0.024166 0.009478 -71.187584
621 -0.734045 0.065220 -0.682106 0.193582 0.004254 0.037474 -0.001512 -0.804460 0.037543 0.004185 -87.399040
622 -1.857715 0.374270 -1.569134 0.186347 0.140078 0.034725 -0.014242 -0.524640 0.141969 0.032834 -7.564591
623 0.372135 0.026185 0.530792 0.140965 0.000686 0.019871 -0.000370 -0.710940 0.019878 0.000679 -88.895744
624 0.377565 0.029000 0.497983 0.187890 0.000841 0.035303 -0.000492 -0.722360 0.035310 0.000834 -89.182053
625 0.644555 0.051245 0.927883 0.185420 0.002626 0.034381 -0.000902 -0.776580 0.034406 0.002600 -88.374321
626 0.645935 0.044505 0.964983 0.109215 0.001981 0.011928 -0.000560 -0.767060 0.011959 0.001949 -86.786964
629 -1.211605 0.138935 -0.936607 0.049233 0.019303 0.002424 -0.002511 -0.815170 0.019669 0.002058 -8.284331
630 0.179565 0.039595 0.476253 0.090735 0.001568 0.008233 -0.000830 -0.774470 0.008335 0.001466 -83.007401
631 -1.967185 0.152900 -2.132828 0.228015 0.023378 0.051991 -0.006539 -0.639680 0.053415 0.021955 -77.717377
633 0.215375 0.063630 0.609632 0.046020 0.004049 0.002118 -0.000854 -0.811690 0.004372 0.001794 -20.749598
635 -1.810805 0.116500 -1.788111 0.147295 0.013572 0.021696 -0.004127 -0.738550 0.023425 0.011843 -67.270462
636 -0.062155 0.086575 0.136590 0.070848 0.007495 0.005019 -0.001267 -0.855180 0.008029 0.004486 -22.838491
638 -0.470415 0.053225 -0.027290 0.035825 0.002833 0.001283 -0.000440 -0.634150 0.002949 0.001167 -14.809477
639 -2.207865 0.179825 -2.052447 0.141735 0.032337 0.020089 -0.006010 -0.737290 0.034793 0.017633 -22.229649
643 -0.338295 0.042925 -0.138395 0.159535 0.001843 0.025451 -0.000658 -0.717720 0.025470 0.001824 -88.403580
644 -0.763215 0.072525 -0.861967 0.150034 0.005260 0.022510 -0.002938 -0.748520 0.022997 0.004773 -80.593803
645 0.308886 0.024375 0.327373 0.139320 0.000594 0.019410 -0.000339 -0.523570 0.019416 0.000588 -88.968765
646 -0.709085 0.042665 -0.934131 0.226268 0.001820 0.051197 -0.000932 -0.610710 0.051215 0.001803 -88.919022
647 0.856415 0.032915 0.906353 0.199710 0.001083 0.039884 -0.000903 -0.720050 0.039905 0.001062 -88.666862
649 -1.045765 0.055225 -1.070943 0.204907 0.003050 0.041987 -0.001509 -0.643700 0.042045 0.002991 -87.783493
650 -0.718445 0.115365 -0.835785 0.202820 0.013309 0.041136 -0.006640 -0.717190 0.042639 0.011806 -77.244072
653 -0.732525 0.053045 -0.991518 0.230181 0.002814 0.052983 -0.001498 -0.656680 0.053028 0.002769 -88.291351
654 -1.268825 0.046735 -1.636853 0.249115 0.002184 0.062059 -0.000777 -0.328360 0.062069 0.002174 -89.256348
656 0.262136 0.033260 0.001907 0.194795 0.001106 0.037945 -0.000534 -0.508400 0.037953 0.001098 -89.169472
657 0.570786 0.059960 0.310513 0.134910 0.003595 0.018201 -0.001019 -0.699730 0.018271 0.003524 -86.028214
658 -1.123315 0.104785 -1.128011 0.163637 0.010980 0.026777 -0.004165 -0.829650 0.027808 0.009949 -76.098038
660 -1.169515 0.140255 -1.575003 0.254214 0.019671 0.064625 -0.007406 -0.837500 0.065814 0.018483 -80.881927
662 -0.960875 0.073975 -0.894968 0.181388 0.005472 0.032902 -0.002037 -0.804670 0.033052 0.005322 -85.776497
665 -0.340765 0.016755 -0.636599 0.163701 0.000281 0.026798 -0.000017 -0.042351 0.026798 0.000281 -89.963768
666 -0.829975 0.079475 -0.673701 0.194477 0.006316 0.037821 -0.001999 -0.809450 0.037948 0.006190 -86.383347
669 -1.144215 0.076285 -1.030378 0.152916 0.005819 0.023383 -0.001441 -0.829270 0.023501 0.005702 -85.342384
671 -0.231515 0.039180 -0.590938 0.193062 0.001535 0.037273 -0.001431 -0.539060 0.037330 0.001478 -87.710350
672 -0.137725 0.054410 -0.033271 0.210717 0.002960 0.044402 -0.001205 -0.813980 0.044437 0.002925 -88.336006
673 -1.606415 0.200965 -1.443158 0.154659 0.040387 0.023920 -0.006182 -0.714140 0.042449 0.021857 -18.449717
674 -1.237025 0.090250 -0.809651 0.121577 0.008145 0.014781 -0.000483 -0.507580 0.014816 0.008110 -85.861687
675 -1.382155 0.032995 -1.716089 0.151903 0.001089 0.023075 -0.000112 -0.127290 0.023075 0.001088 -89.708786
676 -0.099905 0.053835 0.065060 0.148295 0.002898 0.021991 -0.001117 -0.823950 0.022057 0.002833 -86.662331
677 -1.764805 0.267390 -1.877378 0.274801 0.071497 0.075515 -0.012095 -0.575550 0.085767 0.061246 -49.715298
679 -1.844935 0.194075 -1.318677 0.086867 0.037665 0.007546 -0.001131 -0.374720 0.037708 0.007504 -2.147286
680 0.591685 0.028585 0.836173 0.112805 0.000817 0.012725 -0.000354 -0.651400 0.012735 0.000807 -88.300468
682 -0.869605 0.110555 -0.926291 0.158553 0.012222 0.025139 -0.004241 -0.862310 0.026407 0.010955 -73.355423
683 0.966015 0.059600 0.616803 0.287995 0.003552 0.082941 -0.001424 -0.673500 0.082967 0.003527 -88.972794
685 -0.196955 0.061330 -0.115006 0.118727 0.003761 0.014096 -0.000991 -0.867180 0.014190 0.003667 -84.574203
686 -0.073195 0.040095 0.282372 0.050360 0.001608 0.002536 -0.000535 -0.800910 0.002780 0.001364 -65.487526
687 -0.798195 0.046625 -0.478124 0.113671 0.002174 0.012921 -0.000801 -0.791220 0.012981 0.002114 -85.759071
688 -0.503425 0.016305 -0.833711 0.149621 0.000266 0.022386 0.000008 0.023481 0.022386 0.000266 89.978554
690 -0.889255 0.083045 -1.103377 0.143557 0.006896 0.020608 -0.002158 -0.816420 0.020940 0.006565 -81.263260
691 0.164245 0.035955 0.301502 0.134615 0.001293 0.018121 -0.000652 -0.811650 0.018146 0.001268 -87.783775
692 -0.424765 0.078740 -0.421377 0.107548 0.006200 0.011567 -0.001977 -0.837720 0.012216 0.005551 -71.811989
695 0.408525 0.071260 0.344163 0.259620 0.005078 0.067402 -0.001529 -0.811810 0.067440 0.005041 -88.595581
696 -1.494275 0.222075 -1.387935 0.164870 0.049317 0.027182 -0.008795 -0.742050 0.052387 0.024113 -19.236954
697 -1.190585 0.114825 -1.221467 0.167011 0.013185 0.027893 -0.004717 -0.768280 0.029276 0.011802 -73.661171
701 -1.670035 0.098590 -2.088508 0.309295 0.009720 0.095663 -0.005123 -0.601870 0.095968 0.009416 -86.600761
702 0.003265 0.065430 -0.785312 0.169954 0.004281 0.028884 -0.001378 -0.583060 0.028961 0.004204 -86.805168
703 -1.770895 0.275465 -1.397411 0.120108 0.075881 0.014426 -0.006765 -0.507380 0.076617 0.013690 -6.207929
706 -1.555825 0.148605 -1.660668 0.224137 0.022083 0.050237 -0.007812 -0.792710 0.052260 0.020061 -75.485260
708 0.726935 0.047750 1.148543 0.039085 0.002280 0.001528 -0.000580 -0.678960 0.002595 0.001212 -28.517675
709 -0.983335 0.086925 -1.026137 0.191652 0.007556 0.036731 -0.002750 -0.894060 0.036988 0.007299 -84.661179
710 -1.253675 0.061230 -1.939147 0.349590 0.003749 0.122213 -0.001107 -0.279780 0.122224 0.003739 -89.464500
711 0.851615 0.051060 0.906813 0.132855 0.002607 0.017650 -0.001201 -0.795800 0.017746 0.002512 -85.462158
712 -1.933265 0.216115 -1.655368 0.139674 0.046706 0.019509 -0.008002 -0.750690 0.048885 0.017329 -15.236782
714 -1.209335 0.081825 -1.126150 0.221448 0.006695 0.049039 -0.002340 -0.792990 0.049168 0.006566 -86.846138
716 -2.369455 0.336720 -2.009957 0.137455 0.113380 0.018894 -0.005036 -0.397340 0.113648 0.018626 -3.042598
717 0.658916 0.032290 0.569003 0.209395 0.001043 0.043846 -0.000590 -0.648010 0.043854 0.001035 -89.209862
718 0.788845 0.023585 0.335132 0.158930 0.000556 0.025259 -0.000179 -0.298020 0.025260 0.000555 -89.584641
722 0.270576 0.039330 0.697213 0.025635 0.001547 0.000657 -0.000348 -0.604560 0.001667 0.000537 -19.029043
723 0.471815 0.037585 0.628253 0.175850 0.001413 0.030923 -0.000665 -0.782650 0.030938 0.001398 -88.709862
725 -1.421585 0.055925 -2.048068 0.388589 0.003128 0.151001 -0.001365 -0.339190 0.151014 0.003115 -89.471046
726 -0.500975 0.056300 -0.362500 0.207247 0.003170 0.042952 -0.001752 -0.739400 0.043029 0.003093 -87.483032
727 -1.974475 0.292945 -1.833333 0.201724 0.085817 0.040692 -0.010548 -0.638170 0.088161 0.038348 -12.528223
729 0.117785 0.085835 0.191503 0.149888 0.007368 0.022466 -0.002126 -0.850890 0.022760 0.007074 -82.135002
730 -0.929275 0.080830 -0.825414 0.213265 0.006533 0.045482 -0.002925 -0.807620 0.045700 0.006315 -85.729340
731 -0.070875 0.025185 -0.304006 0.175100 0.000634 0.030660 -0.000369 -0.435930 0.030664 0.000630 -89.296761
732 0.893215 0.037200 1.244752 0.034960 0.001384 0.001222 -0.000343 -0.565730 0.001656 0.000950 -38.376736
733 0.829275 0.042645 1.176883 0.066445 0.001819 0.004415 -0.000457 -0.757110 0.004493 0.001740 -80.296425
738 -1.224005 0.085250 -1.569988 0.213871 0.007268 0.045741 -0.002688 -0.666440 0.045928 0.007081 -86.023430
740 -1.125575 0.165385 -1.083254 0.255419 0.027352 0.065239 -0.008141 -0.851570 0.066914 0.025677 -78.371536
741 0.730215 0.042720 1.031332 0.085825 0.001825 0.007366 -0.000726 -0.695480 0.007460 0.001731 -82.654716
743 0.981915 0.036300 1.080323 0.226820 0.001318 0.051447 -0.000831 -0.784310 0.051461 0.001304 -89.051018
747 -1.385205 0.099065 -1.226241 0.209194 0.009814 0.043762 -0.003103 -0.773680 0.044043 0.009533 -84.820465
748 0.485715 0.075760 0.740713 0.161460 0.005740 0.026069 -0.001518 -0.819040 0.026182 0.005627 -85.752617
750 -1.755415 0.092530 -2.163767 0.256360 0.008562 0.065720 -0.002256 -0.425900 0.065809 0.008473 -87.742958
753 0.715775 0.043280 0.913123 0.165415 0.001873 0.027362 -0.000797 -0.817260 0.027387 0.001848 -88.211311
754 0.712565 0.045850 0.797703 0.224840 0.002102 0.050553 -0.001070 -0.839190 0.050577 0.002079 -88.735603
755 -2.044725 0.235940 -1.787269 0.124393 0.055668 0.015474 -0.005281 -0.611530 0.056350 0.014791 -7.361259
756 -0.706545 0.038925 -0.834380 0.228249 0.001515 0.052098 -0.001100 -0.552510 0.052122 0.001491 -88.754333
757 1.303815 0.046650 1.494353 0.170210 0.002176 0.028971 -0.001288 -0.792120 0.029033 0.002114 -87.253685
758 -1.859165 0.101910 -1.563822 0.063236 0.010386 0.003999 -0.001302 -0.704080 0.010641 0.003744 -11.089223
759 -2.050765 0.402575 -1.732427 0.180696 0.162067 0.032651 -0.010982 -0.655650 0.162992 0.031726 -4.816138
760 0.565516 0.044965 0.832543 0.117715 0.002022 0.013857 -0.000729 -0.767450 0.013902 0.001977 -86.486626
761 0.534545 0.078225 0.281932 0.151558 0.006119 0.022970 -0.002227 -0.812450 0.023259 0.005830 -82.598625
762 0.642015 0.048415 0.610062 0.125950 0.002344 0.015863 -0.000935 -0.831930 0.015928 0.002280 -86.061035
763 -0.385595 0.051575 -0.324037 0.122108 0.002660 0.014910 -0.000954 -0.840380 0.014984 0.002586 -85.573463
764 0.874315 0.092470 0.501153 0.157100 0.008551 0.024680 -0.002252 -0.817960 0.024989 0.008242 -82.198174
765 0.892015 0.036100 1.321423 0.024785 0.001303 0.000614 -0.000167 -0.354570 0.001342 0.000576 -12.929851
766 -0.588415 0.057765 -0.775617 0.113938 0.003337 0.012982 -0.001109 -0.758700 0.013108 0.003211 -83.525795
767 -2.254605 0.215595 -1.665477 0.118663 0.046481 0.014081 -0.001852 -0.308130 0.046587 0.013975 -3.261055
768 0.886315 0.037200 1.316633 0.023340 0.001384 0.000545 -0.000199 -0.350990 0.001429 0.000500 -12.698145
769 -0.449904 0.075700 -0.767824 0.227162 0.005730 0.051603 -0.001435 -0.579180 0.051648 0.005686 -88.210098
771 0.211455 0.046420 0.503393 0.090010 0.002155 0.008102 -0.000669 -0.676110 0.008176 0.002080 -83.656097
772 -1.139885 0.127445 -0.741486 0.056331 0.016242 0.003173 -0.000808 -0.558600 0.016292 0.003123 -3.522810
773 0.366035 0.076270 0.482733 0.159955 0.005817 0.025586 -0.001940 -0.846680 0.025774 0.005629 -84.448074
777 -0.885085 0.076295 -1.151681 0.153444 0.005821 0.023545 -0.002108 -0.773810 0.023792 0.005574 -83.308693
778 0.203705 0.071645 0.066788 0.171112 0.005133 0.029279 -0.001648 -0.715080 0.029391 0.005021 -86.114037
780 -1.120555 0.115925 -1.097190 0.191698 0.013439 0.036748 -0.004233 -0.798520 0.037493 0.012694 -80.020576
781 -0.390055 0.032990 -0.834170 0.193440 0.001088 0.037419 -0.000431 -0.337530 0.037424 0.001083 -89.320007
782 0.513785 0.025080 0.474333 0.167250 0.000629 0.027973 -0.001391 -0.692850 0.028043 0.000558 -87.095695
784 -0.879465 0.086520 -1.099854 0.175072 0.007486 0.030650 -0.003027 -0.845650 0.031039 0.007097 -82.676712
785 -1.766155 0.292415 -1.478976 0.128976 0.085507 0.016635 -0.006276 -0.656520 0.086074 0.016068 -5.164700
786 0.796025 0.066285 0.832762 0.254140 0.004394 0.064587 -0.001744 -0.868250 0.064638 0.004343 -88.341995
788 -0.033575 0.016375 -0.188175 0.162816 0.000268 0.026509 -0.000092 -0.220660 0.026510 0.000268 -89.800034
789 0.988015 0.043000 1.104463 0.209300 0.001849 0.043806 -0.000891 -0.826530 0.043825 0.001830 -88.783829
790 0.991515 0.038250 1.098073 0.206070 0.001463 0.042465 -0.000976 -0.780890 0.042488 0.001440 -88.637581
792 -1.491275 0.229695 -1.114920 0.086429 0.052760 0.007470 -0.003972 -0.704000 0.053105 0.007124 -4.973973
793 -0.155195 0.086010 0.214172 0.065000 0.007398 0.004225 -0.001541 -0.810790 0.008023 0.003600 -22.083578
795 0.041315 0.063570 -0.114210 0.149148 0.004041 0.022245 -0.001490 -0.842740 0.022366 0.003920 -85.352821
796 0.058285 0.028470 -0.016231 0.168939 0.000811 0.028540 -0.000514 -0.613640 0.028550 0.000801 -88.938347
797 -1.406035 0.141040 -1.205837 0.103694 0.019892 0.010753 -0.003964 -0.753920 0.021372 0.009273 -20.468103
798 -1.046415 0.105585 -1.067518 0.242663 0.011148 0.058885 -0.004171 -0.813530 0.059247 0.010787 -85.044220
799 0.138615 0.042925 -0.232140 0.150939 0.001843 0.022783 -0.000454 -0.336570 0.022793 0.001833 -88.758751
800 0.004155 0.043255 0.313753 0.100135 0.001871 0.010027 -0.000604 -0.721690 0.010071 0.001827 -85.790016
801 0.885615 0.025200 0.568163 0.152160 0.000635 0.023153 -0.000320 -0.333270 0.023157 0.000630 -89.186104
802 0.879315 0.019400 0.586272 0.144910 0.000376 0.020999 -0.000130 -0.299060 0.021000 0.000376 -89.638168
803 -0.246575 0.068710 0.049770 0.122276 0.004721 0.014951 -0.000855 -0.771230 0.015022 0.004650 -85.254341
804 0.175845 0.046300 0.549723 0.049295 0.002144 0.002430 -0.000656 -0.795620 0.002958 0.001616 -51.158192
805 -1.245925 0.023720 -1.656208 0.224423 0.000563 0.050366 0.000030 0.041702 0.050366 0.000563 89.965828
806 -1.496745 0.158825 -1.594769 0.187627 0.025225 0.035204 -0.006495 -0.800180 0.038405 0.022025 -63.765385
808 0.320055 0.066165 0.697883 0.060635 0.004378 0.003677 -0.000908 -0.773300 0.005001 0.003054 -34.445805
809 0.729005 0.063760 0.703223 0.108380 0.004065 0.011746 -0.001429 -0.887110 0.012004 0.003808 -79.793755
810 -0.097275 0.041170 -0.877940 0.216737 0.001695 0.046975 -0.000450 -0.299480 0.046980 0.001690 -89.430504
811 -1.777935 0.283485 -1.495555 0.129033 0.080364 0.016650 -0.006785 -0.557420 0.081078 0.015935 -6.011839
812 0.112115 0.051190 0.489792 0.103345 0.002620 0.010680 -0.000570 -0.754620 0.010720 0.002580 -85.973816
814 1.152015 0.030000 1.448683 0.094900 0.000900 0.009006 -0.000368 -0.715780 0.009023 0.000883 -87.406113
815 -0.977645 0.059100 -1.398146 0.377772 0.003493 0.142712 -0.000966 -0.193440 0.142718 0.003486 -89.602440
816 0.964815 0.039000 0.960853 0.100690 0.001521 0.010138 -0.001047 -0.805200 0.010264 0.001395 -83.167931
817 -0.692795 0.167010 -0.663297 0.167558 0.027892 0.028076 -0.007316 -0.768750 0.035300 0.020668 -45.358704
818 0.026085 0.053840 0.457003 0.047700 0.002899 0.002275 -0.000621 -0.793060 0.003282 0.001892 -31.680513
821 -1.127655 0.081435 -1.325217 0.147900 0.006632 0.021874 -0.002317 -0.804740 0.022219 0.006287 -81.544319
822 -0.125725 0.060565 -0.100888 0.209683 0.003668 0.043967 -0.001356 -0.809020 0.044013 0.003623 -88.074272
824 -0.260065 0.098700 -0.014736 0.184442 0.009742 0.034019 -0.003011 -0.871010 0.034387 0.009374 -83.033920
826 0.054925 0.057940 0.363333 0.105215 0.003357 0.011070 -0.001098 -0.811250 0.011224 0.003204 -82.051888
827 -1.571325 0.032370 -1.946697 0.140395 0.001048 0.019711 -0.000097 -0.129540 0.019711 0.001047 -89.703743
829 -0.535185 0.026360 -0.738927 0.187036 0.000695 0.034983 -0.000403 -0.377350 0.034987 0.000690 -89.327324
830 0.317555 0.057610 0.631993 0.136105 0.003319 0.018525 -0.000833 -0.818000 0.018570 0.003273 -86.874908
831 1.273815 0.070750 1.667862 0.124860 0.005006 0.015590 -0.000730 -0.745150 0.015640 0.004955 -86.071281
832 -0.480075 0.048300 -1.263340 0.221626 0.002333 0.049118 -0.000418 -0.236060 0.049122 0.002329 -89.487907
835 -0.400865 0.041835 -0.395548 0.142088 0.001750 0.020189 -0.000762 -0.711930 0.020220 0.001719 -87.636154
836 -1.000375 0.140905 -0.759736 0.124090 0.019854 0.015398 -0.003281 -0.810720 0.021592 0.013660 -27.910948
837 0.517925 0.033625 0.372123 0.128235 0.001131 0.016444 -0.000384 -0.408580 0.016454 0.001121 -88.563011
838 0.256815 0.016850 0.101158 0.138170 0.000284 0.019091 -0.000078 -0.183640 0.019091 0.000284 -89.762978
841 0.431605 0.061595 0.509513 0.078410 0.003794 0.006148 -0.001362 -0.850650 0.006771 0.003171 -65.414284
842 0.052925 0.094705 -0.498229 0.212188 0.008969 0.045024 -0.003372 -0.755350 0.045336 0.008656 -84.703110
845 -1.239415 0.113210 -1.433447 0.215227 0.012817 0.046323 -0.006846 -0.771230 0.047668 0.011472 -78.886436
848 -0.273745 0.048050 -0.310467 0.144665 0.002309 0.020928 -0.000911 -0.716650 0.020972 0.002264 -87.205856
849 0.279696 0.049035 0.556743 0.091825 0.002404 0.008432 -0.000856 -0.757670 0.008551 0.002285 -82.074226
850 -0.812825 0.061780 -1.017005 0.179974 0.003817 0.032391 -0.002453 -0.638610 0.032600 0.003608 -85.127831
851 -1.123585 0.074680 -1.762370 0.314463 0.005577 0.098887 0.000049 0.010830 0.098887 0.005577 89.969734
852 -0.868515 0.095520 -1.494994 0.310697 0.009124 0.096533 -0.000838 -0.141190 0.096541 0.009116 -89.450546
853 0.977615 0.047500 0.884503 0.098135 0.002256 0.009630 -0.000975 -0.737320 0.009757 0.002130 -82.595406
854 1.759715 0.058200 1.254503 0.136430 0.003387 0.018613 -0.002035 -0.647240 0.018881 0.003120 -82.516090
855 0.879315 0.056925 1.289163 0.127580 0.003240 0.016277 -0.000580 -0.721570 0.016302 0.003215 -87.459480
856 -0.266145 0.022325 -0.925993 0.214383 0.000498 0.045960 -0.000047 -0.063029 0.045960 0.000498 -89.940399
857 0.035425 0.044850 0.364812 0.095640 0.002012 0.009147 -0.000597 -0.731370 0.009197 0.001962 -85.254105
858 -0.757105 0.056590 -0.826417 0.130199 0.003202 0.016952 -0.001233 -0.593740 0.017061 0.003093 -84.915535
860 -1.461395 0.165320 -0.853311 0.089398 0.027331 0.007992 -0.000051 -0.021253 0.027331 0.007992 -0.151484
863 0.620785 0.051045 0.729333 0.206435 0.002606 0.042615 -0.000921 -0.789530 0.042637 0.002584 -88.682457
864 -0.225285 0.056440 -0.176380 0.092960 0.003185 0.008642 -0.001237 -0.856930 0.008909 0.002918 -77.800827
865 0.492126 0.035970 0.233953 0.152467 0.001294 0.023246 -0.000563 -0.440750 0.023260 0.001279 -88.532852
868 -0.278685 0.069330 -0.116606 0.138420 0.004807 0.019160 -0.001466 -0.856530 0.019308 0.004659 -84.229004
870 -1.026345 0.130665 -1.188743 0.275905 0.017073 0.076124 -0.008300 -0.703150 0.077268 0.015929 -82.149315
872 0.528535 0.038210 -0.223586 0.240694 0.001460 0.057934 -0.000475 -0.362270 0.057938 0.001456 -89.518486
875 0.229385 0.023145 -0.118660 0.160719 0.000536 0.025830 -0.000169 -0.224650 0.025832 0.000535 -89.616875
876 -1.461625 0.150140 -0.553772 0.114886 0.022542 0.013199 -0.000611 -0.144210 0.022582 0.013159 -3.725828
879 0.375945 0.058535 0.145213 0.120862 0.003426 0.014608 -0.001057 -0.606320 0.014707 0.003327 -84.647881
880 0.361725 0.036400 -0.384174 0.247278 0.001325 0.061146 -0.000133 -0.072419 0.061147 0.001325 -89.872360
883 0.405935 0.091200 0.435833 0.176550 0.008317 0.031170 -0.002475 -0.891000 0.031435 0.008052 -83.888115
885 -0.007435 0.047390 0.129777 0.212273 0.002246 0.045060 -0.000992 -0.790750 0.045083 0.002223 -88.673363
886 0.391675 0.066940 0.727082 0.088655 0.004481 0.007860 -0.001058 -0.838610 0.008164 0.004177 -73.971199
887 -0.222745 0.045355 -0.307884 0.217832 0.002057 0.047451 -0.000953 -0.642460 0.047471 0.002037 -88.798309
890 1.189915 0.073600 1.368073 0.199195 0.005417 0.039679 -0.001991 -0.786640 0.039794 0.005302 -86.684822
891 0.126325 0.082525 -0.315067 0.185875 0.006810 0.034550 -0.002512 -0.723620 0.034775 0.006585 -84.866051
893 -0.271635 0.066910 -0.804195 0.278006 0.004477 0.077288 -0.001684 -0.487990 0.077327 0.004438 -88.676170
894 1.045315 0.027300 1.000913 0.150175 0.000745 0.022553 -0.000304 -0.456610 0.022557 0.000741 -89.201767
897 0.691315 0.033810 0.598953 0.175745 0.001143 0.030886 -0.000472 -0.497560 0.030894 0.001136 -89.090622
898 1.251715 0.033950 0.896543 0.233045 0.001153 0.054310 -0.000398 -0.425300 0.054313 0.001150 -89.571152
899 0.596255 0.063800 0.418813 0.109765 0.004070 0.012048 -0.001528 -0.815620 0.012331 0.003788 -79.517014
901 0.790525 0.034290 0.881073 0.154455 0.001176 0.023856 -0.000603 -0.712970 0.023872 0.001160 -88.479134
902 0.766555 0.050885 0.999812 0.131790 0.002589 0.017369 -0.001758 -0.775990 0.017575 0.002383 -83.309776
903 -0.671875 0.158500 -0.560628 0.128157 0.025122 0.016424 -0.004651 -0.823060 0.027141 0.014406 -23.459858
904 0.060165 0.025095 0.165182 0.142283 0.000630 0.020245 -0.000298 -0.526570 0.020249 0.000625 -89.130905
906 0.237725 0.050820 0.329663 0.206668 0.002583 0.042712 -0.001064 -0.774470 0.042740 0.002554 -88.481689
907 0.259155 0.058390 0.597723 0.128675 0.003409 0.016557 -0.000707 -0.782770 0.016595 0.003371 -86.931213
909 -0.251015 0.077680 -0.336568 0.139421 0.006034 0.019438 -0.001883 -0.794430 0.019698 0.005775 -82.151787
910 0.510955 0.057860 0.997223 0.050510 0.003348 0.002551 -0.000269 -0.296280 0.003430 0.002469 -17.017815
911 0.662705 0.056085 0.662392 0.196180 0.003146 0.038487 -0.001146 -0.824640 0.038524 0.003108 -88.145157
912 -0.022395 0.060505 -0.015579 0.224131 0.003661 0.050235 -0.001490 -0.819540 0.050283 0.003613 -88.170097
913 0.036395 0.059505 0.110265 0.138945 0.003541 0.019306 -0.001248 -0.851360 0.019404 0.003443 -85.501251
916 0.592555 0.041445 0.519343 0.137520 0.001718 0.018912 -0.000657 -0.672850 0.018937 0.001693 -87.814987
918 0.548045 0.039745 0.931483 0.035885 0.001580 0.001288 -0.000433 -0.650290 0.001890 0.000977 -35.682014
919 0.151845 0.041455 0.206763 0.187562 0.001719 0.035180 -0.000815 -0.698790 0.035200 0.001699 -88.605141
922 0.740075 0.033690 1.137792 0.021255 0.001135 0.000452 -0.000240 -0.576150 0.001211 0.000376 -17.541859
923 0.877215 0.058260 1.198173 0.115125 0.003394 0.013254 -0.001076 -0.821260 0.013370 0.003278 -83.844803
924 1.136015 0.070900 1.494462 0.126445 0.005027 0.015988 -0.000934 -0.791480 0.016067 0.004948 -85.166420
925 0.133115 0.058635 -0.125602 0.140075 0.003438 0.019621 -0.001069 -0.636130 0.019691 0.003368 -86.238029
926 0.352485 0.041360 0.291983 0.169319 0.001711 0.028669 -0.001194 -0.741800 0.028722 0.001658 -87.469795
928 0.386305 0.048565 0.519693 0.202895 0.002359 0.041166 -0.001186 -0.830930 0.041203 0.002322 -88.250572
929 1.268315 0.087200 1.027063 0.195680 0.007604 0.038291 -0.002227 -0.835010 0.038451 0.007443 -85.871323
930 1.226915 0.035150 1.159253 0.129235 0.001236 0.016702 -0.000618 -0.686890 0.016726 0.001211 -87.714569
931 0.106825 0.103230 0.518633 0.063985 0.010656 0.004094 -0.001101 -0.668340 0.010836 0.003914 -9.273028
934 0.386215 0.039075 0.508823 0.154880 0.001527 0.023988 -0.000659 -0.678570 0.024007 0.001508 -88.321236
936 -0.043355 0.104410 -0.489337 0.198188 0.010901 0.039279 -0.003324 -0.788720 0.039663 0.010517 -83.407097
937 0.485345 0.081900 0.341542 0.158340 0.006708 0.025072 -0.002528 -0.841220 0.025413 0.006366 -82.302422
939 -0.096684 0.051480 0.119363 0.134350 0.002650 0.018050 -0.001052 -0.767550 0.018122 0.002579 -86.108612
940 0.379335 0.030990 0.463583 0.162255 0.000960 0.026327 -0.000665 -0.695980 0.026344 0.000943 -88.498749
941 1.551115 0.021700 0.941882 0.173630 0.000471 0.030147 -0.000173 -0.238900 0.030148 0.000470 -89.665787
942 0.468225 0.078080 0.775923 0.132740 0.006096 0.017620 -0.001254 -0.850450 0.017755 0.005962 -83.861183
944 0.223225 0.053205 0.113638 0.124748 0.002831 0.015562 -0.001036 -0.710810 0.015646 0.002747 -85.378593
946 0.418315 0.065185 0.859963 0.036155 0.004249 0.001307 -0.000675 -0.768630 0.004396 0.001160 -12.320221
947 0.563835 0.036560 0.532433 0.159235 0.001337 0.025356 -0.000610 -0.666470 0.025371 0.001321 -88.545799
948 0.466125 0.057220 0.675533 0.157385 0.003274 0.024770 -0.001066 -0.746520 0.024823 0.003221 -87.167648
950 1.105615 0.028250 0.918283 0.182335 0.000798 0.033246 -0.005044 -0.791040 0.034012 0.000032 -81.365311
951 0.225625 0.056820 0.604632 0.128770 0.003229 0.016582 -0.000669 -0.759850 0.016615 0.003195 -87.139259
952 0.540525 0.091775 0.729683 0.130690 0.008423 0.017080 -0.001822 -0.861140 0.017448 0.008055 -78.585274
955 0.736795 0.061465 1.089923 0.098735 0.003778 0.009749 -0.000918 -0.802630 0.009887 0.003640 -81.454613
956 0.031265 0.149565 -0.315645 0.254918 0.022370 0.064983 -0.007022 -0.855850 0.066110 0.021242 -80.879745
958 0.271685 0.066310 -0.268913 0.197946 0.004397 0.039182 -0.001340 -0.493670 0.039234 0.004345 -87.796555
964 0.088025 0.062530 0.440803 0.058900 0.003910 0.003469 -0.000971 -0.796540 0.004686 0.002694 -38.607548
969 0.624875 0.048615 0.150993 0.202211 0.002363 0.040889 -0.002418 -0.628070 0.041040 0.002212 -86.422798
970 0.204055 0.050600 0.295223 0.129300 0.002560 0.016718 -0.001160 -0.805020 0.016813 0.002466 -85.346214
973 1.171915 0.289735 0.318943 1.003531 0.083946 1.007074 -0.021140 -0.840400 1.007558 0.083462 -88.688812
975 0.364945 0.048140 0.833783 0.026465 0.002317 0.000700 -0.000274 -0.578380 0.002363 0.000655 -9.365165
977 0.964315 0.027800 0.807142 0.127375 0.000773 0.016224 -0.000517 -0.454380 0.016242 0.000756 -88.083916
979 1.285715 0.059150 0.933223 0.231600 0.003499 0.053639 -0.001060 -0.551520 0.053661 0.003476 -88.789658
981 0.674155 0.055555 0.918073 0.141915 0.003086 0.020140 -0.001055 -0.841770 0.020205 0.003021 -86.474693
982 0.042255 0.095530 0.369532 0.138820 0.009126 0.019271 -0.001618 -0.759670 0.019523 0.008874 -81.152779
983 0.880015 0.092280 0.554373 0.185420 0.008516 0.034381 -0.002773 -0.821680 0.034674 0.008222 -83.949966
986 -0.523365 0.117365 -0.249840 0.137599 0.013775 0.018934 -0.002058 -0.754760 0.019654 0.013054 -70.707588
989 0.159725 0.095675 -0.430826 0.180211 0.009154 0.032476 -0.003603 -0.858540 0.033020 0.008610 -81.415916
991 0.778435 0.068905 0.656483 0.135045 0.004748 0.018237 -0.001543 -0.865200 0.018411 0.004574 -83.557770
995 0.882415 0.049230 0.779273 0.104835 0.002424 0.010990 -0.000912 -0.826920 0.011086 0.002328 -83.987923
996 -0.410045 0.048715 0.094441 0.039695 0.002373 0.001576 -0.000253 -0.424470 0.002447 0.001502 -16.216831
997 0.206135 0.066205 0.325623 0.062945 0.004383 0.003962 -0.001293 -0.882520 0.005483 0.002862 -40.377777
999 0.982115 0.077850 1.258883 0.170255 0.006061 0.028987 -0.001343 -0.875770 0.029065 0.005982 -86.659615
1003 1.040115 0.035900 1.068982 0.179150 0.001289 0.032095 -0.000537 -0.632750 0.032104 0.001279 -89.002457
1005 0.984715 0.070950 0.775853 0.113890 0.005034 0.012971 -0.001737 -0.844680 0.013334 0.004670 -78.180008
1006 0.871815 0.085545 0.676643 0.144865 0.007318 0.020986 -0.002356 -0.869820 0.021381 0.006923 -80.489960
1007 -0.951715 0.185760 -0.309222 0.113982 0.034507 0.012992 -0.003442 -0.719180 0.035044 0.012455 -8.871172
1010 1.466615 0.080350 0.652802 0.152915 0.006456 0.023383 -0.004190 -0.917640 0.024363 0.005476 -76.831207
1012 -0.088055 0.069180 0.048355 0.068506 0.004786 0.004693 -0.001325 -0.858290 0.006065 0.003414 -43.997269
1015 1.052015 0.042450 0.452633 0.168065 0.001802 0.028246 -0.000465 -0.389350 0.028254 0.001794 -88.993263
1017 0.085815 0.095985 0.405773 0.136350 0.009213 0.018591 -0.001707 -0.804420 0.018893 0.008912 -79.996185
1018 -0.395105 0.059245 -0.688753 0.204179 0.003510 0.041689 -0.001277 -0.469060 0.041732 0.003467 -88.086899
1019 -0.430025 0.091555 -0.269103 0.113023 0.008382 0.012774 -0.002148 -0.818370 0.013650 0.007506 -67.814812
1022 1.711715 0.059500 1.026852 0.250530 0.003540 0.062765 -0.004169 -0.793240 0.063057 0.003248 -85.992851
1023 0.444545 0.048155 0.361122 0.143605 0.002319 0.020622 -0.000845 -0.645560 0.020661 0.002280 -87.360863
1024 1.693615 0.105400 1.506263 0.140600 0.011109 0.019768 -0.003571 -0.923350 0.021051 0.009827 -70.244270
1027 0.602065 0.062455 0.637783 0.106490 0.003901 0.011340 -0.001405 -0.844270 0.011597 0.003644 -79.655220
1028 0.950315 0.059650 0.310663 0.190491 0.003558 0.036287 -0.000738 -0.374070 0.036303 0.003541 -88.709274
1030 0.716715 0.051320 0.198333 0.174363 0.002634 0.030402 -0.001029 -0.502930 0.030441 0.002596 -87.880508
1031 1.367715 0.059550 0.714223 0.210940 0.003546 0.044496 -0.000919 -0.513180 0.044516 0.003526 -88.715218
1032 0.830505 0.099940 1.133083 0.105170 0.009988 0.011061 -0.001406 -0.876080 0.012030 0.009019 -55.437725
1034 0.083995 0.090855 0.173983 0.159175 0.008255 0.025337 -0.002316 -0.856180 0.025645 0.007946 -82.414192
1035 0.563025 0.026725 0.614913 0.148520 0.000714 0.022058 -0.000507 -0.677020 0.022070 0.000702 -88.639549
1040 0.062435 0.052220 0.506312 0.078640 0.002727 0.006184 -0.000562 -0.718730 0.006273 0.002638 -80.989441
1042 0.645035 0.042510 0.773043 0.158615 0.001807 0.025159 -0.000774 -0.802530 0.025184 0.001781 -88.103065
1046 0.950615 0.036900 0.966462 0.131445 0.001362 0.017278 -0.000635 -0.612190 0.017303 0.001336 -87.719070
1047 0.707775 0.027095 0.019468 0.199086 0.000734 0.039635 -0.000306 -0.310430 0.039638 0.000732 -89.549469
1050 1.636115 0.041400 0.857103 0.225330 0.001714 0.050774 -0.000706 -0.480340 0.050784 0.001704 -89.175186
1051 0.049235 0.076605 -0.191162 0.175396 0.005868 0.030764 -0.001936 -0.760030 0.030913 0.005719 -85.579758
1052 0.382615 0.047815 0.313812 0.161635 0.002286 0.026126 -0.000894 -0.694710 0.026159 0.002253 -87.854324
1056 0.498595 0.070735 0.509223 0.231325 0.005003 0.053511 -0.002091 -0.882990 0.053601 0.004913 -87.535919
1057 0.061996 0.112915 -0.123848 0.173034 0.012750 0.029941 -0.004059 -0.847870 0.030851 0.011840 -77.361076
1059 0.152966 0.095145 0.485403 0.122290 0.009053 0.014955 -0.001774 -0.798780 0.015447 0.008560 -74.494446
1060 1.108715 0.193750 1.177503 0.119750 0.037539 0.014340 -0.007147 -0.942960 0.039564 0.012315 -15.819592
1061 0.311296 0.073010 0.602933 0.179575 0.005330 0.032247 -0.001550 -0.830250 0.032336 0.005242 -86.715927
1062 0.488885 0.083995 0.830553 0.138275 0.007055 0.019120 -0.001174 -0.781900 0.019233 0.006942 -84.491676
1063 -1.060305 0.141980 -0.959696 0.213996 0.020158 0.045794 -0.004675 -0.638950 0.046620 0.019332 -79.981102
1065 0.555716 0.057760 0.916733 0.105780 0.003336 0.011189 -0.000710 -0.775010 0.011253 0.003272 -84.873116
1066 0.546045 0.056670 0.773033 0.154570 0.003211 0.023892 -0.001209 -0.824040 0.023962 0.003141 -86.665550
1069 0.797745 0.057330 0.861943 0.193270 0.003287 0.037353 -0.001268 -0.739990 0.037400 0.003240 -87.871635
1070 0.683935 0.051810 0.654052 0.092885 0.002684 0.008628 -0.000967 -0.835140 0.008781 0.002531 -80.986351
1072 0.828655 0.059455 0.949743 0.230980 0.003535 0.053352 -0.001465 -0.813390 0.053395 0.003492 -88.316544
1073 -0.058625 0.073245 0.183923 0.137025 0.005365 0.018776 -0.010525 -0.956340 0.024550 -0.000409 -61.250668
1074 0.419315 0.074555 0.299653 0.127135 0.005558 0.016163 -0.002065 -0.879570 0.016551 0.005170 -79.360466
1075 -0.115945 0.071415 -0.156972 0.192056 0.005100 0.036886 -0.001965 -0.792000 0.037007 0.004979 -86.475632
1076 -0.200725 0.062780 -0.053351 0.169979 0.003941 0.028893 -0.001349 -0.850800 0.028966 0.003869 -86.915222
1078 0.584085 0.043575 0.616103 0.213130 0.001899 0.045424 -0.000796 -0.728000 0.045439 0.001884 -88.952713
1079 0.491245 0.071530 0.411713 0.125225 0.005117 0.015681 -0.001836 -0.829070 0.015991 0.004807 -80.418961
1080 0.360945 0.060480 0.266513 0.130562 0.003658 0.017046 -0.001373 -0.815680 0.017186 0.003518 -84.203453
1086 -2.008275 0.321645 -1.571733 0.118779 0.103455 0.014108 -0.002755 -0.299440 0.103540 0.014024 -1.764790
1088 -1.815105 0.299765 -1.493634 0.121840 0.089859 0.014845 -0.005433 -0.506810 0.090250 0.014454 -4.120765
1089 -1.591025 0.211165 -1.488149 0.207520 0.044591 0.043064 -0.010255 -0.716180 0.054111 0.033544 -42.872005
1090 -1.907015 0.238590 -1.306600 0.120170 0.056925 0.014441 -0.003554 -0.513290 0.057220 0.014146 -4.748528
1092 -1.844635 0.293330 -1.306399 0.112233 0.086042 0.012596 -0.001536 -0.187230 0.086075 0.012564 -1.197311
1094 -1.640765 0.308025 -1.530083 0.190820 0.094879 0.036412 -0.009821 -0.649040 0.096485 0.034806 -9.284932
1095 -2.305735 0.302195 -1.710716 0.130639 0.091322 0.017067 -0.003917 -0.520770 0.091528 0.016861 -3.011321
1096 -1.994105 0.430750 -1.546336 0.195232 0.185546 0.038116 -0.013627 -0.516670 0.186795 0.036867 -5.236753
1097 -1.555135 0.220235 -1.468077 0.239983 0.048503 0.057592 -0.010840 -0.656060 0.064802 0.041294 -56.371861
1098 -2.013025 0.203745 -1.310216 0.106436 0.041512 0.011329 -0.001428 -0.358970 0.041579 0.011261 -2.702275
1099 -2.083265 0.106470 -1.494165 0.084054 0.011336 0.007065 0.000015 0.024546 0.011336 0.007065 0.199771
