# id,x_refit,sx_refit,y_refit,sy_refit,covxy_refit,corrxy_refit
1 0.988175 0.056250 1.120425 0.135205 -0.004265 -0.557660
2 1.032775 0.108100 0.841935 0.190395 -0.018638 -0.872540
3 0.239765 0.103310 0.446735 0.052540 -0.003377 -0.480720
4 0.032295 0.066415 0.343305 0.129295 -0.005022 -0.400630
5 0.462965 0.073325 0.213715 0.270148 -0.014161 -0.801530
6 0.115135 0.066900 0.308085 0.122425 -0.004398 -0.599510
7 0.056135 0.057575 0.251725 0.185885 -0.005451 -0.549330
8 0.876875 0.040450 0.848845 0.170950 -0.005213 -0.598390
10 0.862525 0.064445 0.721145 0.117190 -0.006649 -0.779100
12 0.265115 0.041355 0.169325 0.213029 -0.007086 -0.700420
13 0.698895 0.016390 0.464065 0.145705 -0.000787 -0.312890
15 0.100945 0.038730 -0.522938 0.325494 -0.005610 -0.245810
16 0.706155 0.053100 0.755105 0.162035 -0.006171 -0.690000
18 0.324105 0.085225 0.092486 0.151021 -0.011448 -0.886750
19 -0.045444 0.087130 0.266455 0.119339 -0.004535 -0.384670
20 -0.054285 0.059555 -0.088711 0.207867 -0.010157 -0.780260
21 0.164385 0.062760 0.585315 0.062285 -0.000750 -0.149410
22 1.781875 0.045400 1.975565 0.158230 -0.000284 -0.043421
23 -0.108905 0.066290 0.215225 0.107180 -0.006036 -0.556150
24 0.211705 0.095525 0.047493 0.274960 -0.019170 -0.835740
25 0.784725 0.050410 1.090965 0.139885 -0.002743 -0.293210
26 1.285775 0.038600 1.398595 0.232510 -0.009133 -0.810720
27 0.823265 0.035450 0.874915 0.154840 -0.004546 -0.687060
28 1.234875 0.068200 0.892195 0.138965 -0.007808 -0.801700
29 1.631975 0.107400 1.145195 0.232690 -0.020857 -0.854560
30 0.313715 0.060655 0.571135 0.130715 -0.001782 -0.207820
32 0.761155 0.028590 0.877355 0.164770 -0.004548 -0.687310
33 0.388285 0.060895 0.777425 0.054825 0.000349 0.058622
34 -0.066785 0.051110 0.174655 0.151883 -0.006180 -0.648670
35 0.072235 0.079180 0.162807 0.187961 -0.008480 -0.583770
38 0.530985 0.066570 0.259315 0.170136 -0.008569 -0.761600
39 -0.157195 0.071360 0.223605 0.126991 -0.000470 -0.059843
40 0.534585 0.035085 0.907285 0.029810 -0.000866 -0.333390
41 0.130645 0.071395 0.550635 0.038260 -0.000057 -0.014673
42 0.222685 0.042460 0.380355 0.186655 -0.005849 -0.682440
44 -0.365515 0.078445 0.120307 0.080100 0.001277 0.185980
45 0.328185 0.049100 0.732485 0.056915 -0.000473 -0.128200
48 0.366505 0.045495 0.716325 0.065820 -0.000275 -0.053945
50 0.146305 0.064370 0.587065 0.034875 0.000802 0.163470
53 0.110305 0.045815 0.596015 0.064640 -0.000625 -0.195040
54 -0.960705 0.147300 -0.640164 0.073330 -0.004144 -0.319040
55 0.050275 0.069750 0.236985 0.142716 -0.001171 -0.126480
58 1.048375 0.095750 1.329115 0.155300 -0.001288 -0.056501
62 0.872575 0.039560 0.640565 0.116515 -0.003625 -0.645990
63 0.676645 0.067625 -0.038527 0.146406 -0.004473 -0.512540
64 -0.070935 0.120575 0.135088 0.062002 -0.005108 -0.554850
65 -0.185735 0.147280 -0.131942 0.104263 -0.011877 -0.736570
68 0.562675 0.048145 0.107281 0.220689 -0.006919 -0.568300
69 -0.027395 0.054365 0.394285 0.034095 0.000113 0.039246
73 0.136175 0.067600 0.426765 0.147840 -0.006499 -0.626550
74 0.058425 0.074190 0.026743 0.159387 -0.010181 -0.783960
75 0.670625 0.056995 0.902625 0.173845 -0.005549 -0.606370
77 1.599276 0.040600 0.648415 0.419390 -0.002920 -0.099106
79 1.229575 0.064150 0.845025 0.136165 -0.006875 -0.774180
81 0.568105 0.040110 0.783705 0.169060 -0.004046 -0.537670
84 0.837185 0.052615 1.259825 0.050415 -0.002455 -0.366120
85 0.429515 0.037650 0.856505 0.023820 -0.000209 -0.144850
86 1.081475 0.109100 0.939965 0.260985 -0.022844 -0.885580
87 0.768185 0.048115 0.994265 0.163575 -0.005785 -0.655040
88 1.131175 0.061950 1.190415 0.198250 -0.009890 -0.828960
89 0.205005 0.098010 -0.459229 0.177195 -0.016002 -0.935820
90 -0.007375 0.079060 -0.307402 0.179963 -0.011302 -0.785890
91 1.011476 0.043400 1.131775 0.173345 -0.004462 -0.351920
92 0.130816 0.058755 0.513595 0.039165 -0.000170 -0.052241
93 0.441665 0.070450 0.402975 0.118495 -0.008151 -0.844370
94 0.948375 0.023950 0.722725 0.153125 -0.003125 -0.583820
96 0.728285 0.049875 0.803805 0.133825 -0.004616 -0.686720
98 0.077146 0.101600 0.422145 0.067245 -0.001200 -0.154660
101 0.803185 0.045875 1.161325 0.044085 -0.000744 -0.242290
104 -0.015025 0.069030 0.295505 0.140241 -0.004589 -0.517320
106 -0.138065 0.074655 -0.662386 0.240530 -0.007966 -0.475960
108 0.876075 0.047570 0.897915 0.182420 -0.007138 -0.812660
109 0.246215 0.081220 -0.025416 0.189563 -0.012629 -0.848130
110 0.931475 0.045950 0.930245 0.188360 -0.007004 -0.749800
112 0.147745 0.076935 0.565955 0.135155 0.004269 0.199910
113 0.497055 0.061290 0.237305 0.118685 -0.006005 -0.823850
119 0.878875 0.047025 1.203145 0.110525 -0.005007 -0.701500
120 1.505675 0.096000 0.673645 0.171085 -0.011930 -0.856930
123 -0.072335 0.083370 -0.171667 0.255381 -0.016182 -0.856740
124 -0.377835 0.051875 -0.051682 0.092427 -0.003112 -0.499910
125 0.586966 0.041570 0.675915 0.171770 -0.005093 -0.652030
129 -0.448825 0.071900 -0.210975 0.174963 -0.007678 -0.635510
130 0.626125 0.040910 0.621005 0.182550 -0.005116 -0.656130
132 -0.867705 0.170525 -0.636724 0.114563 -0.013478 -0.647510
133 1.332875 0.057550 1.403695 0.187690 -0.007287 -0.737040
134 0.607055 0.044980 0.754035 0.200335 -0.003751 -0.476480
135 1.933275 0.046500 1.416885 0.139960 -0.007098 -0.531560
139 0.715225 0.093665 1.044235 0.180070 -0.013898 -0.726390
140 -0.059885 0.087185 0.220015 0.121679 -0.003072 -0.320270
142 -0.400875 0.062430 0.144566 0.048988 0.001746 0.498330
143 0.437165 0.034270 0.752405 0.076970 -0.001464 -0.424190
144 -0.542745 0.175730 -0.278493 0.074224 -0.010586 -0.642300
145 1.192676 0.028800 1.241035 0.171280 -0.003929 -0.552100
146 1.149776 0.025550 0.968125 0.158195 -0.004524 -0.548080
147 0.026995 0.066380 0.200605 0.223243 -0.012369 -0.683290
148 0.551975 0.042785 0.871435 0.094315 -0.001180 -0.232780
149 0.575365 0.047765 0.370325 0.151755 -0.005896 -0.714160
150 0.547485 0.088995 0.457155 0.112100 -0.008701 -0.886700
152 0.314605 0.072430 -0.106086 0.175189 -0.009274 -0.739730
153 0.380715 0.042690 0.363195 0.152605 -0.004653 -0.616160
154 -0.222795 0.093590 -0.057608 0.058686 -0.004474 -0.676020
158 -0.156825 0.086175 -0.234628 0.217208 -0.015402 -0.835640
159 1.163176 0.022300 1.306525 0.137840 -0.001616 -0.495630
160 0.153075 0.092990 0.408765 0.152185 -0.007347 -0.548630
161 0.200675 0.051490 0.385615 0.171605 -0.004981 -0.604010
162 0.876375 0.074520 1.053915 0.260805 -0.005454 -0.262160
163 0.138535 0.065440 0.569445 0.036240 0.000115 0.035129
167 0.307905 0.050765 0.686605 0.043810 0.000035 0.005993
169 0.670055 0.049655 1.006585 0.075280 -0.001244 -0.278300
171 0.465005 0.047825 0.649225 0.165400 -0.004255 -0.564200
172 0.425845 0.060645 0.489365 0.071115 -0.003763 -0.772830
175 1.721675 0.021200 1.318615 0.134575 -0.000885 -0.225840
176 0.082015 0.039255 0.162326 0.199379 -0.005238 -0.642420
177 0.499065 0.082895 0.896485 0.117175 -0.001312 -0.154360
180 0.114785 0.053655 0.560445 0.049890 -0.001084 -0.323770
181 0.783805 0.057810 1.125315 0.097125 -0.003457 -0.332840
182 0.894775 0.050365 0.882785 0.166025 -0.006303 -0.734280
183 -0.228365 0.083880 -0.318215 0.273697 -0.018294 -0.852500
188 0.348866 0.085535 0.728475 0.102900 -0.002234 -0.240430
189 0.484965 0.047415 0.890165 0.027830 0.000266 0.113520
190 0.722595 0.025830 0.809405 0.163955 -0.002999 -0.624270
191 0.325405 0.075240 0.629215 0.180245 -0.005285 -0.420820
192 0.362395 0.054260 0.476015 0.214045 -0.007851 -0.595070
194 -0.041915 0.028070 -0.398214 0.190849 -0.003464 -0.459490
195 0.594405 0.046325 0.577425 0.116365 -0.004621 -0.747800
196 1.601475 0.061450 0.803395 0.135840 -0.007458 -0.767580
197 0.369215 0.050415 0.833695 0.031730 0.000513 0.132460
199 0.619355 0.035230 0.658785 0.173185 -0.005442 -0.733300
200 -0.211385 0.054690 -0.168806 0.176481 -0.004228 -0.433420
201 0.842936 0.047625 1.155375 0.080110 -0.006086 -0.716280
205 0.820405 0.081935 1.183165 0.109725 -0.003404 -0.418730
206 0.330265 0.085690 0.278905 0.188146 -0.010833 -0.651770
207 0.097995 0.039620 0.109528 0.198050 -0.006075 -0.718930
208 0.258145 0.054160 0.664535 0.037160 -0.001314 -0.227020
209 -0.002105 0.102850 -0.067624 0.133051 -0.012609 -0.821540
210 0.923075 0.060900 1.314495 0.051555 -0.002795 -0.544540
211 0.016706 0.065970 0.177595 0.095568 -0.004563 -0.681540
212 -0.175045 0.088680 -0.155667 0.131123 -0.009049 -0.677750
214 -0.258725 0.087900 -0.150470 0.200741 -0.009085 -0.537870
216 0.741065 0.136430 0.636575 0.169080 -0.021655 -0.959380
218 -0.356095 0.056170 -0.039590 0.118532 -0.001555 -0.246550
219 -0.047555 0.073355 0.235085 0.143487 -0.005053 -0.415160
220 0.608885 0.034615 0.769165 0.163420 -0.004221 -0.666050
221 0.366765 0.056775 0.227415 0.130929 -0.005935 -0.756850
223 0.395935 0.073165 0.674025 0.199600 -0.007612 -0.556380
224 0.376165 0.083865 0.303515 0.266910 -0.017378 -0.846730
226 0.369585 0.036960 0.764335 0.023615 -0.000287 -0.111010
227 0.249015 0.083890 0.653975 0.075565 -0.000859 -0.097305
228 0.139435 0.056905 0.494245 0.060610 -0.000547 -0.125710
229 0.389385 0.062535 0.386105 0.087740 -0.004559 -0.763480
230 0.900875 0.032200 1.157275 0.108845 -0.001979 -0.480670
232 0.821605 0.048060 1.037575 0.171985 -0.007501 -0.732910
233 -1.529035 0.319455 -0.936040 0.112702 -0.031338 -0.733710
234 0.470815 0.043850 0.593205 0.171260 -0.007975 -0.390050
238 0.517525 0.033825 0.555355 0.152255 -0.004008 -0.687710
241 -1.473715 0.160655 -1.678522 0.311019 -0.033568 -0.626250
242 -1.374835 0.158405 -0.951558 0.125609 0.002299 0.134000
243 -0.326115 0.071170 -0.030595 0.145823 -0.006917 -0.542860
245 -0.628284 0.192960 -0.687115 0.186754 -0.030514 -0.741260
246 -0.720205 0.034255 -0.468034 0.138403 -0.002025 -0.406630
249 -0.085635 0.095770 0.273965 0.106665 -0.001024 -0.115070
252 -0.109815 0.042185 0.351375 0.032535 -0.000028 -0.014799
253 -1.373035 0.120765 -0.936764 0.134485 0.004486 0.314270
254 -0.466905 0.093990 -0.289345 0.157708 -0.005357 -0.409010
255 -0.315315 0.077880 -0.244521 0.163456 -0.010430 -0.815280
256 0.052645 0.055370 0.105560 0.103414 -0.004806 -0.736870
259 -1.047765 0.136910 -1.149597 0.181975 -0.019110 -0.650800
260 -0.579325 0.038705 -0.736293 0.206216 -0.004583 -0.458970
262 -0.048145 0.038735 -0.065737 0.194305 -0.006161 -0.705820
264 -0.538525 0.023145 -0.803632 0.164639 -0.002284 -0.423110
265 0.418805 0.036495 0.518615 0.179815 -0.004116 -0.552130
266 -0.277425 0.056305 0.099314 0.069490 -0.000296 -0.055968
268 -0.289414 0.065450 -0.517111 0.153870 -0.008491 -0.795780
269 0.629126 0.068655 0.817715 0.185430 -0.011097 -0.802410
270 -1.381605 0.263015 -1.098678 0.125892 -0.022264 -0.494550
271 -1.417925 0.304005 -0.953263 0.125304 -0.026433 -0.628150
272 -0.631124 0.043015 -0.279910 0.066317 -0.000861 -0.240360
273 -1.528455 0.224025 -1.479090 0.168279 -0.023161 -0.557310
274 -0.871035 0.165680 -0.619604 0.088317 -0.005761 -0.335070
277 0.440655 0.076040 0.356695 0.194050 -0.011752 -0.830870
278 -2.057775 0.182160 -1.345281 0.086155 -0.007761 -0.529180
280 0.541445 0.039340 0.897085 0.043085 -0.000572 -0.192230
281 -0.582475 0.060135 -0.584233 0.112606 -0.004707 -0.609180
283 0.377325 0.023795 0.381295 0.198130 -0.004104 -0.725290
284 0.114255 0.088425 0.464865 0.109325 -0.001796 -0.211020
286 -0.914635 0.046570 -0.740679 0.176099 -0.002786 -0.347490
287 -0.577044 0.062280 -0.513624 0.090116 -0.004815 -0.753500
288 -0.560295 0.053395 -0.326970 0.120020 -0.002356 -0.388610
289 -1.014645 0.077960 -1.106228 0.140361 -0.009166 -0.796520
290 -1.163155 0.077395 -1.044644 0.134539 -0.004868 -0.446210
291 0.622766 0.041840 1.015225 0.035855 -0.000320 -0.091352
292 0.256155 0.060310 0.016085 0.162630 -0.008438 -0.764850
293 1.315875 0.053950 0.455395 0.099530 -0.005833 -0.873750
294 -1.261165 0.127730 -1.509435 0.245449 -0.019116 -0.602720
295 -0.325035 0.051515 -0.320927 0.178898 -0.007097 -0.717330
296 -1.156595 0.254760 -0.918136 0.132563 -0.025231 -0.657170
297 -0.306895 0.025950 -0.339642 0.174118 -0.003118 -0.593330
298 -1.217725 0.138575 -0.940714 0.165738 0.000116 0.005231
299 -0.530005 0.062085 -0.829283 0.170032 -0.007181 -0.669770
300 -0.711615 0.021020 -1.126868 0.190651 -0.000043 -0.009976
302 0.267745 0.076005 0.661355 0.081310 -0.002564 -0.318070
304 -1.298645 0.150835 -1.242943 0.147136 -0.011974 -0.485780
305 -0.685995 0.023375 -1.053385 0.166148 -0.001308 -0.283500
306 -0.995225 0.049185 -1.115541 0.188816 -0.006381 -0.576300
307 -0.810055 0.148205 -0.615876 0.090435 -0.007373 -0.456490
308 -1.615785 0.106570 -1.019370 0.105131 0.000939 0.097443
309 0.145165 0.033870 0.297855 0.168729 -0.003067 -0.551260
310 -0.807245 0.138205 -0.703816 0.164810 -0.015422 -0.634190
311 0.609125 0.056880 0.900895 0.202545 -0.012703 -0.544710
312 -0.737715 0.060040 -0.946403 0.191604 -0.007904 -0.559470
313 -1.118665 0.088530 -1.587807 0.295069 -0.009403 -0.300120
314 0.844595 0.038875 1.132755 0.119995 -0.002854 -0.426410
315 0.837626 0.042615 1.124725 0.140650 -0.004250 -0.568530
316 0.497095 0.035455 0.659975 0.141790 -0.002495 -0.541320
317 -0.675415 0.086695 -0.405926 0.034221 -0.001884 -0.437830
318 -0.921895 0.145115 -0.765494 0.112554 -0.008942 -0.487470
319 -0.138925 0.060750 0.181675 0.079758 -0.000718 -0.113390
321 0.188766 0.042115 0.509195 0.116025 -0.000920 -0.156190
322 0.073475 0.032750 0.083052 0.157844 -0.003575 -0.591090
324 -0.640445 0.104050 -0.799220 0.133362 -0.011917 -0.813190
325 0.174405 0.082260 0.239545 0.153036 -0.007291 -0.495690
326 0.022645 0.046960 0.126180 0.171222 -0.003050 -0.254340
327 -1.293565 0.150985 -1.465980 0.279169 -0.030871 -0.744960
328 -1.165315 0.053335 -0.728917 0.112808 0.000713 0.138090
329 0.778725 0.072655 1.119995 0.142480 -0.004064 -0.229800
330 -0.499265 0.090810 -0.524575 0.145599 -0.014417 -0.536280
332 -0.261645 0.053505 -0.272905 0.157762 -0.005944 -0.635420
333 0.037705 0.051995 -0.051573 0.151270 -0.005933 -0.671350
335 0.733195 0.061585 1.100165 0.070975 -0.003987 -0.459790
336 -1.451705 0.245155 -0.652409 0.116741 -0.032768 -0.706670
339 -0.061325 0.077150 -0.247046 0.111587 -0.007418 -0.795700
340 -0.923244 0.164000 -0.786674 0.115091 -0.012729 -0.589640
341 0.804885 0.104960 0.686955 0.277880 -0.020733 -0.835980
342 0.857326 0.022220 0.700515 0.160290 -0.002759 -0.616250
344 -1.492095 0.127740 -1.659438 0.334289 -0.031633 -0.550990
345 0.204195 0.062320 0.529775 0.117860 0.000337 0.046730
347 1.135675 0.114800 1.139675 0.144070 -0.013846 -0.788240
349 -1.180085 0.171340 -0.550933 0.082465 -0.008139 -0.612540
350 -0.408555 0.040080 -0.314414 0.181638 -0.003177 -0.432230
351 -0.481105 0.071710 -0.855330 0.194914 -0.009262 -0.651180
352 -0.502695 0.114485 0.035310 0.070290 -0.004558 -0.538510
353 0.380405 0.080390 0.553165 0.187350 -0.006130 -0.453460
354 0.369175 0.081070 0.630785 0.158125 -0.005576 -0.450270
355 -0.686045 0.112045 -0.392110 0.124275 -0.003979 -0.307040
356 -0.034425 0.044175 -0.439318 0.209108 -0.004867 -0.452180
357 -1.072685 0.090130 -1.606827 0.350828 -0.005620 -0.174150
358 -0.693954 0.058495 -0.524006 0.173222 -0.003499 -0.379750
359 -1.132995 0.074900 -1.013812 0.129091 -0.007563 -0.758160
360 -1.338415 0.096355 -1.451225 0.233770 -0.017271 -0.664900
361 -1.026424 0.083185 -0.720926 0.140504 -0.002044 -0.189910
362 -1.106495 0.141070 -0.995961 0.105899 -0.012339 -0.680830
363 0.173115 0.086635 0.036222 0.276005 -0.018371 -0.857850
364 -0.337845 0.082250 -0.012848 0.149650 -0.002911 -0.251500
365 -1.798785 0.126190 -1.513933 0.074152 -0.004996 -0.474250
366 -0.779155 0.030320 -0.940612 0.162188 -0.004333 -0.648300
367 -1.492755 0.110900 -1.661126 0.209838 -0.018542 -0.784070
368 -0.930825 0.127590 -0.910236 0.136035 -0.012783 -0.655020
369 -1.040114 0.094385 -1.137053 0.163868 -0.012440 -0.753550
370 -1.073515 0.068635 -0.917792 0.060500 -0.003456 -0.631130
371 -0.268825 0.073060 0.159670 0.048756 0.000415 0.093332
373 -1.484765 0.175805 -1.213657 0.107602 -0.009063 -0.416950
377 -0.751534 0.040115 -1.062141 0.185904 -0.004728 -0.506080
379 -0.164675 0.029035 -0.152762 0.166967 -0.003718 -0.664940
380 0.265905 0.074760 0.541745 0.147615 -0.007500 -0.747070
382 -1.593885 0.268190 -1.384154 0.156475 -0.030824 -0.673750
383 -0.329415 0.034065 -0.787342 0.316166 -0.005601 -0.403200
384 0.009895 0.037185 0.209455 0.151044 -0.002360 -0.440340
385 -1.301755 0.119305 -1.233656 0.143457 -0.013679 -0.618800
386 -0.461915 0.026070 -0.797473 0.283787 -0.002264 -0.199500
387 0.312165 0.039360 0.740215 0.025090 -0.000293 -0.189210
390 0.843195 0.028960 0.562755 0.180945 -0.004443 -0.685660
391 -1.024645 0.088910 -1.104014 0.165929 -0.012648 -0.847840
392 -0.578325 0.090375 -0.290167 0.159220 0.000964 0.077382
393 -0.061035 0.037425 -0.109521 0.144115 -0.003827 -0.642580
394 -0.445955 0.210320 -0.232500 0.084202 -0.014962 -0.774320
396 -1.517225 0.117300 -1.404980 0.113687 -0.009687 -0.648860
397 -0.785035 0.069705 -0.851497 0.185488 -0.010594 -0.819210
398 -0.250175 0.053100 0.121146 0.040678 -0.000252 -0.076946
399 -0.266075 0.187440 -0.511633 0.335291 -0.045407 -0.948970
401 -0.952295 0.083075 -0.753019 0.093350 -0.005148 -0.581750
402 -0.809565 0.090100 -1.190588 0.314745 -0.014308 -0.449130
403 -0.115635 0.050890 0.041278 0.119456 -0.001775 -0.300130
404 -0.112595 0.052425 0.058721 0.128539 -0.001188 -0.187740
405 -1.113075 0.221885 -0.978123 0.165474 -0.024028 -0.591830
408 -0.958895 0.293905 -0.618617 0.101727 -0.023988 -0.849200
409 -1.594675 0.231510 -1.221693 0.136539 -0.023750 -0.723830
410 -0.768295 0.192945 -0.685572 0.122382 -0.018634 -0.755430
411 -2.495115 0.350025 -1.935135 0.126683 -0.030102 -0.637940
413 -0.433425 0.051135 -0.353339 0.189722 -0.003864 -0.385480
414 -0.512685 0.033025 -0.536784 0.212189 -0.004198 -0.545470
415 -0.444885 0.105055 -0.469822 0.132886 -0.011266 -0.700570
416 -0.868035 0.086375 -1.245888 0.250014 -0.015540 -0.698600
418 -1.227845 0.174655 -1.055248 0.113458 -0.012852 -0.550540
419 -0.762215 0.122885 -0.334563 0.082614 -0.001801 -0.176550
421 -0.678494 0.144880 -0.279909 0.069065 -0.002949 -0.275430
422 -0.573205 0.071115 -0.863152 0.157452 -0.009055 -0.695840
424 -1.136684 0.042425 -2.017935 0.348289 0.002402 0.138200
427 -0.870305 0.034035 -1.403287 0.332583 0.000339 0.028579
428 -0.979345 0.083590 -1.095021 0.204074 -0.013451 -0.837870
429 -1.289975 0.067525 -1.494435 0.199564 -0.010015 -0.764540
430 -0.610185 0.151375 -0.358943 0.058500 -0.006531 -0.595350
431 0.820685 0.041835 1.115805 0.072295 -0.000984 -0.284360
432 -0.940885 0.054895 -1.125883 0.262468 -0.011256 -0.583250
433 0.192145 0.099310 0.243895 0.209472 -0.018212 -0.859740
435 -1.687355 0.233175 -0.890543 0.093824 -0.015386 -0.718710
437 0.085155 0.017720 -0.121836 0.193338 -0.001028 -0.269280
438 0.546515 0.114965 0.390245 0.265830 -0.022954 -0.843670
439 0.231835 0.038940 0.704045 0.050050 -0.000885 -0.295720
442 0.146845 0.117805 0.203815 0.332343 -0.032004 -0.940330
444 -0.933355 0.080355 -0.832331 0.113827 -0.007075 -0.655620
445 -0.745725 0.105285 -0.333385 0.123259 0.001006 0.088373
446 -1.016965 0.127405 -0.531298 0.103966 -0.000928 -0.077908
447 -1.453085 0.119170 -1.264776 0.120568 -0.008405 -0.505040
450 0.303685 0.045025 0.665205 0.062880 -0.001275 -0.369960
451 0.290976 0.051010 0.631815 0.092865 -0.002567 -0.485820
452 -1.588465 0.193915 -0.697615 0.106989 -0.015512 -0.715230
453 -1.803195 0.192860 -1.359232 0.096313 -0.010239 -0.567300
455 0.007475 0.044370 0.311395 0.089405 -0.001460 -0.304980
457 -0.265665 0.041920 -0.298813 0.169818 -0.006557 -0.752650
458 -0.265665 0.041920 -0.298813 0.169818 -0.006557 -0.752650
459 -0.122615 0.062410 0.154805 0.130766 -0.002428 -0.275830
460 0.014545 0.042975 -0.014914 0.175548 -0.006438 -0.795460
461 1.108675 0.039150 1.251125 0.149480 -0.004017 -0.644680
462 1.105075 0.035900 1.280455 0.140585 -0.002736 -0.552890
463 -1.600115 0.256450 -1.156614 0.116306 -0.012475 -0.375840
465 -0.979935 0.066730 -0.913420 0.099413 -0.005167 -0.731650
466 -0.876135 0.056475 -0.978665 0.148279 -0.006231 -0.638390
468 -1.247385 0.061290 -1.164812 0.180599 -0.002405 -0.220850
471 -0.911065 0.205005 -0.593923 0.073237 -0.010160 -0.585810
474 -1.495975 0.066340 -1.226469 0.147047 -0.005323 -0.507310
475 -0.899035 0.100580 -1.191959 0.199459 -0.017047 -0.867130
476 -1.338135 0.240455 -1.110859 0.141338 -0.023888 -0.608190
478 0.039625 0.022185 -0.090177 0.155507 -0.003040 -0.680270
479 -0.743675 0.057105 -0.993236 0.217313 -0.006136 -0.446810
482 -1.587905 0.135420 -1.615915 0.192926 -0.023168 -0.797730
483 -1.092435 0.069710 -1.544464 0.242979 -0.009226 -0.526480
484 0.087575 0.033975 0.235465 0.145443 -0.002565 -0.463570
485 0.085605 0.064105 0.035684 0.144728 -0.006873 -0.692210
486 -1.869255 0.143550 -0.836400 0.061344 -0.006954 -0.800200
488 0.291715 0.037115 0.635255 0.064960 -0.002609 -0.540550
489 0.395215 0.040770 0.650005 0.134680 -0.002223 -0.413500
492 -1.718065 0.225620 -1.438807 0.123162 -0.014336 -0.425760
493 -1.512055 0.123230 -1.799016 0.255347 -0.023219 -0.791210
494 -1.058235 0.099170 -1.129674 0.190892 -0.015365 -0.867650
496 -1.265705 0.094505 -1.628111 0.348975 -0.025719 -0.474450
498 -0.934725 0.098880 -1.261854 0.264205 -0.015478 -0.615600
499 -0.718985 0.131835 -0.259553 0.051618 -0.003940 -0.517420
502 -0.345085 0.059905 -0.364047 0.116470 -0.006380 -0.813120
503 -1.704595 0.209695 -1.355674 0.087689 -0.008194 -0.421950
505 -1.452285 0.211210 -1.143826 0.097177 -0.011059 -0.462030
509 0.003005 0.044820 -0.454399 0.154928 -0.004357 -0.614480
510 0.008035 0.050535 -0.428314 0.170203 -0.004471 -0.533090
511 -1.336185 0.113670 -1.447794 0.176153 -0.017336 -0.850390
512 -0.715215 0.050105 -0.341709 0.076348 -0.001468 -0.318940
513 0.615635 0.051475 0.975715 0.096320 -0.005029 -0.548530
514 -1.685135 0.092815 -1.626397 0.149194 -0.009164 -0.614750
515 -0.585915 0.043945 -1.204071 0.171083 -0.001199 -0.150020
516 -2.022545 0.242300 -1.536975 0.098232 -0.010687 -0.432110
517 -0.750814 0.067220 -0.794452 0.135602 -0.007506 -0.692470
518 -0.874155 0.055530 -0.886368 0.199643 -0.007092 -0.660210
519 -0.519165 0.109820 -0.240285 0.119442 -0.000552 -0.047487
520 -0.952925 0.085515 -0.985296 0.098910 -0.007243 -0.843880
521 -1.019965 0.046805 -1.152604 0.082820 -0.003520 -0.852460
526 0.556165 0.071550 0.938795 0.067595 -0.001427 -0.203090
528 0.515855 0.064445 0.830885 0.165700 -0.000504 -0.024557
529 -0.226954 0.043775 0.135060 0.047301 -0.000380 -0.115020
530 -1.688685 0.215185 -1.746608 0.229245 -0.035992 -0.724460
533 -1.387285 0.050460 -1.451554 0.107604 -0.003987 -0.649620
535 -0.830025 0.045425 -1.048348 0.176733 -0.006220 -0.664000
536 -2.103815 0.345530 -1.800707 0.174109 -0.037427 -0.671150
537 -0.035785 0.067940 -0.622954 0.197705 -0.007107 -0.504330
538 -0.335975 0.076870 -0.004944 0.077387 -0.003252 -0.533050
541 -0.730635 0.087975 -0.712507 0.112766 -0.009069 -0.822650
542 -1.754485 0.101305 -1.519293 0.066992 -0.003896 -0.472680
544 -0.194654 0.067740 0.221545 0.095902 0.001789 0.244200
548 0.464585 0.027580 0.080175 0.141993 -0.001535 -0.286610
549 0.559965 0.047785 0.811095 0.178670 -0.005865 -0.653970
550 -1.756395 0.264190 -0.855676 0.110223 -0.023593 -0.782310
552 -0.438225 0.052285 -1.046473 0.215321 -0.001971 -0.200280
554 -0.844415 0.116670 -0.997985 0.200090 -0.019240 -0.776660
555 -1.206095 0.079825 -1.217219 0.153891 -0.010111 -0.760900
556 -1.761585 0.085230 -1.729039 0.118978 -0.006831 -0.629630
557 -0.180285 0.072950 0.155595 0.104864 -0.000648 -0.093065
558 -1.710665 0.191220 -1.374282 0.106150 -0.005489 -0.245220
559 -2.220475 0.254570 -1.641450 0.129108 -0.026510 -0.817900
562 -0.992405 0.242115 -0.520257 0.087454 -0.012878 -0.634120
563 0.133255 0.064345 -0.229558 0.132713 -0.006109 -0.729860
566 0.356145 0.036375 0.230775 0.166863 -0.005449 -0.764670
568 0.040875 0.054005 0.103209 0.175277 -0.006702 -0.735700
569 0.032765 0.046330 0.141358 0.174163 -0.005475 -0.686380
570 -1.382925 0.215080 -0.986344 0.090030 -0.012127 -0.471590
571 0.764875 0.048565 1.002485 0.148755 -0.001054 -0.154200
573 -1.455945 0.151690 -1.058945 0.090252 -0.002531 -0.180520
574 -0.796765 0.050380 -0.842535 0.185852 -0.006692 -0.705380
575 -1.287915 0.070630 -1.333121 0.115325 -0.006769 -0.781350
577 -0.854875 0.072660 -1.108592 0.193501 -0.011460 -0.807570
578 0.396065 0.026020 0.254965 0.181379 -0.004265 -0.684650
579 -0.609595 0.036445 -0.593060 0.198028 -0.004500 -0.548030
581 -1.442675 0.304155 -1.513160 0.332992 -0.072442 -0.664150
582 -0.667145 0.050185 -0.523449 0.183034 -0.005651 -0.642320
583 -1.307315 0.113595 -1.412533 0.198387 -0.018147 -0.615310
584 -0.900535 0.131640 -0.749976 0.099308 -0.007778 -0.515410
586 0.560205 0.058050 1.021855 0.038140 0.000190 0.043127
587 -0.397375 0.058795 -0.112787 0.184304 -0.004771 -0.437450
588 0.416455 0.032515 0.658655 0.121515 -0.001753 -0.430630
589 -0.303275 0.088325 -0.491167 0.150652 -0.012254 -0.851930
590 -1.257695 0.131535 -1.077471 0.155623 -0.007063 -0.354460
592 0.232355 0.043055 0.527885 0.124925 -0.002412 -0.408840
594 -1.760675 0.263610 -1.446338 0.120038 -0.022333 -0.592820
595 -0.932535 0.070710 -0.911078 0.210658 -0.008804 -0.586560
596 0.977076 0.029250 1.110115 0.170840 -0.005227 -0.730020
600 -0.986885 0.128265 -0.745231 0.095766 -0.006090 -0.441550
601 -1.888025 0.208715 -1.531865 0.103882 -0.004697 -0.209660
602 -1.572525 0.226740 -1.273391 0.136838 -0.028314 -0.818550
603 -0.697215 0.083900 -1.329839 0.298658 -0.006652 -0.267500
604 -0.414295 0.067360 -0.281515 0.057453 -0.003249 -0.766350
605 -0.460595 0.081370 -0.277669 0.051505 -0.003516 -0.672390
606 -0.745145 0.077490 -1.181405 0.254762 -0.005904 -0.267970
607 -0.546775 0.060275 -0.529185 0.122314 -0.005476 -0.681300
608 -0.316105 0.051530 -0.212254 0.133172 -0.003182 -0.439180
610 -1.341145 0.050855 -1.392585 0.184743 -0.006882 -0.671800
611 0.465895 0.036290 0.564625 0.174495 -0.004116 -0.628680
614 -1.575885 0.156160 -1.649720 0.243421 -0.030220 -0.705760
616 0.226595 0.062705 0.284585 0.069985 -0.003759 -0.678940
617 -1.043785 0.088615 -1.440801 0.325345 -0.013005 -0.367080
618 -0.271755 0.110760 -0.022425 0.092041 -0.003817 -0.336980
619 0.371455 0.043965 0.796135 0.075865 -0.001705 -0.373120
620 -0.876435 0.105490 -1.335486 0.154160 -0.015970 -0.899280
621 -0.716485 0.065095 -0.675417 0.171408 -0.006201 -0.564260
622 -1.935475 0.435575 -1.438909 0.183756 -0.079705 -0.687890
623 0.391105 0.026635 0.547085 0.151800 -0.002450 -0.595630
624 0.390875 0.027725 0.531325 0.153455 -0.002769 -0.591640
626 0.665155 0.046375 0.989865 0.104350 -0.000685 -0.121670
629 -1.192405 0.136505 -0.919324 0.046174 -0.004897 -0.564350
630 0.220995 0.076285 0.375205 0.271719 -0.017061 -0.789080
631 -1.981635 0.171965 -2.107205 0.229780 -0.033750 -0.656070
632 0.178655 0.024510 0.534325 0.027985 -0.000148 -0.130770
633 0.243385 0.059500 0.650465 0.033990 0.000045 0.010928
635 -1.777975 0.106320 -1.779021 0.141572 -0.011483 -0.677420
636 -0.047105 0.091645 0.151617 0.071075 -0.003365 -0.434330
638 -0.449065 0.053555 -0.007158 0.037982 0.000703 0.292120
639 -2.187565 0.190565 -2.023725 0.149035 -0.017859 -0.637280
643 -0.316805 0.039800 -0.078909 0.127071 -0.000981 -0.192060
644 -0.752185 0.081170 -0.833814 0.144249 -0.010396 -0.765860
645 0.318525 0.024195 0.374805 0.125230 -0.001978 -0.586700
647 0.862735 0.029530 0.995365 0.157120 -0.002894 -0.517700
649 -1.023785 0.056485 -1.050528 0.195833 -0.006670 -0.531700
650 -0.739855 0.158965 -0.743397 0.133570 -0.019880 -0.779740
653 -0.716155 0.064435 -0.972328 0.203102 -0.009942 -0.703040
654 -1.251105 0.046245 -1.641678 0.249831 -0.005482 -0.394300
656 0.275875 0.030550 0.027215 0.199492 -0.005096 -0.692130
657 0.592575 0.054940 0.312805 0.107890 -0.005307 -0.819830
658 -1.117265 0.107740 -1.091762 0.149550 -0.014999 -0.800030
659 1.058175 0.037450 1.294965 0.171550 -0.008041 -0.799780
660 -1.179255 0.151595 -1.517606 0.269752 -0.033219 -0.828210
662 -0.944715 0.073730 -0.862286 0.178122 -0.006260 -0.454000
664 -0.355045 0.016170 -0.632629 0.163707 -0.000786 -0.297760
665 -0.324594 0.015545 -0.626980 0.159608 -0.000831 -0.305100
666 -0.796005 0.069500 -0.587352 0.165398 -0.003610 -0.313520
669 -1.126715 0.075085 -0.981656 0.166854 -0.002697 -0.233360
672 -0.125405 0.051885 0.004944 0.203020 -0.006511 -0.637290
673 -1.578405 0.193405 -1.429803 0.152368 -0.016577 -0.512630
674 -1.216045 0.084975 -0.801914 0.119856 0.000687 0.077201
675 -1.365845 0.033940 -1.688233 0.152404 -0.003067 -0.495930
676 -0.059575 0.040950 0.139411 0.135024 -0.001326 -0.223970
677 -1.751375 0.262525 -1.848975 0.278460 -0.053400 -0.651360
678 1.495075 0.029550 1.370195 0.222015 -0.005380 -0.647030
679 -1.830205 0.177525 -1.294914 0.092663 -0.004777 -0.304940
680 0.610295 0.031450 0.844465 0.120470 -0.001727 -0.468590
682 -0.875575 0.122605 -0.884211 0.164467 -0.015733 -0.697110
683 0.976376 0.050000 0.650155 0.288075 -0.012280 -0.777690
685 -0.171895 0.059195 -0.028945 0.187264 -0.002691 -0.262160
686 -0.060085 0.042645 0.299355 0.053305 -0.000901 -0.273990
687 -0.783245 0.051410 -0.469995 0.122074 -0.003296 -0.473550
688 -0.486105 0.016635 -0.819598 0.152311 -0.000796 -0.314160
689 -0.322715 0.035570 -0.453634 0.200353 -0.006020 -0.685630
690 -0.872635 0.084425 -1.075256 0.161693 -0.011294 -0.784420
691 0.181335 0.042155 0.279235 0.145484 -0.004284 -0.617380
692 -0.396775 0.074380 -0.379263 0.174292 -0.007794 -0.559720
695 0.400175 0.044370 0.441765 0.230090 -0.009941 -0.835900
696 -1.480645 0.216265 -1.341076 0.149864 -0.022709 -0.575510
697 -1.143505 0.090915 -1.228229 0.230513 -0.016800 -0.598510
701 -1.646965 0.100525 -2.079135 0.310329 -0.020105 -0.547680
702 0.021005 0.061095 -0.766208 0.170436 -0.005474 -0.541270
703 -1.771515 0.272035 -1.375885 0.113141 -0.023998 -0.611940
706 -1.536045 0.145345 -1.637314 0.222807 -0.026691 -0.770590
707 0.766805 0.045155 1.170575 0.036465 -0.001040 -0.223400
708 0.741525 0.053105 1.058765 0.165240 -0.001727 -0.193300
709 -0.975125 0.085685 -0.989670 0.199379 -0.012727 -0.783440
710 -1.236105 0.067110 -1.835985 0.338984 -0.006031 -0.233530
711 0.875375 0.055600 0.884815 0.107290 -0.005307 -0.778600
712 -1.946215 0.226925 -1.619877 0.134422 -0.026595 -0.730270
714 -1.192835 0.080005 -1.080997 0.221792 -0.008188 -0.481690
716 -2.357155 0.341430 -1.974995 0.145658 -0.027567 -0.573250
718 0.806475 0.022830 0.348005 0.164200 -0.002574 -0.525540
722 0.293935 0.038830 0.734385 0.023010 0.000267 0.263920
723 0.484655 0.034740 0.643595 0.166450 -0.003013 -0.431570
725 -1.403675 0.054040 -2.029705 0.382574 -0.005530 -0.227070
726 -0.480465 0.057700 -0.352037 0.218305 -0.011140 -0.733020
727 -1.958795 0.289435 -1.819810 0.205976 -0.039593 -0.677040
729 0.115915 0.102245 0.198345 0.137765 -0.009095 -0.642910
730 -0.912085 0.079180 -0.828950 0.218907 -0.009820 -0.530060
731 -0.046474 0.034605 -0.317419 0.146312 -0.003678 -0.579750
732 0.911275 0.044900 1.204645 0.117550 -0.002679 -0.219410
733 0.850965 0.046220 1.176265 0.120580 -0.001885 -0.260740
738 -1.206755 0.081270 -1.548740 0.209917 -0.012665 -0.751130
740 -1.115225 0.171605 -1.080979 0.215168 -0.028906 -0.756030
741 0.759275 0.034185 1.055555 0.097570 -0.001447 -0.255510
744 0.991375 0.031350 1.090565 0.212270 -0.003183 -0.409740
747 -1.383305 0.121065 -1.249358 0.203611 -0.011339 -0.474380
748 0.512415 0.067755 0.757875 0.165955 -0.003623 -0.342400
750 -1.744675 0.096210 -2.131725 0.268535 -0.015327 -0.558010
753 0.732295 0.051905 0.844045 0.218440 -0.005417 -0.398170
754 0.723425 0.049405 0.920105 0.176770 -0.004403 -0.501220
755 -2.020595 0.231290 -1.766575 0.129500 -0.016506 -0.527300
756 -0.696335 0.044765 -0.804167 0.209070 -0.006215 -0.451770
757 1.321575 0.061250 1.490805 0.185055 -0.004251 -0.388320
758 -1.838655 0.097880 -1.539615 0.067153 -0.001953 -0.258170
759 -2.094135 0.451245 -1.686212 0.195285 -0.061209 -0.811840
760 0.581145 0.047795 0.855805 0.116585 -0.003175 -0.561720
761 0.560345 0.078730 0.284135 0.154048 -0.010777 -0.867410
762 0.658785 0.051185 0.637435 0.126015 -0.005500 -0.759100
763 -0.369605 0.049845 -0.299955 0.115408 -0.004655 -0.722480
764 0.889976 0.093635 0.538455 0.155885 -0.013691 -0.876880
766 -0.574285 0.056250 -0.765089 0.109657 -0.005186 -0.845920
767 -2.242485 0.220970 -1.637721 0.119366 -0.015358 -0.596500
768 0.899475 0.045705 1.329065 0.026425 -0.000923 -0.193330
769 -0.439364 0.068060 -0.741824 0.236189 -0.010843 -0.711010
770 0.272595 0.025875 -0.102464 0.176904 -0.003497 -0.538650
771 0.226305 0.046225 0.530755 0.088850 -0.001987 -0.392980
772 -1.123095 0.127645 -0.719449 0.057791 -0.001667 -0.199710
773 0.391735 0.075375 0.488655 0.151035 -0.005821 -0.528370
777 -0.877475 0.072515 -1.108401 0.145500 -0.009189 -0.841540
778 0.213545 0.068585 0.112967 0.193632 -0.010389 -0.808810
779 0.213545 0.068585 0.112967 0.193632 -0.010389 -0.808810
780 -1.127855 0.135035 -1.059265 0.196475 -0.013907 -0.469660
781 -0.377205 0.029810 -0.810494 0.199100 -0.003188 -0.454090
782 0.543105 0.024680 0.508825 0.182230 -0.003552 -0.615300
784 -0.864545 0.087895 -1.067376 0.177662 -0.013775 -0.840670
785 -1.805025 0.322745 -1.452828 0.131662 -0.027545 -0.655250
786 0.784115 0.038385 1.040035 0.107045 -0.001886 -0.409610
788 -0.013935 0.023535 -0.170352 0.138106 -0.002366 -0.446400
789 0.972775 0.041000 1.138235 0.197630 -0.007643 -0.232550
792 -1.486675 0.229270 -1.095591 0.084140 -0.011776 -0.576780
793 -0.144114 0.082590 0.228945 0.072489 -0.001364 -0.192590
795 0.074735 0.075940 -0.122548 0.156547 -0.010476 -0.889370
797 -1.392075 0.130140 -1.184817 0.094384 -0.009669 -0.639920
798 -1.021305 0.078515 -0.995262 0.256364 -0.014124 -0.593290
799 0.149535 0.033385 -0.219598 0.153497 -0.003453 -0.614480
800 0.021605 0.041075 0.341095 0.089900 -0.001854 -0.379010
801 0.895175 0.017100 0.597295 0.136055 -0.001408 -0.532100
803 -0.232675 0.071485 0.071874 0.119134 -0.002384 -0.303100
805 -1.229325 0.023420 -1.645819 0.230683 -0.001226 -0.217040
806 -1.487705 0.164120 -1.562642 0.197957 -0.023882 -0.697950
809 0.735465 0.055390 0.749855 0.107565 -0.004895 -0.753030
810 -0.078054 0.042410 -0.863295 0.215320 -0.001145 -0.116710
811 -1.765135 0.294220 -1.477163 0.139105 -0.030125 -0.593290
812 0.136275 0.051275 0.469735 0.141240 -0.002293 -0.342600
814 1.182375 0.036100 1.391495 0.216705 -0.005649 -0.670960
815 -0.957045 0.062600 -1.421590 0.380064 -0.003151 -0.094326
816 0.995675 0.042300 0.957905 0.115880 -0.004039 -0.731290
817 -0.681294 0.172215 -0.642653 0.152353 -0.021543 -0.672630
821 -1.109905 0.077560 -1.306283 0.146209 -0.009712 -0.847790
822 -0.107365 0.052815 -0.041377 0.211428 -0.007718 -0.672230
824 -0.235185 0.098535 0.016986 0.193099 -0.012617 -0.647630
826 0.065725 0.067825 0.389155 0.109755 -0.001041 -0.122070
827 -1.554605 0.032720 -1.925565 0.137615 -0.002886 -0.510960
828 1.316775 0.031000 1.354915 0.207430 -0.004630 -0.449710
829 -0.515185 0.030210 -0.729276 0.192251 -0.004037 -0.563890
830 0.332055 0.058745 0.665285 0.117645 -0.004069 -0.601670
831 1.291676 0.085450 1.708905 0.085790 -0.000223 -0.025080
832 -0.463455 0.048995 -1.251625 0.229903 -0.001390 -0.130010
835 -0.385935 0.045500 -0.385443 0.119944 -0.003960 -0.670340
836 -1.004715 0.141030 -0.771539 0.081894 -0.004153 -0.299040
837 0.535205 0.039115 0.388745 0.131400 -0.004572 -0.767760
838 0.281685 0.019565 0.100761 0.151378 -0.002474 -0.548340
841 0.439275 0.062550 0.525475 0.065870 -0.004201 -0.833180
842 0.072565 0.092285 -0.473415 0.206471 -0.015943 -0.786980
845 -1.208335 0.106370 -1.432549 0.215777 -0.022626 -0.791310
848 -0.254015 0.052835 -0.301416 0.135631 -0.005605 -0.751580
849 0.302205 0.052310 0.532875 0.149510 -0.005311 -0.522200
850 -0.821025 0.092730 -0.919867 0.156019 -0.013054 -0.761550
851 -1.113595 0.066290 -1.795039 0.275761 0.002259 0.120560
852 -0.858905 0.097990 -1.481322 0.320744 -0.000790 -0.026137
853 0.989175 0.050050 0.906825 0.095160 -0.004324 -0.829490
855 0.899975 0.063520 1.305415 0.147435 -0.001860 -0.211500
856 -0.251525 0.021470 -0.901866 0.204114 -0.000154 -0.027064
857 0.045345 0.043730 0.431315 0.034775 -0.000406 -0.137610
858 -0.746345 0.054215 -0.791849 0.130779 -0.004836 -0.519050
860 -1.440205 0.163660 -0.834582 0.086616 -0.004778 -0.357750
862 1.268075 0.034900 1.154335 0.151035 -0.005075 -0.618410
863 0.644775 0.052435 0.710015 0.203125 -0.007700 -0.749060
864 -0.208095 0.060240 -0.175010 0.088031 -0.004618 -0.815700
865 0.502485 0.025540 0.253415 0.159653 -0.003096 -0.621810
866 -0.006645 0.025650 -0.065632 0.164734 -0.003939 -0.668070
867 1.467275 0.052200 0.354265 0.123320 -0.004310 -0.631050
868 -0.263765 0.070555 -0.086400 0.146197 -0.007074 -0.728100
870 -1.043425 0.159410 -1.117117 0.253041 -0.032438 -0.637020
872 0.549075 0.040735 -0.199228 0.223103 -0.004009 -0.369950
875 0.253575 0.030890 -0.077986 0.150872 -0.002381 -0.405520
876 -1.444255 0.210325 -0.554337 0.170974 -0.089800 -0.809290
879 0.386905 0.050250 0.168015 0.139680 -0.006328 -0.775850
880 0.369125 0.035345 -0.367212 0.241827 -0.008164 -0.366950
881 0.520275 0.029525 0.470215 0.165660 -0.004285 -0.705670
883 0.410465 0.098815 0.477305 0.188495 -0.012608 -0.743890
884 0.621295 0.043105 0.766525 0.201815 -0.006593 -0.650190
885 0.002105 0.039935 0.219425 0.165047 -0.004585 -0.541690
886 0.392535 0.075025 0.706265 0.135410 -0.002932 -0.240780
887 -0.195515 0.059685 -0.326816 0.193965 -0.008729 -0.730600
888 0.657025 0.037580 0.940765 0.106855 -0.002107 -0.500890
890 1.220175 0.080950 1.259785 0.116090 -0.009045 -0.791760
891 0.142205 0.078425 -0.294810 0.176550 -0.010681 -0.762480
893 -0.250094 0.068105 -0.767428 0.262868 -0.008040 -0.442090
894 1.065775 0.030300 0.990535 0.134655 -0.004073 -0.735030
897 0.707885 0.034265 0.619145 0.186705 -0.005400 -0.717790
898 1.269575 0.034200 0.908225 0.244015 -0.006926 -0.697690
899 0.611165 0.064185 0.441215 0.130370 -0.007506 -0.811630
901 0.811785 0.031365 0.897745 0.164580 -0.003189 -0.587520
902 0.792695 0.054310 0.952685 0.201510 -0.013116 -0.784700
903 -0.663424 0.163530 -0.519160 0.138411 -0.011499 -0.495650
904 0.078365 0.024645 0.177065 0.147725 -0.001591 -0.412320
906 0.258475 0.050545 0.342275 0.209041 -0.008128 -0.743750
907 0.276465 0.055575 0.663725 0.077215 -0.001122 -0.240750
909 -0.230715 0.078410 -0.323152 0.137883 -0.009861 -0.812630
910 0.524685 0.057185 0.996675 0.074315 -0.000799 -0.161090
911 0.679605 0.055855 0.685975 0.195970 -0.008113 -0.756420
912 0.010995 0.073585 -0.063900 0.197433 -0.011563 -0.797040
913 0.052395 0.063005 0.129880 0.149745 -0.006788 -0.741030
917 1.022975 0.041500 0.999755 0.202945 -0.007489 -0.752760
919 0.168175 0.039230 0.226095 0.182077 -0.004191 -0.591900
922 0.762465 0.041645 1.119195 0.048825 -0.002169 -0.445250
923 0.900075 0.059325 1.203175 0.122485 -0.003955 -0.468260
924 1.130375 0.074950 1.447995 0.162895 -0.004027 -0.239640
925 0.143005 0.055855 -0.104147 0.159102 -0.007579 -0.750510
926 0.378105 0.035805 0.290315 0.147127 -0.004804 -0.746270
930 1.248375 0.039050 1.192645 0.153355 -0.004951 -0.736330
931 0.118035 0.104145 0.538485 0.058015 -0.002681 -0.383340
933 1.768775 0.055350 1.002135 0.155035 -0.003225 -0.404680
934 0.393745 0.048335 0.487655 0.179485 -0.003813 -0.440960
936 -0.033154 0.103565 -0.455047 0.197826 -0.017885 -0.869120
937 0.502535 0.087025 0.357425 0.166820 -0.013150 -0.851620
939 -0.072205 0.065065 0.018427 0.215096 -0.008353 -0.589220
940 0.390985 0.033880 0.497275 0.151705 -0.002609 -0.466180
942 0.494045 0.076075 0.818345 0.139480 -0.000582 -0.065088
944 0.243635 0.053520 0.140384 0.147886 -0.006929 -0.798980
946 0.440955 0.055725 0.882145 0.035825 -0.000035 -0.011531
947 0.582416 0.043265 0.547015 0.165810 -0.005528 -0.719230
948 0.497705 0.052905 0.645315 0.183020 -0.007358 -0.719620
949 1.540675 0.048750 0.630465 0.312270 -0.001158 -0.055831
950 1.165875 0.026800 0.877915 0.146600 -0.002928 -0.521680
952 0.563235 0.093730 0.754995 0.141200 -0.004643 -0.390440
956 0.057475 0.152205 -0.309738 0.244946 -0.031315 -0.884280
958 0.285295 0.066890 -0.247121 0.187278 -0.008374 -0.633230
961 1.270375 0.054400 1.223845 0.160140 -0.006383 -0.740070
964 0.100295 0.066990 0.447735 0.074685 -0.001595 -0.266390
968 1.408075 0.044950 0.366835 0.303073 -0.038959 -0.631800
969 0.638576 0.031390 0.088260 0.185681 -0.003074 -0.448030
970 0.209285 0.056895 0.290245 0.096005 -0.004171 -0.647960
975 0.375305 0.052945 0.831425 0.044560 0.001640 0.332540
976 1.558575 0.043350 1.635395 0.095475 -0.001940 -0.400770
978 0.953275 0.045000 1.350355 0.041160 -0.002269 -0.514910
979 1.297075 0.055100 0.953755 0.240815 -0.011510 -0.751250
981 0.677885 0.065260 0.878525 0.185390 -0.001977 -0.178030
982 0.063285 0.092965 0.392425 0.136745 -0.004123 -0.330600
983 0.901275 0.091590 0.561705 0.155390 -0.012903 -0.893930
984 1.008875 0.043900 1.407875 0.086105 -0.000899 -0.128130
986 -0.514585 0.112615 -0.229382 0.141592 -0.002758 -0.191140
988 0.722955 0.034310 0.759865 0.193865 -0.005563 -0.725020
989 0.166405 0.100355 -0.384065 0.177684 -0.015947 -0.896890
991 0.783665 0.061130 0.717545 0.157785 -0.007729 -0.796460
995 0.900875 0.043295 0.814405 0.100430 -0.003823 -0.707320
996 -0.397885 0.051400 0.112916 0.044925 0.000506 0.181020
997 0.228945 0.062340 0.350165 0.066090 -0.003828 -0.752600
999 0.993975 0.056050 1.324545 0.146415 -0.003184 -0.204260
1003 1.050575 0.034800 1.098205 0.166030 -0.004281 -0.698020
1005 1.005675 0.070800 0.790235 0.115430 -0.007317 -0.900640
1006 0.882075 0.089775 0.717005 0.174875 -0.013741 -0.823880
1007 -0.946675 0.187465 -0.279931 0.113572 -0.015839 -0.832290
1012 -0.078074 0.071330 0.074868 0.069146 -0.004544 -0.741850
1013 1.315575 0.042450 1.310465 0.167675 -0.004382 -0.563690
1015 1.068575 0.041400 0.453875 0.174675 -0.003097 -0.401090
1016 0.973975 0.028500 0.277845 0.214644 -0.011082 -0.514130
1017 0.104325 0.096200 0.438515 0.119375 -0.002074 -0.177650
1018 -0.372845 0.058945 -0.677239 0.180432 -0.006508 -0.577730
1019 -0.410075 0.091430 -0.246025 0.116745 -0.006904 -0.630500
1022 1.722975 0.054650 1.018875 0.277660 -0.026496 -0.557590
1024 1.710475 0.088100 1.530395 0.155380 -0.012946 -0.874190
1027 0.627565 0.062530 0.641355 0.101385 -0.005964 -0.822430
1028 0.946275 0.035450 0.327185 0.166105 -0.002331 -0.306680
1030 0.732875 0.052730 0.205675 0.181361 -0.004517 -0.449530
1031 1.386675 0.061500 0.724215 0.200955 -0.005500 -0.425830
1032 0.852736 0.094005 1.148755 0.112175 -0.000258 -0.027443
1034 0.093575 0.089995 0.216035 0.160800 -0.006414 -0.436690
1035 0.553045 0.039765 0.617065 0.162430 -0.006538 -0.352170
1037 1.731675 0.035250 1.186605 0.214015 -0.015655 -0.612040
1040 0.086125 0.057400 0.513465 0.111980 -0.004270 -0.621570
