# x xerr y yerr ymodel yresidual
0.988175 0.056250 1.120425 0.135205 0.903237 0.217188
1.032775 0.108100 0.841935 0.190395 0.944318 -0.102383
0.239765 0.103310 0.446735 0.052540 0.213872 0.232863
0.032295 0.066415 0.343305 0.129295 0.022770 0.320535
0.462965 0.073325 0.213715 0.270148 0.419463 -0.205748
0.115135 0.066900 0.308085 0.122425 0.099075 0.209010
0.056135 0.057575 0.251725 0.185885 0.044729 0.206996
0.876875 0.040450 0.848845 0.170950 0.800718 0.048127
0.862525 0.064445 0.721145 0.117190 0.787500 -0.066355
0.265115 0.041355 0.169325 0.213029 0.237222 -0.067897
0.698895 0.016390 0.464065 0.145705 0.636780 -0.172715
0.100945 0.038730 -0.522938 0.325494 0.086004 -0.608942
0.706155 0.053100 0.755105 0.162035 0.643466 0.111639
0.324105 0.085225 0.092486 0.151021 0.291558 -0.199072
-0.045444 0.087130 0.266455 0.119339 -0.048836 0.315291
-0.054285 0.059555 -0.088711 0.207867 -0.056979 -0.031732
0.164385 0.062760 0.585315 0.062285 0.144439 0.440876
1.781875 0.045400 1.975565 0.158230 1.634318 0.341247
-0.108905 0.066290 0.215225 0.107180 -0.107290 0.322515
0.211705 0.095525 0.047493 0.274960 0.188026 -0.140533
0.784725 0.050410 1.090965 0.139885 0.715838 0.375127
1.285775 0.038600 1.398595 0.232510 1.177358 0.221237
0.823265 0.035450 0.874915 0.154840 0.751337 0.123578
1.234875 0.068200 0.892195 0.138965 1.130473 -0.238278
1.631975 0.107400 1.145195 0.232690 1.496245 -0.351050
0.313715 0.060655 0.571135 0.130715 0.281988 0.289147
0.761155 0.028590 0.877355 0.164770 0.694127 0.183228
0.388285 0.060895 0.777425 0.054825 0.350674 0.426751
-0.066785 0.051110 0.174655 0.151883 -0.068493 0.243148
0.072235 0.079180 0.162807 0.187961 0.059559 0.103248
0.530985 0.066570 0.259315 0.170136 0.482116 -0.222801
-0.157195 0.071360 0.223605 0.126991 -0.151771 0.375376
0.534585 0.035085 0.907285 0.029810 0.485432 0.421853
0.130645 0.071395 0.550635 0.038260 0.113361 0.437274
0.222685 0.042460 0.380355 0.186655 0.198139 0.182216
-0.365515 0.078445 0.120307 0.080100 -0.343655 0.463962
0.328185 0.049100 0.732485 0.056915 0.295316 0.437169
0.366505 0.045495 0.716325 0.065820 0.330612 0.385713
0.146305 0.064370 0.587065 0.034875 0.127785 0.459280
0.110305 0.045815 0.596015 0.064640 0.094625 0.501390
-0.960705 0.147300 -0.640164 0.073330 -0.891888 0.251724
0.050275 0.069750 0.236985 0.142716 0.039331 0.197654
1.048375 0.095750 1.329115 0.155300 0.958688 0.370427
0.872575 0.039560 0.640565 0.116515 0.796757 -0.156192
0.676645 0.067625 -0.038527 0.146406 0.616285 -0.654812
-0.070935 0.120575 0.135088 0.062002 -0.072316 0.207404
-0.185735 0.147280 -0.131942 0.104263 -0.178059 0.046117
0.562675 0.048145 0.107281 0.220689 0.511307 -0.404026
-0.027395 0.054365 0.394285 0.034095 -0.032211 0.426496
0.136175 0.067600 0.426765 0.147840 0.118455 0.308310
0.058425 0.074190 0.026743 0.159387 0.046838 -0.020095
0.670625 0.056995 0.902625 0.173845 0.610739 0.291886
1.599276 0.040600 0.648415 0.419390 1.466125 -0.817710
1.229575 0.064150 0.845025 0.136165 1.125592 -0.280567
0.568105 0.040110 0.783705 0.169060 0.516308 0.267397
0.837185 0.052615 1.259825 0.050415 0.764159 0.495666
0.429515 0.037650 0.856505 0.023820 0.388652 0.467853
1.081475 0.109100 0.939965 0.260985 0.989176 -0.049211
0.768185 0.048115 0.994265 0.163575 0.700602 0.293663
1.131175 0.061950 1.190415 0.198250 1.034955 0.155460
0.205005 0.098010 -0.459229 0.177195 0.181854 -0.641083
-0.007375 0.079060 -0.307402 0.179963 -0.013770 -0.293632
1.011476 0.043400 1.131775 0.173345 0.924699 0.207076
0.130816 0.058755 0.513595 0.039165 0.113518 0.400077
0.441665 0.070450 0.402975 0.118495 0.399843 0.003132
0.948375 0.023950 0.722725 0.153125 0.866577 -0.143852
0.728285 0.049875 0.803805 0.133825 0.663850 0.139955
0.077146 0.101600 0.422145 0.067245 0.064082 0.358063
0.978476 0.063100 -1.034473 0.656532 0.894303 -1.928776
0.803185 0.045875 1.161325 0.044085 0.732842 0.428483
-0.015025 0.069030 0.295505 0.140241 -0.020817 0.316322
-0.138065 0.074655 -0.662386 0.240530 -0.134150 -0.528236
0.876075 0.047570 0.897915 0.182420 0.799981 0.097934
0.246215 0.081220 -0.025416 0.189563 0.219813 -0.245229
0.931475 0.045950 0.930245 0.188360 0.851010 0.079235
0.147745 0.076935 0.565955 0.135155 0.129112 0.436843
0.497055 0.061290 0.237305 0.118685 0.450863 -0.213558
0.878875 0.047025 1.203145 0.110525 0.802560 0.400585
1.505675 0.096000 0.673645 0.171085 1.379909 -0.706264
-0.072335 0.083370 -0.171667 0.255381 -0.073606 -0.098061
-0.377835 0.051875 -0.051682 0.092427 -0.355004 0.303322
0.586966 0.041570 0.675915 0.171770 0.533680 0.142235
1.389775 0.033600 -0.542896 0.709757 1.273153 -1.816049
-0.448825 0.071900 -0.210975 0.174963 -0.420392 0.209417
0.626125 0.040910 0.621005 0.182550 0.569751 0.051254
0.886675 0.050840 -0.620457 0.697182 0.809744 -1.430202
-0.867705 0.170525 -0.636724 0.114563 -0.806226 0.169502
1.332875 0.057550 1.403695 0.187690 1.220742 0.182953
0.607055 0.044980 0.754035 0.200335 0.552185 0.201850
1.933275 0.046500 1.416885 0.139960 1.773774 -0.356889
0.715225 0.093665 1.044235 0.180070 0.651821 0.392414
-0.059885 0.087185 0.220015 0.121679 -0.062138 0.282153
-0.400875 0.062430 0.144566 0.048988 -0.376226 0.520792
0.437165 0.034270 0.752405 0.076970 0.395698 0.356707
-0.542745 0.175730 -0.278493 0.074224 -0.506903 0.228410
1.192676 0.028800 1.241035 0.171280 1.091604 0.149432
1.149776 0.025550 0.968125 0.158195 1.052088 -0.083963
0.026995 0.066380 0.200605 0.223243 0.017888 0.182717
0.551975 0.042785 0.871435 0.094315 0.501451 0.369984
0.575365 0.047765 0.370325 0.151755 0.522995 -0.152670
0.547485 0.088995 0.457155 0.112100 0.497315 -0.040160
0.314605 0.072430 -0.106086 0.175189 0.282807 -0.388893
0.380715 0.042690 0.363195 0.152605 0.343702 0.019493
-0.222795 0.093590 -0.057608 0.058686 -0.212195 0.154587
1.613475 0.044350 -0.434298 0.140350 1.479204 -1.913502
-0.156825 0.086175 -0.234628 0.217208 -0.151430 -0.083198
1.163176 0.022300 1.306525 0.137840 1.064431 0.242094
0.153075 0.092990 0.408765 0.152185 0.134021 0.274744
0.200675 0.051490 0.385615 0.171605 0.177866 0.207749
0.876375 0.074520 1.053915 0.260805 0.800257 0.253658
0.138535 0.065440 0.569445 0.036240 0.120629 0.448816
0.307905 0.050765 0.686605 0.043810 0.276636 0.409969
0.670055 0.049655 1.006585 0.075280 0.610215 0.396370
0.465005 0.047825 0.649225 0.165400 0.421342 0.227883
0.425845 0.060645 0.489365 0.071115 0.385271 0.104094
1.721675 0.021200 1.318615 0.134575 1.578868 -0.260253
0.082015 0.039255 0.162326 0.199379 0.068567 0.093759
0.499065 0.082895 0.896485 0.117175 0.452715 0.443770
0.114785 0.053655 0.560445 0.049890 0.098752 0.461693
0.783805 0.057810 1.125315 0.097125 0.714990 0.410325
0.894775 0.050365 0.882785 0.166025 0.817206 0.065579
-0.228365 0.083880 -0.318215 0.273697 -0.217325 -0.100890
0.348866 0.085535 0.728475 0.102900 0.314365 0.414110
0.484965 0.047415 0.890165 0.027830 0.439727 0.450438
0.722595 0.025830 0.809405 0.163955 0.658610 0.150795
0.325405 0.075240 0.629215 0.180245 0.292755 0.336460
0.362395 0.054260 0.476015 0.214045 0.326827 0.149188
-0.041915 0.028070 -0.398214 0.190849 -0.045585 -0.352629
0.594405 0.046325 0.577425 0.116365 0.540533 0.036892
1.601475 0.061450 0.803395 0.135840 1.468151 -0.664756
0.369215 0.050415 0.833695 0.031730 0.333109 0.500586
0.619355 0.035230 0.658785 0.173185 0.563515 0.095270
-0.211385 0.054690 -0.168806 0.176481 -0.201685 0.032879
0.842936 0.047625 1.155375 0.080110 0.769456 0.385919
0.820405 0.081935 1.183165 0.109725 0.748703 0.434462
0.330265 0.085690 0.278905 0.188146 0.297232 -0.018327
0.097995 0.039620 0.109528 0.198050 0.083286 0.026242
0.258145 0.054160 0.664535 0.037160 0.230802 0.433733
-0.002105 0.102850 -0.067624 0.133051 -0.008916 -0.058708
0.923075 0.060900 1.314495 0.051555 0.843273 0.471222
0.016706 0.065970 0.177595 0.095568 0.008410 0.169185
-0.175045 0.088680 -0.155667 0.131123 -0.168212 0.012545
-0.258725 0.087900 -0.150470 0.200741 -0.245290 0.094820
0.741065 0.136430 0.636575 0.169080 0.675622 -0.039047
-0.356095 0.056170 -0.039590 0.118532 -0.334979 0.295389
-0.047555 0.073355 0.235085 0.143487 -0.050780 0.285865
0.608885 0.034615 0.769165 0.163420 0.553870 0.215295
0.366765 0.056775 0.227415 0.130929 0.330852 -0.103437
0.395935 0.073165 0.674025 0.199600 0.357721 0.316304
0.376165 0.083865 0.303515 0.266910 0.339511 -0.035996
0.369585 0.036960 0.764335 0.023615 0.333450 0.430885
0.249015 0.083890 0.653975 0.075565 0.222392 0.431583
0.139435 0.056905 0.494245 0.060610 0.121457 0.372788
0.389385 0.062535 0.386105 0.087740 0.351688 0.034417
0.900875 0.032200 1.157275 0.108845 0.822824 0.334451
0.821605 0.048060 1.037575 0.171985 0.749808 0.287767
-1.529035 0.319455 -0.936040 0.112702 -1.415381 0.479341
0.470815 0.043850 0.593205 0.171260 0.426693 0.166512
1.437375 0.059350 -1.568263 1.403437 1.316998 -2.885261
0.517525 0.033825 0.555355 0.152255 0.469718 0.085637
-1.473715 0.160655 -1.678522 0.311019 -1.364425 -0.314097
-1.374835 0.158405 -0.951558 0.125609 -1.273346 0.321788
-0.326115 0.071170 -0.030595 0.145823 -0.307363 0.276768
-0.628284 0.192960 -0.687115 0.186754 -0.585694 -0.101421
-0.720205 0.034255 -0.468034 0.138403 -0.670363 0.202329
-0.085635 0.095770 0.273965 0.106665 -0.085856 0.359821
-0.109815 0.042185 0.351375 0.032535 -0.108128 0.459503
-1.373035 0.120765 -0.936764 0.134485 -1.271688 0.334924
-0.466905 0.093990 -0.289345 0.157708 -0.437046 0.147701
-0.315315 0.077880 -0.244521 0.163456 -0.297416 0.052895
0.052645 0.055370 0.105560 0.103414 0.041514 0.064046
-1.047765 0.136910 -1.149597 0.181975 -0.972080 -0.177517
-0.579325 0.038705 -0.736293 0.206216 -0.540597 -0.195696
-0.048145 0.038735 -0.065737 0.194305 -0.051324 -0.014413
-0.538525 0.023145 -0.803632 0.164639 -0.503015 -0.300617
0.418805 0.036495 0.518615 0.179815 0.378787 0.139828
-0.277425 0.056305 0.099314 0.069490 -0.262515 0.361829
-0.289414 0.065450 -0.517111 0.153870 -0.273559 -0.243552
0.629126 0.068655 0.817715 0.185430 0.572514 0.245201
-1.381605 0.263015 -1.098678 0.125892 -1.279582 0.180904
-1.417925 0.304005 -0.953263 0.125304 -1.313036 0.359773
-0.631124 0.043015 -0.279910 0.066317 -0.588310 0.308400
-1.528455 0.224025 -1.479090 0.168279 -1.414846 -0.064244
-0.871035 0.165680 -0.619604 0.088317 -0.809292 0.189688
0.440655 0.076040 0.356695 0.194050 0.398913 -0.042218
-2.057775 0.182160 -1.345281 0.086155 -1.902406 0.557125
0.541445 0.039340 0.897085 0.043085 0.491751 0.405334
-0.582475 0.060135 -0.584233 0.112606 -0.543498 -0.040735
0.377325 0.023795 0.381295 0.198130 0.340579 0.040716
0.114255 0.088425 0.464865 0.109325 0.098264 0.366601
-0.914635 0.046570 -0.740679 0.176099 -0.849453 0.108774
-0.577044 0.062280 -0.513624 0.090116 -0.538496 0.024872
-0.560295 0.053395 -0.326970 0.120020 -0.523068 0.196098
-1.014645 0.077960 -1.106228 0.140361 -0.941572 -0.164656
-1.163155 0.077395 -1.044644 0.134539 -1.078366 0.033722
0.622766 0.041840 1.015225 0.035855 0.566656 0.448569
0.256155 0.060310 0.016085 0.162630 0.228969 -0.212884
1.315875 0.053950 0.455395 0.099530 1.205083 -0.749688
-1.261165 0.127730 -1.509435 0.245449 -1.168644 -0.340791
-0.325035 0.051515 -0.320927 0.178898 -0.306369 -0.014558
-1.156595 0.254760 -0.918136 0.132563 -1.072324 0.154188
-0.306895 0.025950 -0.339642 0.174118 -0.289660 -0.049982
-1.217725 0.138575 -0.940714 0.165738 -1.128631 0.187917
-0.530005 0.062085 -0.829283 0.170032 -0.495168 -0.334116
-0.711615 0.021020 -1.126868 0.190651 -0.662450 -0.464418
0.267745 0.076005 0.661355 0.081310 0.239644 0.421711
-1.298645 0.150835 -1.242943 0.147136 -1.203167 -0.039776
-0.685995 0.023375 -1.053385 0.166148 -0.638851 -0.414534
-0.995225 0.049185 -1.115541 0.188816 -0.923685 -0.191856
-0.810055 0.148205 -0.615876 0.090435 -0.753123 0.137247
-1.615785 0.106570 -1.019370 0.105131 -1.495286 0.475916
0.145165 0.033870 0.297855 0.168729 0.126736 0.171119
-0.807245 0.138205 -0.703816 0.164810 -0.750536 0.046720
0.609125 0.056880 0.900895 0.202545 0.554092 0.346803
-0.737715 0.060040 -0.946403 0.191604 -0.686491 -0.259912
-1.118665 0.088530 -1.587807 0.295069 -1.037386 -0.550421
0.844595 0.038875 1.132755 0.119995 0.770984 0.361771
0.837626 0.042615 1.124725 0.140650 0.764565 0.360160
0.497095 0.035455 0.659975 0.141790 0.450900 0.209075
-0.675415 0.086695 -0.405926 0.034221 -0.629106 0.223180
-0.921895 0.145115 -0.765494 0.112554 -0.856140 0.090646
-0.138925 0.060750 0.181675 0.079758 -0.134941 0.316616
0.188766 0.042115 0.509195 0.116025 0.166896 0.342299
0.073475 0.032750 0.083052 0.157844 0.060701 0.022351
-0.640445 0.104050 -0.799220 0.133362 -0.596895 -0.202325
0.174405 0.082260 0.239545 0.153036 0.153668 0.085877
0.022645 0.046960 0.126180 0.171222 0.013881 0.112299
-1.293565 0.150985 -1.465980 0.279169 -1.198488 -0.267493
-1.165315 0.053335 -0.728917 0.112808 -1.080356 0.351439
0.778725 0.072655 1.119995 0.142480 0.710311 0.409684
-0.499265 0.090810 -0.524575 0.145599 -0.466853 -0.057722
-0.261645 0.053505 -0.272905 0.157762 -0.247980 -0.024925
0.037705 0.051995 -0.051573 0.151270 0.027754 -0.079327
0.733195 0.061585 1.100165 0.070975 0.668373 0.431792
-1.451705 0.245155 -0.652409 0.116741 -1.344151 0.691742
-0.061325 0.077150 -0.247046 0.111587 -0.063464 -0.183582
-0.923244 0.164000 -0.786674 0.115091 -0.857383 0.070709
0.804885 0.104960 0.686955 0.277880 0.734407 -0.047452
0.857326 0.022220 0.700515 0.160290 0.782711 -0.082196
-1.492095 0.127740 -1.659438 0.334289 -1.381355 -0.278083
0.204195 0.062320 0.529775 0.117860 0.181108 0.348667
1.135675 0.114800 1.139675 0.144070 1.039100 0.100575
-1.180085 0.171340 -0.550933 0.082465 -1.093960 0.543027
-0.408555 0.040080 -0.314414 0.181638 -0.383300 0.068886
-0.481105 0.071710 -0.855330 0.194914 -0.450126 -0.405204
-0.502695 0.114485 0.035310 0.070290 -0.470013 0.505323
0.380405 0.080390 0.553165 0.187350 0.343417 0.209748
0.369175 0.081070 0.630785 0.158125 0.333072 0.297713
-0.686045 0.112045 -0.392110 0.124275 -0.638897 0.246787
-0.034425 0.044175 -0.439318 0.209108 -0.038686 -0.400632
-1.072685 0.090130 -1.606827 0.350828 -0.995034 -0.611793
-0.693954 0.058495 -0.524006 0.173222 -0.646183 0.122177
-1.132995 0.074900 -1.013812 0.129091 -1.050585 0.036773
-1.338415 0.096355 -1.451225 0.233770 -1.239799 -0.211426
-1.026424 0.083185 -0.720926 0.140504 -0.952423 0.231497
-1.106495 0.141070 -0.995961 0.105899 -1.026176 0.030215
0.173115 0.086635 0.036222 0.276005 0.152480 -0.116258
-0.337845 0.082250 -0.012848 0.149650 -0.318168 0.305320
-1.798785 0.126190 -1.513933 0.074152 -1.663849 0.149916
-0.779155 0.030320 -0.940612 0.162188 -0.724661 -0.215951
-1.492755 0.110900 -1.661126 0.209838 -1.381963 -0.279163
-0.930825 0.127590 -0.910236 0.136035 -0.864366 -0.045870
-1.040114 0.094385 -1.137053 0.163868 -0.965033 -0.172020
-1.073515 0.068635 -0.917792 0.060500 -0.995798 0.078006
-0.268825 0.073060 0.159670 0.048756 -0.254593 0.414263
-1.484765 0.175805 -1.213657 0.107602 -1.374603 0.160946
-0.751534 0.040115 -1.062141 0.185904 -0.699220 -0.362921
-0.164675 0.029035 -0.152762 0.166967 -0.158660 0.005898
0.265905 0.074760 0.541745 0.147615 0.237950 0.303795
-1.593885 0.268190 -1.384154 0.156475 -1.475114 0.090960
-0.329415 0.034065 -0.787342 0.316166 -0.310404 -0.476939
0.009895 0.037185 0.209455 0.151044 0.002137 0.207318
-1.301755 0.119305 -1.233656 0.143457 -1.206032 -0.027624
-0.461915 0.026070 -0.797473 0.283787 -0.432450 -0.365024
0.312165 0.039360 0.740215 0.025090 0.280560 0.459655
-0.397355 0.058615 -2.800415 1.067884 -0.372983 -2.427432
0.843195 0.028960 0.562755 0.180945 0.769695 -0.206940
-1.024645 0.088910 -1.104014 0.165929 -0.950784 -0.153230
-0.578325 0.090375 -0.290167 0.159220 -0.539676 0.249509
-0.061035 0.037425 -0.109521 0.144115 -0.063197 -0.046324
-0.445955 0.210320 -0.232500 0.084202 -0.417749 0.185249
-1.517225 0.117300 -1.404980 0.113687 -1.404502 -0.000478
-0.785035 0.069705 -0.851497 0.185488 -0.730078 -0.121419
-0.250175 0.053100 0.121146 0.040678 -0.237414 0.358560
-0.266075 0.187440 -0.511633 0.335291 -0.252061 -0.259572
-0.952295 0.083075 -0.753019 0.093350 -0.884142 0.131123
-0.809565 0.090100 -1.190588 0.314745 -0.752672 -0.437916
-0.115635 0.050890 0.041278 0.119456 -0.113489 0.154767
-0.112595 0.052425 0.058721 0.128539 -0.110689 0.169410
-1.113075 0.221885 -0.978123 0.165474 -1.032238 0.054115
-1.038575 0.083205 -2.524015 1.170368 -0.963615 -1.560400
-0.958895 0.293905 -0.618617 0.101727 -0.890221 0.271604
-1.594675 0.231510 -1.221693 0.136539 -1.475842 0.254149
-0.768295 0.192945 -0.685572 0.122382 -0.714659 0.029087
-2.495115 0.350025 -1.935135 0.126683 -2.305242 0.370107
-0.433425 0.051135 -0.353339 0.189722 -0.406208 0.052868
-0.512685 0.033025 -0.536784 0.212189 -0.479214 -0.057570
-0.444885 0.105055 -0.469822 0.132886 -0.416764 -0.053058
-0.868035 0.086375 -1.245888 0.250014 -0.806530 -0.439358
-2.027415 0.052030 -0.346601 0.278672 -1.874441 1.527840
-1.227845 0.174655 -1.055248 0.113458 -1.137952 0.082704
-0.762215 0.122885 -0.334563 0.082614 -0.709058 0.374495
-0.678494 0.144880 -0.279909 0.069065 -0.631942 0.352033
-0.573205 0.071115 -0.863152 0.157452 -0.534960 -0.328192
-1.136684 0.042425 -2.017935 0.348289 -1.053984 -0.963951
-0.870305 0.034035 -1.403287 0.332583 -0.808620 -0.594667
-0.979345 0.083590 -1.095021 0.204074 -0.909058 -0.185963
-1.289975 0.067525 -1.494435 0.199564 -1.195181 -0.299254
-0.610185 0.151375 -0.358943 0.058500 -0.569022 0.210079
0.820685 0.041835 1.115805 0.072295 0.748961 0.366844
-0.940885 0.054895 -1.125883 0.262468 -0.873632 -0.252251
0.192145 0.099310 0.243895 0.209472 0.170009 0.073886
-1.687355 0.233175 -0.890543 0.093824 -1.561210 0.670667
0.085155 0.017720 -0.121836 0.193338 0.071460 -0.193296
0.546515 0.114965 0.390245 0.265830 0.496422 -0.106177
0.231835 0.038940 0.704045 0.050050 0.206568 0.497477
0.146845 0.117805 0.203815 0.332343 0.128283 0.075532
-0.933355 0.080355 -0.832331 0.113827 -0.866696 0.034365
-0.745725 0.105285 -0.333385 0.123259 -0.693869 0.360484
-1.016965 0.127405 -0.531298 0.103966 -0.943710 0.412412
-1.453085 0.119170 -1.264776 0.120568 -1.345423 0.080647
0.303685 0.045025 0.665205 0.062880 0.272749 0.392456
0.290976 0.051010 0.631815 0.092865 0.261042 0.370773
-1.588465 0.193915 -0.697615 0.106989 -1.470122 0.772507
-1.803195 0.192860 -1.359232 0.096313 -1.667911 0.308679
0.007475 0.044370 0.311395 0.089405 -0.000092 0.311487
-1.025835 0.036120 -5.517755 1.811200 -0.951880 -4.565875
-0.265665 0.041920 -0.298813 0.169818 -0.251683 -0.047130
-0.265665 0.041920 -0.298813 0.169818 -0.251683 -0.047130
-0.122615 0.062410 0.154805 0.130766 -0.119918 0.274723
0.014545 0.042975 -0.014914 0.175548 0.006421 -0.021335
1.108675 0.039150 1.251125 0.149480 1.014230 0.236895
1.105075 0.035900 1.280455 0.140585 1.010914 0.269541
-1.600115 0.256450 -1.156614 0.116306 -1.480853 0.324239
-0.979935 0.066730 -0.913420 0.099413 -0.909601 -0.003819
-0.876135 0.056475 -0.978665 0.148279 -0.813990 -0.164675
-1.247385 0.061290 -1.164812 0.180599 -1.155951 -0.008861
0.605045 0.062580 -0.698081 0.305585 0.550334 -1.248415
-0.911065 0.205005 -0.593923 0.073237 -0.846165 0.252242
-1.495975 0.066340 -1.226469 0.147047 -1.384929 0.158460
-0.899035 0.100580 -1.191959 0.199459 -0.835083 -0.356876
-1.338135 0.240455 -1.110859 0.141338 -1.239541 0.128682
0.039625 0.022185 -0.090177 0.155507 0.029522 -0.119699
-0.743675 0.057105 -0.993236 0.217313 -0.691981 -0.301255
-1.587905 0.135420 -1.615915 0.192926 -1.469606 -0.146309
-1.092435 0.069710 -1.544464 0.242979 -1.013226 -0.531238
0.087575 0.033975 0.235465 0.145443 0.073689 0.161776
0.085605 0.064105 0.035684 0.144728 0.071874 -0.036190
-1.869255 0.143550 -0.836400 0.061344 -1.728759 0.892360
0.291715 0.037115 0.635255 0.064960 0.261723 0.373532
0.395215 0.040770 0.650005 0.134680 0.357058 0.292947
-0.792715 0.058340 -2.339825 0.994633 -0.737152 -1.602673
-1.718065 0.225620 -1.438807 0.123162 -1.589497 0.150690
-1.512055 0.123230 -1.799016 0.255347 -1.399740 -0.399276
-1.058235 0.099170 -1.129674 0.190892 -0.981724 -0.147950
-1.265705 0.094505 -1.628111 0.348975 -1.172826 -0.455285
-0.934725 0.098880 -1.261854 0.264205 -0.867958 -0.393896
-0.718985 0.131835 -0.259553 0.051618 -0.669238 0.409685
-0.309365 0.023945 -6.176295 3.468680 -0.291935 -5.884359
-0.345085 0.059905 -0.364047 0.116470 -0.324837 -0.039210
-1.704595 0.209695 -1.355674 0.087689 -1.577090 0.221416
-1.452285 0.211210 -1.143826 0.097177 -1.344686 0.200860
0.003005 0.044820 -0.454399 0.154928 -0.004209 -0.450190
0.008035 0.050535 -0.428314 0.170203 0.000424 -0.428738
-1.336185 0.113670 -1.447794 0.176153 -1.237745 -0.210049
-0.715215 0.050105 -0.341709 0.076348 -0.665766 0.324057
0.615635 0.051475 0.975715 0.096320 0.560088 0.415627
-1.685135 0.092815 -1.626397 0.149194 -1.559165 -0.067232
-0.585915 0.043945 -1.204071 0.171083 -0.546667 -0.657404
-2.022545 0.242300 -1.536975 0.098232 -1.869956 0.332981
-0.750814 0.067220 -0.794452 0.135602 -0.698557 -0.095895
-0.874155 0.055530 -0.886368 0.199643 -0.812167 -0.074201
-0.519165 0.109820 -0.240285 0.119442 -0.485183 0.244898
-0.952925 0.085515 -0.985296 0.098910 -0.884722 -0.100574
-1.019965 0.046805 -1.152604 0.082820 -0.946473 -0.206131
0.556165 0.071550 0.938795 0.067595 0.505310 0.433485
0.515855 0.064445 0.830885 0.165700 0.468180 0.362705
-0.226954 0.043775 0.135060 0.047301 -0.216026 0.351086
-1.688685 0.215185 -1.746608 0.229245 -1.562435 -0.184173
-1.387285 0.050460 -1.451554 0.107604 -1.284814 -0.166741
-0.830025 0.045425 -1.048348 0.176733 -0.771518 -0.276830
-2.103815 0.345530 -1.800707 0.174109 -1.944814 0.144107
-0.035785 0.067940 -0.622954 0.197705 -0.039939 -0.583015
-0.335975 0.076870 -0.004944 0.077387 -0.316445 0.311501
-0.730635 0.087975 -0.712507 0.112766 -0.679969 -0.032538
-1.754485 0.101305 -1.519293 0.066992 -1.623044 0.103751
-0.194654 0.067740 0.221545 0.095902 -0.186275 0.407820
0.464585 0.027580 0.080175 0.141993 0.420955 -0.340780
0.559965 0.047785 0.811095 0.178670 0.508810 0.302285
-1.756395 0.264190 -0.855676 0.110223 -1.624803 0.769127
-0.438225 0.052285 -1.046473 0.215321 -0.410629 -0.635844
-1.555315 0.250990 -0.207388 0.380733 -1.439587 1.232199
-0.844415 0.116670 -0.997985 0.200090 -0.784773 -0.213212
-1.206095 0.079825 -1.217219 0.153891 -1.117918 -0.099301
-1.761585 0.085230 -1.729039 0.118978 -1.629584 -0.099455
-0.180285 0.072950 0.155595 0.104864 -0.173038 0.328633
-1.710665 0.191220 -1.374282 0.106150 -1.582681 0.208399
-2.220475 0.254570 -1.641450 0.129108 -2.052270 0.410820
-0.992405 0.242115 -0.520257 0.087454 -0.921087 0.400830
0.133255 0.064345 -0.229558 0.132713 0.115765 -0.345323
0.356145 0.036375 0.230775 0.166863 0.321070 -0.090295
0.040875 0.054005 0.103209 0.175277 0.030673 0.072536
0.032765 0.046330 0.141358 0.174163 0.023203 0.118155
-1.382925 0.215080 -0.986344 0.090030 -1.280798 0.294454
0.764875 0.048565 1.002485 0.148755 0.697554 0.304931
-1.455945 0.151690 -1.058945 0.090252 -1.348057 0.289112
-0.796765 0.050380 -0.842535 0.185852 -0.740883 -0.101652
-1.287915 0.070630 -1.333121 0.115325 -1.193283 -0.139838
-0.854875 0.072660 -1.108592 0.193501 -0.794407 -0.314185
0.396065 0.026020 0.254965 0.181379 0.357840 -0.102876
-0.609595 0.036445 -0.593060 0.198028 -0.568479 -0.024581
-1.442675 0.304155 -1.513160 0.332992 -1.335834 -0.177326
-0.667145 0.050185 -0.523449 0.183034 -0.621488 0.098039
-1.307315 0.113595 -1.412533 0.198387 -1.211153 -0.201380
-0.900535 0.131640 -0.749976 0.099308 -0.836465 0.086489
-1.579275 0.099065 -0.248508 0.085893 -1.461657 1.213149
0.560205 0.058050 1.021855 0.038140 0.509031 0.512824
-0.397375 0.058795 -0.112787 0.184304 -0.373002 0.260215
0.416455 0.032515 0.658655 0.121515 0.376622 0.282033
-0.303275 0.088325 -0.491167 0.150652 -0.286326 -0.204841
-1.257695 0.131535 -1.077471 0.155623 -1.165447 0.087976
0.232355 0.043055 0.527885 0.124925 0.207047 0.320838
-1.760675 0.263610 -1.446338 0.120038 -1.628746 0.182408
-0.932535 0.070710 -0.911078 0.210658 -0.865941 -0.045137
0.977076 0.029250 1.110115 0.170840 0.893013 0.217102
-0.986885 0.128265 -0.745231 0.095766 -0.916003 0.170772
-1.888025 0.208715 -1.531865 0.103882 -1.746048 0.214183
-1.572525 0.226740 -1.273391 0.136838 -1.455439 0.182048
-0.697215 0.083900 -1.329839 0.298658 -0.649186 -0.680653
-0.414295 0.067360 -0.281515 0.057453 -0.388587 0.107072
-0.460595 0.081370 -0.277669 0.051505 -0.431234 0.153565
-0.745145 0.077490 -1.181405 0.254762 -0.693335 -0.488070
-0.546775 0.060275 -0.529185 0.122314 -0.510615 -0.018570
-0.316105 0.051530 -0.212254 0.133172 -0.298143 0.085889
-1.341145 0.050855 -1.392585 0.184743 -1.242314 -0.150271
0.465895 0.036290 0.564625 0.174495 0.422161 0.142464
-1.575885 0.156160 -1.649720 0.243421 -1.458534 -0.191186
0.226595 0.062705 0.284585 0.069985 0.201741 0.082844
-1.043785 0.088615 -1.440801 0.325345 -0.968414 -0.472387
-0.271755 0.110760 -0.022425 0.092041 -0.257293 0.234868
0.371455 0.043965 0.796135 0.075865 0.335172 0.460963
-0.876435 0.105490 -1.335486 0.154160 -0.814267 -0.521219
-0.716485 0.065095 -0.675417 0.171408 -0.666936 -0.008481
-1.935475 0.435575 -1.438909 0.183756 -1.789755 0.350846
0.391105 0.026635 0.547085 0.151800 0.353272 0.193813
0.390875 0.027725 0.531325 0.153455 0.353060 0.178265
0.665155 0.046375 0.989865 0.104350 0.605702 0.384163
-1.192405 0.136505 -0.919324 0.046174 -1.105308 0.185985
0.220995 0.076285 0.375205 0.271719 0.196583 0.178622
-1.981635 0.171965 -2.107205 0.229780 -1.832273 -0.274932
0.178655 0.024510 0.534325 0.027985 0.157583 0.376742
0.243385 0.059500 0.650465 0.033990 0.217207 0.433259
-1.777975 0.106320 -1.779021 0.141572 -1.644681 -0.134340
-0.047105 0.091645 0.151617 0.071075 -0.050366 0.201983
-0.449065 0.053555 -0.007158 0.037982 -0.420614 0.413456
-2.187565 0.190565 -2.023725 0.149035 -2.021956 -0.001769
-0.316805 0.039800 -0.078909 0.127071 -0.298788 0.219879
-0.752185 0.081170 -0.833814 0.144249 -0.699819 -0.133995
0.318525 0.024195 0.374805 0.125230 0.286418 0.088387
0.862735 0.029530 0.995365 0.157120 0.787693 0.207672
-1.023785 0.056485 -1.050528 0.195833 -0.949991 -0.100537
-0.739855 0.158965 -0.743397 0.133570 -0.688462 -0.054935
-0.716155 0.064435 -0.972328 0.203102 -0.666632 -0.305696
-1.251105 0.046245 -1.641678 0.249831 -1.159377 -0.482301
-0.764085 0.072845 -2.331105 0.470179 -0.710780 -1.620325
0.275875 0.030550 0.027215 0.199492 0.247133 -0.219918
0.592575 0.054940 0.312805 0.107890 0.538847 -0.226042
-1.117265 0.107740 -1.091762 0.149550 -1.036096 -0.055666
1.058175 0.037450 1.294965 0.171550 0.967714 0.327251
-1.179255 0.151595 -1.517606 0.269752 -1.093196 -0.424410
-1.095405 0.050515 -2.584545 0.573930 -1.015961 -1.568584
-0.944715 0.073730 -0.862286 0.178122 -0.877159 0.014874
-0.355045 0.016170 -0.632629 0.163707 -0.334012 -0.298617
-0.324594 0.015545 -0.626980 0.159608 -0.305963 -0.321017
-0.796005 0.069500 -0.587352 0.165398 -0.740182 0.152830
-1.126715 0.075085 -0.981656 0.166854 -1.044801 0.063145
-0.125405 0.051885 0.004944 0.203020 -0.122489 0.127433
-1.578405 0.193405 -1.429803 0.152368 -1.460855 0.031052
-1.216045 0.084975 -0.801914 0.119856 -1.127084 0.325170
-1.365845 0.033940 -1.688233 0.152404 -1.265065 -0.423168
-0.059575 0.040950 0.139411 0.135024 -0.061852 0.201263
-1.751375 0.262525 -1.848975 0.278460 -1.620179 -0.228796
1.495075 0.029550 1.370195 0.222015 1.370146 0.000049
-1.830205 0.177525 -1.294914 0.092663 -1.692790 0.397876
0.610295 0.031450 0.844465 0.120470 0.555170 0.289295
-0.875575 0.122605 -0.884211 0.164467 -0.813475 -0.070736
0.976376 0.050000 0.650155 0.288075 0.892368 -0.242213
-0.171895 0.059195 -0.028945 0.187264 -0.165311 0.136366
-0.060085 0.042645 0.299355 0.053305 -0.062322 0.361677
-0.783245 0.051410 -0.469995 0.122074 -0.728429 0.258434
-0.486105 0.016635 -0.819598 0.152311 -0.454731 -0.364866
-0.322715 0.035570 -0.453634 0.200353 -0.304232 -0.149402
-0.872635 0.084425 -1.075256 0.161693 -0.810766 -0.264490
0.181335 0.042155 0.279235 0.145484 0.160052 0.119183
-0.396775 0.074380 -0.379263 0.174292 -0.372449 -0.006814
0.400175 0.044370 0.441765 0.230090 0.361627 0.080138
-1.480645 0.216265 -1.341076 0.149864 -1.370808 0.029732
-1.143505 0.090915 -1.228229 0.230513 -1.060267 -0.167962
-1.646965 0.100525 -2.079135 0.310329 -1.524007 -0.555128
0.021005 0.061095 -0.766208 0.170436 0.012370 -0.778578
-1.771515 0.272035 -1.375885 0.113141 -1.638730 0.262845
-1.536045 0.145345 -1.637314 0.222807 -1.421838 -0.215477
0.766805 0.045155 1.170575 0.036465 0.699331 0.471244
0.741525 0.053105 1.058765 0.165240 0.676046 0.382719
-0.975125 0.085685 -0.989670 0.199379 -0.905171 -0.084499
-1.236105 0.067110 -1.835985 0.338984 -1.145561 -0.690424
0.875375 0.055600 0.884815 0.107290 0.799336 0.085479
-1.946215 0.226925 -1.619877 0.134422 -1.799647 0.179770
-1.192835 0.080005 -1.080997 0.221792 -1.105705 0.024708
-2.357155 0.341430 -1.974995 0.145658 -2.178167 0.203172
0.806475 0.022830 0.348005 0.164200 0.735872 -0.387866
0.293935 0.038830 0.734385 0.023010 0.263768 0.470617
0.484655 0.034740 0.643595 0.166450 0.439442 0.204153
-1.403675 0.054040 -2.029705 0.382574 -1.299911 -0.729794
-0.480465 0.057700 -0.352037 0.218305 -0.449536 0.097499
-1.958795 0.289435 -1.819810 0.205976 -1.811235 -0.008575
0.115915 0.102245 0.198345 0.137765 0.099793 0.098552
-0.912085 0.079180 -0.828950 0.218907 -0.847104 0.018154
-0.046474 0.034605 -0.317419 0.146312 -0.049785 -0.267634
0.911275 0.044900 1.204645 0.117550 0.832404 0.372241
0.850965 0.046220 1.176265 0.120580 0.776852 0.399413
-1.206755 0.081270 -1.548740 0.209917 -1.118526 -0.430214
-1.115225 0.171605 -1.080979 0.215168 -1.034217 -0.046762
0.759275 0.034185 1.055555 0.097570 0.692396 0.363159
0.991375 0.031350 1.090565 0.212270 0.906184 0.184381
-1.383305 0.121065 -1.249358 0.203611 -1.281148 0.031790
0.512415 0.067755 0.757875 0.165955 0.465011 0.292864
-1.744675 0.096210 -2.131725 0.268535 -1.614008 -0.517717
0.732295 0.051905 0.844045 0.218440 0.667544 0.176501
0.723425 0.049405 0.920105 0.176770 0.659374 0.260731
-2.020595 0.231290 -1.766575 0.129500 -1.868160 0.101585
-0.696335 0.044765 -0.804167 0.209070 -0.648375 -0.155792
1.321575 0.061250 1.490805 0.185055 1.210334 0.280471
-1.838655 0.097880 -1.539615 0.067153 -1.700573 0.160959
-2.094135 0.451245 -1.686212 0.195285 -1.935897 0.249685
0.581145 0.047795 0.855805 0.116585 0.528319 0.327486
0.560345 0.078730 0.284135 0.154048 0.509160 -0.225025
0.658785 0.051185 0.637435 0.126015 0.599834 0.037601
-0.369605 0.049845 -0.299955 0.115408 -0.347423 0.047468
0.889976 0.093635 0.538455 0.155885 0.812785 -0.274330
-0.574285 0.056250 -0.765089 0.109657 -0.535954 -0.229135
-2.242485 0.220970 -1.637721 0.119366 -2.072544 0.434823
0.899475 0.045705 1.329065 0.026425 0.821535 0.507530
-0.439364 0.068060 -0.741824 0.236189 -0.411678 -0.330146
0.272595 0.025875 -0.102464 0.176904 0.244112 -0.346576
0.226305 0.046225 0.530755 0.088850 0.201474 0.329281
-1.123095 0.127645 -0.719449 0.057791 -1.041466 0.322017
0.391735 0.075375 0.488655 0.151035 0.353852 0.134803
-0.877475 0.072515 -1.108401 0.145500 -0.815224 -0.293177
0.213545 0.068585 0.112967 0.193632 0.189720 -0.076753
0.213545 0.068585 0.112967 0.193632 0.189720 -0.076753
-1.127855 0.135035 -1.059265 0.196475 -1.045852 -0.013413
-0.377205 0.029810 -0.810494 0.199100 -0.354423 -0.456071
0.543105 0.024680 0.508825 0.182230 0.493280 0.015545
-0.864545 0.087895 -1.067376 0.177662 -0.803315 -0.264061
-1.805025 0.322745 -1.452828 0.131662 -1.669597 0.216769
0.784115 0.038385 1.040035 0.107045 0.715276 0.324759
-0.013935 0.023535 -0.170352 0.138106 -0.019813 -0.150539
0.972775 0.041000 1.138235 0.197630 0.889052 0.249183
-1.486675 0.229270 -1.095591 0.084140 -1.376362 0.280771
-0.144114 0.082590 0.228945 0.072489 -0.139722 0.368667
0.074735 0.075940 -0.122548 0.156547 0.061861 -0.184409
-1.392075 0.130140 -1.184817 0.094384 -1.289226 0.104409
-1.021305 0.078515 -0.995262 0.256364 -0.947707 -0.047555
0.149535 0.033385 -0.219598 0.153497 0.130761 -0.350359
0.021605 0.041075 0.341095 0.089900 0.012924 0.328171
0.895175 0.017100 0.597295 0.136055 0.817574 -0.220279
-0.232675 0.071485 0.071874 0.119134 -0.221295 0.293169
-1.229325 0.023420 -1.645819 0.230683 -1.139316 -0.506503
-1.487705 0.164120 -1.562642 0.197957 -1.377311 -0.185331
0.735465 0.055390 0.749855 0.107565 0.670464 0.079391
-0.078054 0.042410 -0.863295 0.215320 -0.078874 -0.784422
-1.765135 0.294220 -1.477163 0.139105 -1.632854 0.155690
0.136275 0.051275 0.469735 0.141240 0.118547 0.351188
1.182375 0.036100 1.391495 0.216705 1.082116 0.309380
-0.957045 0.062600 -1.421590 0.380064 -0.888517 -0.533073
0.995675 0.042300 0.957905 0.115880 0.910145 0.047760
-0.681294 0.172215 -0.642653 0.152353 -0.634522 -0.008131
-1.109905 0.077560 -1.306283 0.146209 -1.029318 -0.276965
-0.107365 0.052815 -0.041377 0.211428 -0.105871 0.064494
-0.235185 0.098535 0.016986 0.193099 -0.223607 0.240593
-0.594675 0.037930 -2.934595 0.795890 -0.554736 -2.379859
0.065725 0.067825 0.389155 0.109755 0.053563 0.335592
-1.554605 0.032720 -1.925565 0.137615 -1.438933 -0.486632
1.316775 0.031000 1.354915 0.207430 1.205912 0.149003
-0.515185 0.030210 -0.729276 0.192251 -0.481518 -0.247758
0.332055 0.058745 0.665285 0.117645 0.298881 0.366404
1.291676 0.085450 1.708905 0.085790 1.182793 0.526112
-0.463455 0.048995 -1.251625 0.229903 -0.433869 -0.817757
-0.385935 0.045500 -0.385443 0.119944 -0.362464 -0.022979
-1.004715 0.141030 -0.771539 0.081894 -0.932426 0.160887
0.535205 0.039115 0.388745 0.131400 0.486003 -0.097258
0.281685 0.019565 0.100761 0.151378 0.252484 -0.151723
0.439275 0.062550 0.525475 0.065870 0.397641 0.127834
0.072565 0.092285 -0.473415 0.206471 0.059863 -0.533278
-1.208335 0.106370 -1.432549 0.215777 -1.119982 -0.312567
-0.254015 0.052835 -0.301416 0.135631 -0.240952 -0.060464
0.302205 0.052310 0.532875 0.149510 0.271386 0.261489
-0.821025 0.092730 -0.919867 0.156019 -0.763228 -0.156639
-1.113595 0.066290 -1.795039 0.275761 -1.032716 -0.762323
-0.858905 0.097990 -1.481322 0.320744 -0.798120 -0.683202
0.989175 0.050050 0.906825 0.095160 0.904158 0.002667
0.899975 0.063520 1.305415 0.147435 0.821995 0.483420
-0.251525 0.021470 -0.901866 0.204114 -0.238658 -0.663208
0.045345 0.043730 0.431315 0.034775 0.034791 0.396524
-0.746345 0.054215 -0.791849 0.130779 -0.694440 -0.097409
-1.440205 0.163660 -0.834582 0.086616 -1.333559 0.498977
1.268075 0.034900 1.154335 0.151035 1.161054 -0.006719
0.644775 0.052435 0.710015 0.203125 0.586929 0.123086
-0.208095 0.060240 -0.175010 0.088031 -0.198654 0.023644
0.502485 0.025540 0.253415 0.159653 0.455865 -0.202450
-0.006645 0.025650 -0.065632 0.164734 -0.013098 -0.052534
1.467275 0.052200 0.354265 0.123320 1.344538 -0.990273
-0.263765 0.070555 -0.086400 0.146197 -0.249933 0.163533
-1.043425 0.159410 -1.117117 0.253041 -0.968082 -0.149035
0.549075 0.040735 -0.199228 0.223103 0.498779 -0.698007
0.253575 0.030890 -0.077986 0.150872 0.226593 -0.304579
-1.444255 0.210325 -0.554337 0.170974 -1.337289 0.782952
0.386905 0.050250 0.168015 0.139680 0.349403 -0.181388
0.369125 0.035345 -0.367212 0.241827 0.333026 -0.700238
0.520275 0.029525 0.470215 0.165660 0.472251 -0.002036
0.410465 0.098815 0.477305 0.188495 0.371105 0.106200
0.621295 0.043105 0.766525 0.201815 0.565301 0.201224
0.002105 0.039935 0.219425 0.165047 -0.005038 0.224463
0.392535 0.075025 0.706265 0.135410 0.354589 0.351676
-0.195515 0.059685 -0.326816 0.193965 -0.187067 -0.139749
0.657025 0.037580 0.940765 0.106855 0.598213 0.342552
1.220175 0.080950 1.259785 0.116090 1.116933 0.142852
0.142205 0.078425 -0.294810 0.176550 0.124009 -0.418819
-0.250094 0.068105 -0.767428 0.262868 -0.237341 -0.530087
1.065775 0.030300 0.990535 0.134655 0.974715 0.015820
0.707885 0.034265 0.619145 0.186705 0.645060 -0.025915
1.269575 0.034200 0.908225 0.244015 1.162436 -0.254211
0.611165 0.064185 0.441215 0.130370 0.555971 -0.114756
0.811785 0.031365 0.897745 0.164580 0.740763 0.156982
0.792695 0.054310 0.952685 0.201510 0.723179 0.229506
-0.663424 0.163530 -0.519160 0.138411 -0.618061 0.098901
0.078365 0.024645 0.177065 0.147725 0.065206 0.111859
0.258475 0.050545 0.342275 0.209041 0.231106 0.111169
0.276465 0.055575 0.663725 0.077215 0.247677 0.416048
-0.230715 0.078410 -0.323152 0.137883 -0.219490 -0.103662
0.524685 0.057185 0.996675 0.074315 0.476313 0.520362
0.679605 0.055855 0.685975 0.195970 0.619012 0.066963
0.010995 0.073585 -0.063900 0.197433 0.003150 -0.067050
0.052395 0.063005 0.129880 0.149745 0.041284 0.088596
1.022975 0.041500 0.999755 0.202945 0.935291 0.064464
0.168175 0.039230 0.226095 0.182077 0.147930 0.078165
0.762465 0.041645 1.119195 0.048825 0.695334 0.423861
0.900075 0.059325 1.203175 0.122485 0.822087 0.381088
1.130375 0.074950 1.447995 0.162895 1.034218 0.413777
0.143005 0.055855 -0.104147 0.159102 0.124746 -0.228893
0.378105 0.035805 0.290315 0.147127 0.341298 -0.050983
1.248375 0.039050 1.192645 0.153355 1.142908 0.049736
0.118035 0.104145 0.538485 0.058015 0.101746 0.436739
1.768775 0.055350 1.002135 0.155035 1.622252 -0.620117
0.393745 0.048335 0.487655 0.179485 0.355704 0.131951
-0.033154 0.103565 -0.455047 0.197826 -0.037516 -0.417531
0.502535 0.087025 0.357425 0.166820 0.455911 -0.098486
-0.072205 0.065065 0.018427 0.215096 -0.073485 0.091912
0.390985 0.033880 0.497275 0.151705 0.353162 0.144113
0.494045 0.076075 0.818345 0.139480 0.448091 0.370254
0.243635 0.053520 0.140384 0.147886 0.217437 -0.077053
0.440955 0.055725 0.882145 0.035825 0.399189 0.482956
0.582416 0.043265 0.547015 0.165810 0.529489 0.017526
0.497705 0.052905 0.645315 0.183020 0.451462 0.193853
1.540675 0.048750 0.630465 0.312270 1.412148 -0.781683
1.165875 0.026800 0.877915 0.146600 1.066918 -0.189003
0.563235 0.093730 0.754995 0.141200 0.511822 0.243173
0.057475 0.152205 -0.309738 0.244946 0.045963 -0.355701
1.316976 0.032600 -0.420677 0.772105 1.206097 -1.626774
0.285295 0.066890 -0.247121 0.187278 0.255810 -0.502931
1.747175 0.031500 0.396085 0.153130 1.602356 -1.206271
1.270375 0.054400 1.223845 0.160140 1.163173 0.060672
0.100295 0.066990 0.447735 0.074685 0.085405 0.362330
1.408075 0.044950 0.366835 0.303073 1.290009 -0.923175
0.638576 0.031390 0.088260 0.185681 0.581219 -0.492959
0.209285 0.056895 0.290245 0.096005 0.185796 0.104449
1.257075 0.036300 -0.199405 0.796161 1.150922 -1.350327
0.375305 0.052945 0.831425 0.044560 0.338719 0.492706
1.558575 0.043350 1.635395 0.095475 1.428635 0.206760
0.953275 0.045000 1.350355 0.041160 0.871090 0.479265
1.297075 0.055100 0.953755 0.240815 1.187767 -0.234012
0.677885 0.065260 0.878525 0.185390 0.617427 0.261098
0.063285 0.092965 0.392425 0.136745 0.051315 0.341110
0.901275 0.091590 0.561705 0.155390 0.823192 -0.261487
1.008875 0.043900 1.407875 0.086105 0.922304 0.485571
-0.514585 0.112615 -0.229382 0.141592 -0.480964 0.251582
0.722955 0.034310 0.759865 0.193865 0.658941 0.100924
0.166405 0.100355 -0.384065 0.177684 0.146299 -0.530364
0.783665 0.061130 0.717545 0.157785 0.714861 0.002684
0.900875 0.043295 0.814405 0.100430 0.822824 -0.008419
-0.397885 0.051400 0.112916 0.044925 -0.373472 0.486388
0.228945 0.062340 0.350165 0.066090 0.203905 0.146260
0.993975 0.056050 1.324545 0.146415 0.908579 0.415966
1.050575 0.034800 1.098205 0.166030 0.960714 0.137491
1.005675 0.070800 0.790235 0.115430 0.919356 -0.129121
0.882075 0.089775 0.717005 0.174875 0.805508 -0.088503
-0.946675 0.187465 -0.279931 0.113572 -0.878965 0.599034
-0.078074 0.071330 0.074868 0.069146 -0.078892 0.153760
1.315575 0.042450 1.310465 0.167675 1.204807 0.105658
1.068575 0.041400 0.453875 0.174675 0.977294 -0.523419
0.973975 0.028500 0.277845 0.214644 0.890157 -0.612312
0.104325 0.096200 0.438515 0.119375 0.089117 0.349397
-0.372845 0.058945 -0.677239 0.180432 -0.350407 -0.326832
-0.410075 0.091430 -0.246025 0.116745 -0.384700 0.138675
1.722975 0.054650 1.018875 0.277660 1.580065 -0.561190
1.710475 0.088100 1.530395 0.155380 1.568552 -0.038157
0.627565 0.062530 0.641355 0.101385 0.571077 0.070278
0.946275 0.035450 0.327185 0.166105 0.864642 -0.537457
0.732875 0.052730 0.205675 0.181361 0.668078 -0.462403
1.386675 0.061500 0.724215 0.200955 1.270297 -0.546082
0.852736 0.094005 1.148755 0.112175 0.778483 0.370272
0.093575 0.089995 0.216035 0.160800 0.079216 0.136819
0.553045 0.039765 0.617065 0.162430 0.502436 0.114629
1.731675 0.035250 1.186605 0.214015 1.588079 -0.401474
0.086125 0.057400 0.513465 0.111980 0.072353 0.441112
