# id outlier x sx y sy covxy corrxy
1 0 10.125200 0.056250 1.860590 0.213080 -0.004614 -0.402370
2 0 10.169800 0.108100 1.605040 0.247485 -0.018726 -0.719520
3 0 9.376790 0.103310 1.156750 0.121055 -0.007530 -0.571370
4 0 9.169320 0.066415 1.161370 0.131845 -0.005772 -0.367240
5 0 9.599990 0.073325 1.187600 0.296849 -0.016971 -0.883880
6 0 9.252160 0.066900 1.044260 0.205168 -0.005970 -0.507220
7 0 9.193160 0.057575 1.028120 0.265662 -0.006876 -0.486880
8 0 10.013900 0.040450 1.769720 0.212480 -0.004180 -0.375650
10 0 9.999550 0.064445 1.447220 0.195830 -0.007914 -0.613080
12 0 9.402140 0.041355 1.111640 0.259144 -0.009953 -0.784880
13 0 9.835920 0.016390 1.667260 0.058265 -0.000304 -0.255760
15 0 9.237970 0.038730 0.848190 0.168336 -0.005611 -0.455330
16 0 9.843180 0.053100 1.547920 0.245420 -0.006810 -0.533600
18 0 9.461130 0.085225 0.837819 0.211641 -0.013048 -0.758290
19 0 9.091580 0.087130 1.101450 0.105467 -0.003513 -0.275390
20 0 9.082740 0.059555 0.746175 0.297320 -0.012356 -0.691810
21 0 9.301410 0.062760 1.411140 0.068285 -0.001043 -0.177020
22 0 10.918900 0.045400 2.746200 0.247230 0.000512 0.050167
23 0 9.028120 0.066290 1.039490 0.101041 -0.006713 -0.523360
24 0 9.348730 0.095525 0.886350 0.375659 -0.024942 -0.815690
25 0 9.921750 0.050410 1.905120 0.140455 -0.003573 -0.295890
26 0 10.422800 0.038600 2.242850 0.254140 -0.011408 -0.823550
27 0 9.960290 0.035450 1.721060 0.210680 -0.004856 -0.545730
28 0 10.371900 0.068200 1.771000 0.248990 -0.011205 -0.767580
29 0 10.769000 0.107400 2.086300 0.367345 -0.026819 -0.875030
30 0 9.450740 0.060655 1.407370 0.112505 -0.000478 -0.048845
32 0 9.898180 0.028590 1.784770 0.092820 -0.004339 -0.665410
33 0 9.525310 0.060895 1.596230 0.055225 0.000417 0.050157
34 0 9.070240 0.051110 1.006890 0.130488 -0.006371 -0.586450
35 0 9.209260 0.079180 0.938249 0.266883 -0.008740 -0.435790
38 0 9.668010 0.066570 1.174350 0.312836 -0.014535 -0.817950
39 0 8.979830 0.071360 1.020660 0.173386 -0.001573 -0.138050
40 0 9.671610 0.035085 1.737260 0.032380 -0.000980 -0.325610
41 0 9.267670 0.071395 1.385280 0.036090 0.000335 0.098922
42 0 9.359710 0.042460 1.209590 0.197211 -0.006568 -0.614440
44 0 8.771510 0.078445 0.946148 0.084178 0.000876 0.106910
45 0 9.465210 0.049100 1.558800 0.062705 -0.000554 -0.127280
48 0 9.503530 0.045495 1.535910 0.059195 -0.000320 -0.046279
50 0 9.283330 0.064370 1.413650 0.035610 0.000624 0.093752
53 0 9.247330 0.045815 1.421760 0.066525 -0.001025 -0.253700
54 0 8.176320 0.147300 0.106203 0.148353 -0.012562 -0.561770
55 0 9.187300 0.069750 1.016510 0.223252 0.000708 0.051726
58 0 10.185400 0.095750 2.141000 0.205900 -0.000458 -0.015936
62 0 10.009600 0.039560 1.567990 0.250120 -0.005075 -0.499240
63 0 9.813670 0.067625 1.144000 0.164466 -0.008552 -0.894290
64 0 9.066090 0.120575 0.854137 0.134558 -0.009648 -0.607300
65 0 8.951290 0.147280 0.583635 0.168608 -0.014636 -0.595310
68 0 9.699700 0.048145 1.303470 0.201865 -0.008821 -0.812120
69 0 9.109630 0.054365 1.227790 0.034280 0.000302 0.110400
73 0 9.273200 0.067600 1.237810 0.162345 -0.007645 -0.565340
74 0 9.195450 0.074190 0.766319 0.254943 -0.011869 -0.649510
75 0 9.807650 0.056995 1.681670 0.256040 -0.007385 -0.557270
77 0 10.736300 0.040600 2.255420 0.149935 -0.004552 -0.414140
79 0 10.366600 0.064150 1.766760 0.235480 -0.010621 -0.785260
81 0 9.705130 0.040110 1.615630 0.146550 -0.004184 -0.476270
84 0 9.974210 0.052615 2.069670 0.051085 -0.004014 -0.404240
85 0 9.566540 0.037650 1.688790 0.024375 -0.000209 -0.142980
86 0 10.218500 0.109100 1.725030 0.345685 -0.027541 -0.828840
87 0 9.905210 0.048115 1.786870 0.233515 -0.007286 -0.590260
88 0 10.268200 0.061950 1.976320 0.271350 -0.012317 -0.757300
89 1 9.342030 0.098010 0.241624 0.156360 -0.015898 -0.895500
90 0 9.129650 0.079060 0.504884 0.218560 -0.011679 -0.665290
91 0 10.148500 0.043400 1.948590 0.219890 -0.003667 -0.221730
92 0 9.267840 0.058755 1.347180 0.038765 0.000064 0.021567
93 0 9.578690 0.070450 1.110360 0.189603 -0.009590 -0.690310
94 0 10.085400 0.023950 1.813920 0.164030 -0.003983 -0.665860
96 0 9.865310 0.049875 1.578320 0.200965 -0.004834 -0.499260
98 0 9.214170 0.101600 1.186360 0.127395 -0.006261 -0.494370
100 0 10.115500 0.063100 1.522450 0.147300 -0.007213 -0.795400
101 0 9.940210 0.045875 2.000060 0.039235 -0.000226 -0.097112
104 0 9.122000 0.069030 1.071130 0.225054 -0.006832 -0.497020
106 0 8.998960 0.074655 0.407327 0.245540 -0.011349 -0.717290
108 0 10.013100 0.047570 1.696960 0.266795 -0.009150 -0.725820
109 0 9.383240 0.081220 0.820347 0.313847 -0.017823 -0.829190
110 0 10.068500 0.045950 1.766620 0.264700 -0.008818 -0.700190
112 0 9.284770 0.076935 1.365900 0.194290 0.002191 0.070229
113 0 9.634080 0.061290 1.041630 0.211563 -0.008072 -0.698380
119 0 10.015900 0.047025 2.028370 0.100695 -0.005958 -0.675130
120 1 10.642700 0.096000 1.562260 0.190970 -0.015066 -0.905770
123 0 9.064690 0.083370 0.659772 0.331628 -0.020179 -0.829200
124 0 8.759190 0.051875 0.782016 0.078600 -0.002804 -0.430020
125 0 9.723990 0.041570 1.515620 0.197970 -0.004724 -0.507520
126 0 10.526800 0.033600 2.084420 0.072550 -0.002567 -0.646640
129 0 8.688200 0.071900 0.559015 0.266670 -0.010346 -0.583850
130 0 9.763150 0.040910 1.485880 0.238595 -0.005363 -0.523370
131 0 10.023700 0.050840 1.546740 0.157020 -0.011403 -0.630550
132 0 8.269320 0.170525 0.124848 0.186390 -0.017826 -0.597370
133 0 10.469900 0.057550 2.147090 0.280435 -0.009724 -0.670220
134 0 9.744080 0.044980 1.548650 0.256585 -0.003853 -0.326060
135 0 11.070300 0.046500 2.680180 0.210660 -0.009018 -0.606170
139 0 9.852250 0.093665 1.845700 0.257090 -0.018384 -0.719070
140 0 9.077140 0.087185 1.015830 0.173007 -0.003061 -0.230220
142 0 8.736150 0.062430 0.977127 0.048987 0.001738 0.484230
143 0 9.574190 0.034270 1.596230 0.056980 -0.000922 -0.344120
144 0 8.594280 0.175730 0.460594 0.163025 -0.021874 -0.794270
145 0 10.329700 0.028800 2.123230 0.212635 -0.003568 -0.378510
146 0 10.286800 0.025550 2.013840 0.151015 -0.004719 -0.474710
147 0 9.164020 0.066380 1.004980 0.289471 -0.014986 -0.642060
148 0 9.689000 0.042785 1.704330 0.084230 -0.000831 -0.162810
149 0 9.712390 0.047765 1.290160 0.257010 -0.008059 -0.691210
150 0 9.684510 0.088995 1.159570 0.146510 -0.007737 -0.604430
152 0 9.451630 0.072430 0.898011 0.246922 -0.012427 -0.826590
153 0 9.517740 0.042690 1.254810 0.213440 -0.002326 -0.249910
154 0 8.914230 0.093590 0.634808 0.116390 -0.007901 -0.683670
155 1 10.750500 0.044350 1.378860 0.052040 -0.004110 -0.813170
158 0 8.980200 0.086175 0.539171 0.311711 -0.018205 -0.737700
159 0 10.300200 0.022300 2.229330 0.067320 -0.000547 -0.279950
160 0 9.290100 0.092990 1.257110 0.127840 -0.004512 -0.332330
161 0 9.337700 0.051490 1.181540 0.228073 -0.005490 -0.497370
162 0 10.013400 0.074520 1.931930 0.223340 0.000574 0.024496
163 0 9.275560 0.065440 1.402010 0.037275 0.000214 0.066890
167 0 9.444930 0.050765 1.506250 0.046365 -0.000206 -0.025678
169 0 9.807080 0.049655 1.839320 0.070985 -0.000855 -0.193090
171 0 9.602030 0.047825 1.459120 0.213410 -0.004077 -0.411310
172 0 9.562870 0.060645 1.188260 0.123315 -0.003554 -0.456560
175 0 10.858700 0.021200 2.518880 0.190205 -0.003087 -0.557140
176 0 9.219040 0.039255 1.037480 0.165755 -0.005142 -0.546570
177 0 9.636090 0.082895 1.699480 0.157085 -0.002679 -0.216710
180 0 9.251810 0.053655 1.388850 0.052305 -0.001311 -0.334740
181 0 9.920830 0.057810 1.940030 0.111335 -0.004658 -0.336860
182 0 10.031800 0.050365 1.707440 0.245435 -0.007107 -0.593280
183 0 8.908660 0.083880 0.515867 0.351990 -0.023171 -0.839270
188 0 9.485890 0.085535 1.541310 0.119445 -0.003232 -0.256210
189 0 9.621990 0.047415 1.723010 0.028190 0.000411 0.182330
190 0 9.859620 0.025830 1.721870 0.109380 -0.002747 -0.550050
191 0 9.462430 0.075240 1.401980 0.275110 -0.008312 -0.439860
192 0 9.499420 0.054260 1.310250 0.276824 -0.008919 -0.510470
194 0 9.095110 0.028070 0.738063 0.141600 -0.001646 -0.297630
195 0 9.731430 0.046325 1.370720 0.204980 -0.004618 -0.490800
196 1 10.738500 0.061450 1.623520 0.146790 -0.010577 -0.887520
197 0 9.506240 0.050415 1.658590 0.032400 0.000396 0.074100
199 0 9.756380 0.035230 1.562480 0.153905 -0.005523 -0.642690
200 0 8.925640 0.054690 0.655456 0.267552 -0.002632 -0.185540
201 0 9.979960 0.047625 1.980330 0.060210 -0.007277 -0.694020
205 0 9.957430 0.081935 1.961890 0.175315 -0.006431 -0.498090
206 0 9.467290 0.085690 1.043150 0.277949 -0.010521 -0.480460
207 0 9.235020 0.039620 1.000560 0.219255 -0.006000 -0.621080
208 0 9.395170 0.054160 1.483610 0.037640 -0.002051 -0.252990
209 0 9.134920 0.102850 0.635911 0.198279 -0.013647 -0.657400
210 0 10.060100 0.060900 2.152510 0.049970 -0.002034 -0.472170
211 0 9.153730 0.065970 0.885262 0.171569 -0.006743 -0.608960
212 0 8.961980 0.088680 0.577523 0.218926 -0.010229 -0.514650
214 0 8.878300 0.087900 0.596382 0.287618 -0.010560 -0.439130
216 0 9.878090 0.136430 1.294090 0.191120 -0.023972 -0.948680
218 0 8.780930 0.056170 0.766082 0.148419 -0.001884 -0.221640
219 0 9.089470 0.073355 1.051090 0.138160 -0.005871 -0.364460
220 0 9.745910 0.034615 1.638250 0.114390 -0.003352 -0.527050
221 0 9.503790 0.056775 1.023190 0.262342 -0.009176 -0.708090
223 0 9.532960 0.073165 1.454080 0.290580 -0.011062 -0.559610
224 0 9.513190 0.083865 1.134260 0.338836 -0.021167 -0.832160
226 0 9.506610 0.036960 1.595000 0.024950 -0.000257 -0.091135
227 0 9.386040 0.083890 1.470330 0.077745 -0.001588 -0.128500
228 0 9.276460 0.056905 1.330490 0.054085 0.000024 0.006368
229 0 9.526410 0.062535 1.120430 0.152678 -0.001824 -0.195930
230 0 10.037900 0.032200 2.017200 0.063640 -0.001075 -0.332370
232 0 9.958630 0.048060 1.863330 0.172470 -0.008594 -0.681760
233 0 7.607990 0.319455 -0.140407 0.157868 -0.045015 -0.810200
234 0 9.607840 0.043850 1.447660 0.241425 -0.005129 -0.191170
235 0 10.574400 0.059350 2.091970 0.061815 -0.013489 -0.814190
238 0 9.654550 0.033825 1.496400 0.093740 -0.002680 -0.440230
241 0 7.663310 0.160655 -0.867256 0.298856 -0.033467 -0.671470
242 0 7.762190 0.158405 -0.158387 0.170968 -0.002135 -0.090859
243 0 8.810910 0.071170 0.781622 0.143599 -0.007678 -0.474050
245 0 8.508740 0.192960 0.089558 0.220924 -0.028332 -0.668020
246 0 8.416820 0.034255 0.369787 0.112048 -0.001684 -0.318770
249 0 9.051390 0.095770 1.086260 0.127377 -0.001402 -0.118370
252 0 9.027210 0.042185 1.182070 0.032900 -0.000097 -0.043142
253 0 7.763990 0.120765 -0.131524 0.174240 0.003099 0.165300
254 0 8.670120 0.093990 0.468665 0.247982 -0.005908 -0.296320
255 0 8.821710 0.077880 0.481822 0.254429 -0.013285 -0.715950
256 0 9.189670 0.055370 0.851845 0.188271 -0.004410 -0.425430
259 0 8.089260 0.136910 -0.348035 0.249414 -0.016116 -0.441860
260 0 8.557700 0.038705 0.264643 0.197208 -0.003677 -0.413190
262 0 9.088880 0.038735 0.847206 0.189472 -0.005124 -0.552470
264 0 8.598500 0.023145 0.354600 0.119608 -0.003398 -0.721600
265 0 9.555830 0.036495 1.405370 0.138760 -0.003531 -0.430580
266 0 8.859600 0.056305 0.925142 0.073180 -0.000291 -0.047050
268 0 8.847610 0.065450 0.288724 0.203332 -0.007563 -0.590690
269 0 9.766150 0.068655 1.649710 0.194610 -0.011806 -0.712670
270 0 7.755420 0.263015 -0.294823 0.182223 -0.021866 -0.481300
271 0 7.719100 0.304005 -0.174963 0.192924 -0.041698 -0.733940
272 0 8.505900 0.043015 0.550532 0.066207 -0.000644 -0.177630
273 0 7.608570 0.224025 -0.749395 0.242042 -0.032390 -0.561040
274 0 8.265990 0.165680 0.131696 0.171959 -0.010834 -0.393760
277 0 9.577680 0.076040 1.124770 0.299472 -0.014986 -0.742980
278 1 7.079250 0.182160 -0.519605 0.093649 -0.010295 -0.620730
280 0 9.678470 0.039340 1.732670 0.042470 -0.000287 -0.116570
281 0 8.554550 0.060135 0.162536 0.202006 -0.004325 -0.365880
283 0 9.514350 0.023795 1.348940 0.128350 -0.003229 -0.709100
284 0 9.251280 0.088425 1.230930 0.182955 -0.005345 -0.389160
286 0 8.222390 0.046570 0.099646 0.173459 -0.001738 -0.193120
287 0 8.559980 0.062280 0.188822 0.150888 -0.005482 -0.561620
288 0 8.576730 0.053395 0.429708 0.196575 -0.003281 -0.344210
289 0 8.122380 0.077960 -0.381885 0.214706 -0.010689 -0.672370
290 0 7.973870 0.077395 -0.296284 0.217777 -0.004863 -0.303570
291 0 9.759790 0.041840 1.843980 0.037355 -0.000322 -0.080602
292 0 9.393180 0.060310 0.926076 0.245604 -0.008817 -0.581380
293 1 10.452900 0.053950 1.170240 0.082205 -0.005428 -0.863700
294 0 7.875860 0.127730 -0.706121 0.248818 -0.018079 -0.550650
295 0 8.811990 0.051515 0.496072 0.269239 -0.008035 -0.574330
296 0 7.980430 0.254760 -0.173466 0.218153 -0.038297 -0.708480
297 0 8.830130 0.025950 0.642893 0.116226 -0.001695 -0.459540
298 0 7.919300 0.138575 -0.165625 0.238384 -0.001612 -0.052281
299 0 8.607020 0.062085 0.091416 0.226373 -0.009316 -0.759240
300 0 8.425410 0.021020 0.207764 0.071944 -0.000736 -0.377740
302 0 9.404770 0.076005 1.479830 0.088355 -0.003488 -0.321900
304 0 7.838380 0.150835 -0.505074 0.232467 -0.014559 -0.410600
305 0 8.451030 0.023375 0.179016 0.113496 -0.002229 -0.670730
306 0 8.141800 0.049185 -0.200813 0.210488 -0.005481 -0.480750
307 0 8.326970 0.148205 0.124716 0.162565 -0.010912 -0.441290
308 0 7.521240 0.106570 -0.189192 0.107888 0.000454 0.045333
309 0 9.282190 0.033870 1.154160 0.129620 -0.002726 -0.426190
310 0 8.329780 0.138205 0.030759 0.239984 -0.018867 -0.588690
311 0 9.746150 0.056880 1.703020 0.226855 -0.016555 -0.555220
312 0 8.399310 0.060040 -0.003589 0.252010 -0.004697 -0.270350
313 0 8.018360 0.088530 -0.493068 0.228758 -0.013526 -0.574240
314 0 9.981620 0.038875 1.950040 0.108830 -0.003499 -0.402670
315 0 9.974650 0.042615 1.936080 0.131625 -0.005476 -0.549730
316 0 9.634120 0.035455 1.529920 0.109775 -0.001018 -0.252700
317 0 8.461610 0.086695 0.311800 0.098700 -0.006826 -0.747240
318 0 8.215130 0.145115 -0.031745 0.189844 -0.013588 -0.501100
319 0 8.998100 0.060750 1.021550 0.059503 0.000462 0.066978
321 0 9.325790 0.042115 1.322760 0.124645 -0.001054 -0.135350
322 0 9.210500 0.032750 0.979019 0.203192 -0.002376 -0.318090
324 0 8.496580 0.104050 -0.088655 0.170476 -0.012165 -0.635430
325 0 9.311430 0.082260 1.083150 0.234098 -0.001863 -0.096682
326 0 9.159670 0.046960 1.045390 0.120463 0.002067 0.189400
327 0 7.843460 0.150985 -0.703133 0.313424 -0.031038 -0.705050
328 0 7.971710 0.053335 0.078460 0.150812 -0.000025 -0.003690
329 0 9.915750 0.072655 1.912300 0.245950 -0.005792 -0.225560
330 0 8.637760 0.090810 0.309916 0.254640 -0.009196 -0.246710
332 0 8.875380 0.053505 0.530376 0.234980 -0.005845 -0.453030
333 0 9.174730 0.051995 0.748361 0.276139 -0.007435 -0.545110
335 0 9.870220 0.061585 1.908810 0.071360 -0.005921 -0.469880
336 1 7.685320 0.245155 0.178889 0.124455 -0.030998 -0.813260
339 0 9.075700 0.077150 0.466132 0.147850 -0.006674 -0.492580
340 0 8.213780 0.164000 -0.041333 0.191247 -0.016085 -0.524230
341 0 9.941910 0.104960 1.449180 0.385515 -0.026677 -0.805770
342 0 9.994350 0.022220 1.778740 0.103680 -0.003090 -0.726630
344 0 7.644930 0.127740 -0.713236 0.192539 -0.013228 -0.499640
345 0 9.341220 0.062320 1.340190 0.135820 0.000734 0.073546
347 0 10.272700 0.114800 1.902110 0.212445 -0.011505 -0.485170
349 0 7.956940 0.171340 0.265815 0.097487 -0.013186 -0.741020
350 0 8.728470 0.040080 0.612803 0.112163 -0.000014 -0.002664
351 0 8.655920 0.071710 0.099123 0.249635 -0.013060 -0.837360
352 0 8.634330 0.114485 0.851771 0.087633 -0.008096 -0.732910
353 0 9.517430 0.080390 1.290290 0.287430 -0.008675 -0.425150
354 0 9.506200 0.081070 1.438200 0.206175 -0.005756 -0.363570
355 0 8.450980 0.112045 0.370770 0.203783 -0.006751 -0.339480
356 0 9.102600 0.044175 0.660850 0.228161 -0.005211 -0.503400
357 0 8.064340 0.090130 -0.496279 0.217341 -0.011391 -0.586660
358 0 8.443070 0.058495 0.310257 0.187831 -0.001932 -0.174950
359 0 8.004030 0.074900 -0.300352 0.218123 -0.009861 -0.653540
360 0 7.798610 0.096355 -0.628928 0.292699 -0.016170 -0.593640
361 0 8.110600 0.083185 0.053275 0.210008 -0.003716 -0.231930
362 0 8.030530 0.141070 -0.291833 0.167177 -0.018729 -0.724080
363 0 9.310140 0.086635 0.902382 0.363813 -0.024429 -0.878540
364 0 8.799180 0.082250 0.780935 0.210738 -0.004308 -0.256290
365 0 7.338240 0.126190 -0.771836 0.156306 -0.011646 -0.632250
366 0 8.357870 0.030320 0.054804 0.192687 -0.003622 -0.488270
367 0 7.644270 0.110900 -0.890409 0.229690 -0.016726 -0.636130
368 0 8.206200 0.127590 -0.187117 0.202775 -0.014668 -0.550440
369 0 8.096910 0.094385 -0.429479 0.243307 -0.015263 -0.688910
370 0 8.063510 0.068635 -0.231874 0.125104 -0.005817 -0.604670
371 0 8.868200 0.073060 0.989600 0.050382 0.000337 0.068006
373 0 7.652260 0.175805 -0.462034 0.197122 -0.016780 -0.514220
377 0 8.385490 0.040115 0.004232 0.181715 -0.003252 -0.353070
379 0 8.972350 0.029035 0.762622 0.154840 -0.003552 -0.561980
380 0 9.402930 0.074760 1.297680 0.236905 -0.011383 -0.729590
382 0 7.543140 0.268190 -0.610435 0.224418 -0.037352 -0.658230
383 0 8.807610 0.034065 0.482206 0.160350 -0.004155 -0.623690
384 0 9.146920 0.037185 1.070850 0.118623 -0.001084 -0.240950
385 0 7.835270 0.119305 -0.477413 0.219267 -0.013184 -0.479110
386 0 8.675110 0.026070 0.427530 0.129839 -0.000403 -0.065652
387 0 9.449190 0.039360 1.572720 0.025685 -0.000288 -0.193200
389 0 8.739670 0.058615 0.194816 0.109604 -0.003046 -0.426990
390 0 9.980220 0.028960 1.685750 0.153370 -0.004272 -0.798520
391 0 8.112380 0.088910 -0.387500 0.251242 -0.014967 -0.733520
392 0 8.558700 0.090375 0.493146 0.239395 0.001779 0.096262
393 0 9.075990 0.037425 0.757543 0.228166 -0.003637 -0.429100
394 0 8.691070 0.210320 0.484721 0.173087 -0.028511 -0.866910
396 0 7.619800 0.117300 -0.702500 0.177584 -0.014441 -0.663570
397 0 8.351990 0.069705 -0.097362 0.280120 -0.012366 -0.693170
398 0 8.886850 0.053100 0.956316 0.038498 0.000045 0.016224
399 0 8.870950 0.187440 0.201972 0.401657 -0.051698 -0.918060
401 0 8.184730 0.083075 -0.030924 0.170343 -0.007761 -0.545170
402 0 8.327460 0.090100 -0.172825 0.312739 -0.018132 -0.666800
403 0 9.021390 0.050890 0.786236 0.200537 -0.001569 -0.170160
404 0 9.024430 0.052425 0.815553 0.210630 -0.000245 -0.024576
405 0 8.023950 0.221885 -0.201603 0.236841 -0.026488 -0.516120
406 0 8.098450 0.083205 -0.462573 0.179228 -0.020512 -0.587070
408 0 8.178130 0.293905 0.122875 0.198865 -0.044254 -0.923790
409 0 7.542350 0.231510 -0.450898 0.214134 -0.034728 -0.772080
410 0 8.368730 0.192945 0.022484 0.184596 -0.027678 -0.816830
411 0 6.641910 0.350025 -1.149130 0.184051 -0.046466 -0.731540
413 0 8.703600 0.051135 0.465041 0.268096 -0.002671 -0.195520
414 0 8.624340 0.033025 0.419021 0.167574 -0.002400 -0.380200
415 0 8.692140 0.105055 0.248344 0.213349 -0.011930 -0.535290
416 0 8.268990 0.086375 -0.305948 0.306376 -0.018046 -0.718930
417 1 7.109610 0.052030 0.486354 0.278672 -0.009151 -0.638030
418 0 7.909180 0.174655 -0.314402 0.190884 -0.018364 -0.548300
419 0 8.374810 0.122885 0.457984 0.122383 -0.006996 -0.479240
421 0 8.458530 0.144880 0.500414 0.120266 -0.009843 -0.587310
422 0 8.563820 0.071115 0.036336 0.263038 -0.010817 -0.566750
424 0 8.000340 0.042425 -0.416192 0.144939 -0.004120 -0.581340
427 0 8.266720 0.034035 0.008976 0.096530 -0.000796 -0.201690
428 0 8.157680 0.083590 -0.344571 0.305389 -0.016665 -0.754930
429 0 7.847050 0.067525 -0.629690 0.290619 -0.012109 -0.695420
430 0 8.526840 0.151375 0.368978 0.133989 -0.014940 -0.754490
431 0 9.957710 0.041835 1.969710 0.044975 0.000045 0.020066
432 0 8.196140 0.054895 -0.119816 0.224615 -0.006718 -0.428350
433 0 9.329170 0.099310 0.978414 0.299318 -0.022838 -0.798870
435 1 7.449670 0.233175 -0.067461 0.101719 -0.019861 -0.785210
437 0 9.222180 0.017720 1.051180 0.082992 -0.000668 -0.362640
438 0 9.683540 0.114965 1.174710 0.355058 -0.026320 -0.748220
439 0 9.368860 0.038940 1.526450 0.050685 -0.001409 -0.332600
442 0 9.283870 0.117805 1.002330 0.433841 -0.039896 -0.938310
444 0 8.203670 0.080355 -0.134606 0.194434 -0.009336 -0.579250
445 0 8.391300 0.105285 0.470691 0.160391 -0.000321 -0.020593
446 0 8.120060 0.127405 0.275741 0.132255 -0.004772 -0.308930
447 0 7.683940 0.119170 -0.528503 0.201238 -0.012119 -0.513230
450 0 9.440710 0.045025 1.496180 0.064745 -0.001102 -0.323580
451 0 9.428000 0.051010 1.455070 0.095400 -0.002764 -0.432040
452 1 7.548560 0.193915 0.130772 0.108692 -0.017670 -0.751500
453 0 7.333830 0.192860 -0.584801 0.158735 -0.020757 -0.731900
455 0 9.144500 0.044370 1.152940 0.071500 -0.000710 -0.170950
456 0 8.111190 0.036120 -0.520805 0.066581 -0.001202 -0.356370
457 0 8.871360 0.041920 0.547553 0.230299 -0.006609 -0.603510
458 0 8.871360 0.041920 0.547553 0.230299 -0.006609 -0.603510
459 0 9.014410 0.062410 0.985566 0.110440 -0.001317 -0.124590
460 0 9.151570 0.042975 0.844360 0.244522 -0.008127 -0.747360
461 0 10.245700 0.039150 2.073380 0.192505 -0.004356 -0.494470
462 0 10.242100 0.035900 2.135140 0.124805 -0.001628 -0.350120
463 0 7.536910 0.256450 -0.373514 0.170499 -0.024116 -0.533540
465 0 8.157090 0.066730 -0.209211 0.173833 -0.006129 -0.545680
466 0 8.260890 0.056475 -0.132617 0.208748 -0.004359 -0.334810
468 0 7.889640 0.061290 -0.319121 0.245676 0.000911 0.059697
469 0 9.742070 0.062580 1.172890 0.134910 -0.010119 -0.774910
471 0 8.225960 0.205005 0.167133 0.152323 -0.019184 -0.670820
474 0 7.641050 0.066340 -0.406506 0.160214 -0.005234 -0.421710
475 0 8.237990 0.100580 -0.450218 0.212248 -0.016388 -0.751260
476 0 7.798890 0.240455 -0.305792 0.189186 -0.022164 -0.547650
478 0 9.176650 0.022185 0.947408 0.131729 -0.002474 -0.635460
479 0 8.393350 0.057105 -0.072136 0.203919 -0.005656 -0.451020
482 0 7.549120 0.135420 -0.892131 0.244850 -0.025006 -0.742180
483 0 8.044590 0.069710 -0.515010 0.239487 -0.011332 -0.691130
484 0 9.224600 0.033975 1.150430 0.080590 -0.000362 -0.095331
485 0 9.222630 0.064105 0.771260 0.269001 -0.007910 -0.490940
486 1 7.267770 0.143550 -0.003503 0.061343 -0.006989 -0.802010
488 0 9.428740 0.037115 1.457420 0.063475 -0.003254 -0.520030
489 0 9.532240 0.040770 1.475860 0.125735 -0.001734 -0.272320
491 0 8.344310 0.058340 -0.105081 0.120449 -0.000563 -0.068557
492 0 7.418960 0.225620 -0.676060 0.201659 -0.023260 -0.508000
493 0 7.624970 0.123230 -1.030790 0.260125 -0.022869 -0.725940
494 0 8.078790 0.099170 -0.411689 0.270505 -0.019258 -0.797590
496 0 7.871320 0.094505 -0.552290 0.255883 -0.012935 -0.339960
498 0 8.202300 0.098880 -0.354264 0.345315 -0.023165 -0.786210
499 0 8.418040 0.131835 0.539070 0.087190 -0.009946 -0.821250
500 1 8.827660 0.023945 0.000529 0.087138 0.000137 0.061603
502 0 8.791940 0.059905 0.372164 0.215663 -0.007622 -0.625550
503 0 7.432430 0.209695 -0.595842 0.163123 -0.020001 -0.631990
505 0 7.684740 0.211210 -0.375593 0.168005 -0.018608 -0.542690
509 0 9.140030 0.044820 0.659822 0.157485 -0.005428 -0.829230
510 0 9.145060 0.050535 0.609874 0.189003 -0.006447 -0.751830
511 0 7.800840 0.113670 -0.723352 0.198438 -0.016505 -0.748980
512 0 8.421810 0.050105 0.480682 0.086199 -0.001683 -0.306760
513 0 9.752660 0.051475 1.784720 0.100680 -0.006939 -0.553250
514 0 7.451890 0.092815 -0.856337 0.232426 -0.008144 -0.382100
515 0 8.551110 0.043945 0.136427 0.158414 -0.006053 -0.821410
516 0 7.114480 0.242300 -0.747715 0.149443 -0.021202 -0.600860
517 0 8.386210 0.067220 -0.032373 0.203489 -0.006261 -0.450760
518 0 8.262870 0.055530 -0.071751 0.277787 -0.007976 -0.549870
519 0 8.617860 0.109820 0.515357 0.200031 -0.002909 -0.158870
520 0 8.184100 0.085515 -0.315050 0.135535 -0.008172 -0.674060
521 0 8.117060 0.046805 -0.394709 0.175835 -0.002904 -0.347440
526 0 9.693190 0.071550 1.758260 0.072160 -0.001941 -0.202270
528 0 9.652880 0.064445 1.613600 0.252630 -0.001376 -0.045210
529 0 8.910070 0.043775 0.971082 0.045830 -0.000042 -0.015356
530 0 7.448340 0.215185 -0.990522 0.278323 -0.039825 -0.676950
533 0 7.749740 0.050460 -0.694852 0.215646 -0.004623 -0.431700
535 0 8.307000 0.045425 -0.100622 0.208849 -0.005948 -0.602380
536 0 7.033210 0.345530 -1.024030 0.247127 -0.048417 -0.649020
537 0 9.101240 0.067940 0.497496 0.191600 -0.009525 -0.799030
538 0 8.801050 0.076870 0.744546 0.157412 -0.007372 -0.698420
541 0 8.406390 0.087975 -0.018132 0.160272 -0.010725 -0.709950
542 0 7.382540 0.101305 -0.797907 0.142727 -0.008722 -0.589030
544 0 8.942370 0.067740 1.037760 0.104526 0.001672 0.166630
548 0 9.601610 0.027580 1.286120 0.159800 -0.005366 -0.847430
549 0 9.696990 0.047785 1.596310 0.276415 -0.008297 -0.629730
550 1 7.380630 0.264190 -0.032946 0.115693 -0.029113 -0.830440
552 0 8.698800 0.052285 0.152410 0.158254 -0.006244 -0.785590
553 1 7.581710 0.250990 0.623627 0.380964 -0.074332 -0.733550
554 0 8.292610 0.116670 -0.222547 0.261440 -0.018405 -0.618590
555 0 7.930930 0.079825 -0.454755 0.207940 -0.008211 -0.504550
556 0 7.375440 0.085230 -1.019150 0.201391 -0.008483 -0.494680
557 0 8.956740 0.072950 0.941959 0.160105 -0.001764 -0.165310
558 0 7.426360 0.191220 -0.608355 0.176953 -0.014047 -0.426780
559 0 6.916550 0.254570 -0.847955 0.184108 -0.038686 -0.868760
562 0 8.144620 0.242115 0.257637 0.151009 -0.026180 -0.796630
563 0 9.270280 0.064345 0.601824 0.188476 -0.007855 -0.702470
566 0 9.493170 0.036375 1.175170 0.207361 -0.006869 -0.789880
568 0 9.177900 0.054005 0.860485 0.261856 -0.008440 -0.629550
569 0 9.169790 0.046330 0.927308 0.236806 -0.006544 -0.600510
570 0 7.754100 0.215080 -0.197344 0.150921 -0.018563 -0.578360
571 0 9.901900 0.048565 1.805950 0.180135 -0.000365 -0.038632
573 0 7.681080 0.151690 -0.282609 0.145973 -0.009719 -0.450710
574 0 8.340260 0.050380 -0.012486 0.255178 -0.007394 -0.600110
575 0 7.849110 0.070630 -0.638028 0.185384 -0.008472 -0.646470
577 0 8.282150 0.072660 -0.258919 0.284772 -0.013821 -0.754510
578 0 9.533090 0.026020 1.302310 0.137065 -0.003875 -0.725000
579 0 8.527430 0.036445 0.338067 0.169244 -0.002478 -0.319150
581 0 7.694350 0.304155 -0.658198 0.306030 -0.061289 -0.693160
582 0 8.469880 0.050185 0.269000 0.240276 -0.006412 -0.552400
583 0 7.829710 0.113595 -0.558541 0.269246 -0.011739 -0.340920
584 0 8.236490 0.131640 -0.020575 0.178987 -0.011403 -0.484730
585 1 7.557750 0.099065 0.584447 0.085893 -0.010826 -0.700310
586 0 9.697230 0.058050 1.846820 0.038325 -0.000155 -0.025658
587 0 8.739650 0.058795 0.672239 0.272114 -0.006648 -0.419900
588 0 9.553480 0.032515 1.515680 0.086605 -0.000849 -0.258780
589 0 8.833750 0.088325 0.236579 0.239541 -0.014859 -0.748820
590 0 7.879330 0.131535 -0.334163 0.244409 -0.011155 -0.377360
592 0 9.369380 0.043055 1.351160 0.119655 -0.002452 -0.356490
594 0 7.376350 0.263610 -0.673221 0.195072 -0.031927 -0.653780
595 0 8.204490 0.070710 -0.120048 0.285625 -0.008314 -0.422460
596 0 10.114100 0.029250 1.974850 0.136420 -0.005640 -0.687380
600 0 8.150140 0.128265 -0.009379 0.178683 -0.011691 -0.538480
601 0 7.249000 0.208715 -0.758665 0.167829 -0.012762 -0.390140
602 0 7.564500 0.226740 -0.514087 0.221296 -0.039939 -0.873440
603 0 8.439810 0.083900 -0.193486 0.247449 -0.015137 -0.769690
604 0 8.722730 0.067360 0.393868 0.098323 -0.004862 -0.686620
605 0 8.676430 0.081370 0.408525 0.110888 -0.007370 -0.767620
606 0 8.391880 0.077490 -0.104762 0.286155 -0.013372 -0.607820
607 0 8.590250 0.060275 0.205204 0.215041 -0.005722 -0.454680
608 0 8.820920 0.051530 0.530275 0.221073 -0.003332 -0.303230
610 0 7.795880 0.050855 -0.514028 0.241002 -0.004875 -0.392390
611 0 9.602920 0.036290 1.409110 0.198310 -0.003899 -0.469330
614 0 7.561140 0.156160 -0.820512 0.218443 -0.022200 -0.655370
616 0 9.363620 0.062705 0.988273 0.143505 -0.003485 -0.356100
617 0 8.093240 0.088615 -0.459402 0.194100 -0.013897 -0.659380
618 0 8.865270 0.110760 0.721664 0.171318 -0.007795 -0.427640
619 0 9.508480 0.043965 1.610800 0.085090 -0.002575 -0.395250
620 1 8.260590 0.105490 -0.649432 0.171475 -0.017626 -0.847460
621 0 8.420540 0.065095 0.110094 0.238639 -0.004969 -0.344200
622 0 7.201550 0.435575 -0.631131 0.245887 -0.084478 -0.814620
623 0 9.528130 0.026635 1.437670 0.093145 -0.001448 -0.439130
624 0 9.527900 0.027725 1.403730 0.121515 -0.002301 -0.468800
626 0 9.802180 0.046375 1.817520 0.096285 -0.000414 -0.062658
629 0 7.944620 0.136505 -0.196959 0.126260 -0.013920 -0.805740
630 0 9.358020 0.076285 1.158020 0.364682 -0.022080 -0.773040
631 0 7.155390 0.171965 -1.289070 0.291153 -0.030326 -0.492820
632 0 9.315680 0.024510 1.366860 0.027660 -0.000077 -0.082101
633 0 9.380410 0.059500 1.477630 0.035470 -0.000111 -0.020617
635 0 7.359050 0.106320 -1.049420 0.209821 -0.012424 -0.523500
636 0 9.089920 0.091645 0.862040 0.142503 -0.006747 -0.507880
638 0 8.687960 0.053555 0.824376 0.038523 0.000665 0.260040
639 0 6.949460 0.190565 -1.276490 0.238625 -0.024297 -0.589400
643 0 8.820220 0.039800 0.784168 0.084655 0.000504 0.120910
644 0 8.384840 0.081170 -0.090874 0.165594 -0.008893 -0.596020
645 0 9.455550 0.024195 1.315070 0.086320 -0.000612 -0.240780
647 0 9.999760 0.029530 1.879070 0.129215 -0.001793 -0.323950
649 0 8.113240 0.056485 -0.174850 0.251710 -0.003690 -0.250130
650 0 8.397170 0.158965 -0.023703 0.188600 -0.023617 -0.728270
653 0 8.420870 0.064435 -0.053112 0.267414 -0.009553 -0.595810
654 0 7.885920 0.046245 -0.456971 0.206581 -0.007702 -0.634230
655 1 8.372940 0.072845 -0.579567 0.218004 -0.011096 -0.669360
656 0 9.412900 0.030550 1.120400 0.159246 -0.004664 -0.792270
657 0 9.729600 0.054940 1.175900 0.217218 -0.008419 -0.794170
658 0 8.019760 0.107740 -0.368018 0.225040 -0.016660 -0.682680
659 0 10.195200 0.037450 2.119330 0.153070 -0.009525 -0.796820
660 0 7.957770 0.151595 -0.755635 0.292839 -0.033701 -0.755890
661 0 8.041620 0.050515 -0.349441 0.112216 -0.000585 -0.103220
662 0 8.192310 0.073730 -0.024963 0.224000 -0.002958 -0.174140
664 0 8.781980 0.016170 0.600785 0.067774 -0.000399 -0.305260
665 0 8.812430 0.015545 0.624970 0.060755 -0.000235 -0.157530
666 0 8.341020 0.069500 0.263272 0.163991 -0.000832 -0.065521
669 0 8.010310 0.075085 -0.230809 0.257275 -0.002718 -0.155610
672 0 9.011620 0.051885 0.812856 0.249789 -0.007216 -0.558700
673 0 7.558620 0.193405 -0.682839 0.231964 -0.022614 -0.517040
674 0 7.920980 0.084975 -0.010006 0.164831 -0.001705 -0.138810
675 0 7.771180 0.033940 -0.526025 0.156772 -0.003929 -0.553730
676 0 9.077450 0.040950 1.019350 0.094848 0.000935 0.201120
677 0 7.385650 0.262525 -1.013000 0.307635 -0.046330 -0.553140
678 0 10.632100 0.029550 2.406290 0.179830 -0.003582 -0.535290
679 0 7.306820 0.177525 -0.487779 0.119711 -0.010833 -0.512760
680 0 9.747320 0.031450 1.716630 0.072065 -0.000613 -0.244030
682 0 8.261450 0.122605 -0.138719 0.249699 -0.015836 -0.535620
683 0 10.113400 0.050000 1.794910 0.196825 -0.009290 -0.827650
685 0 8.965130 0.059195 0.726887 0.275364 -0.002491 -0.164980
686 0 9.076940 0.042645 1.130750 0.054925 -0.000753 -0.228370
687 0 8.353780 0.051410 0.337816 0.145654 -0.004179 -0.448690
688 0 8.650920 0.016635 0.443378 0.067371 -0.000542 -0.439920
689 0 8.814310 0.035570 0.496690 0.290662 -0.008886 -0.693280
690 0 8.264390 0.084425 -0.302717 0.257553 -0.013346 -0.670100
691 0 9.318360 0.042155 1.085760 0.197031 -0.004375 -0.465290
692 0 8.740250 0.074380 0.394205 0.268126 -0.006724 -0.333740
695 0 9.537200 0.044370 1.301580 0.277384 -0.012737 -0.838020
696 0 7.656380 0.216265 -0.561116 0.221576 -0.024472 -0.516660
697 0 7.993520 0.090915 -0.289384 0.217321 -0.006301 -0.237820
701 0 7.490060 0.100525 -1.066020 0.267763 -0.015969 -0.543270
702 1 9.158030 0.061095 0.344229 0.138278 -0.007521 -0.847960
703 0 7.365510 0.272035 -0.599446 0.181599 -0.037440 -0.705570
706 0 7.600980 0.145345 -0.892690 0.238746 -0.025938 -0.758970
707 0 9.903830 0.045155 1.986930 0.037690 -0.001739 -0.253830
708 0 9.878550 0.053105 1.822560 0.274195 -0.002402 -0.176270
709 0 8.161900 0.085685 -0.268391 0.295165 -0.015247 -0.678950
710 0 7.900920 0.067110 -0.624716 0.225655 -0.008845 -0.541860
711 0 10.012400 0.055600 1.625130 0.197190 -0.006059 -0.543760
712 0 7.190810 0.226925 -0.859025 0.220686 -0.039293 -0.780180
714 0 7.944190 0.080005 -0.296715 0.291563 -0.008139 -0.360850
716 0 6.779870 0.341430 -1.204700 0.223522 -0.042505 -0.622550
718 0 9.943500 0.022830 1.641470 0.120200 -0.002613 -0.762070
722 0 9.430960 0.038830 1.567000 0.023155 0.000254 0.244030
723 0 9.621680 0.034740 1.483020 0.155630 -0.002708 -0.337840
725 0 7.733350 0.054040 -0.722589 0.199289 -0.006976 -0.546140
726 0 8.656560 0.057700 0.509175 0.197744 -0.010909 -0.661450
727 0 7.178230 0.289435 -1.048670 0.259789 -0.046398 -0.649940
729 0 9.252940 0.102245 0.930384 0.222337 -0.010111 -0.477870
730 0 8.224940 0.079180 -0.005048 0.269931 -0.007457 -0.340590
731 0 9.090550 0.034605 0.741430 0.186464 -0.006244 -0.805420
732 0 10.048300 0.044900 2.037710 0.099495 -0.002930 -0.214500
733 0 9.987990 0.046220 1.994040 0.128165 -0.002138 -0.241230
738 0 7.930270 0.081270 -0.694274 0.259907 -0.013353 -0.683750
740 0 8.021800 0.171605 -0.333522 0.288150 -0.031805 -0.700800
741 0 9.896300 0.034185 1.889160 0.070000 -0.001358 -0.212550
744 0 10.128400 0.031350 1.985080 0.175570 -0.001449 -0.219590
747 0 7.753720 0.121065 -0.456567 0.271569 -0.010652 -0.348690
748 0 9.649440 0.067755 1.579000 0.188085 -0.002728 -0.207850
750 0 7.392350 0.096210 -1.173830 0.305838 -0.017219 -0.625340
753 0 9.869320 0.051905 1.648060 0.297045 -0.006637 -0.349030
754 0 9.860450 0.049405 1.755730 0.185240 -0.004165 -0.392310
755 0 7.116430 0.231290 -1.014620 0.209773 -0.027519 -0.596300
756 0 8.440690 0.044765 0.150520 0.248947 -0.001471 -0.107200
757 0 10.458600 0.061250 2.284100 0.272930 -0.004397 -0.279480
758 0 7.298370 0.097880 -0.800864 0.143581 -0.006887 -0.513670
759 0 7.042890 0.451245 -0.898178 0.250124 -0.074067 -0.799880
760 0 9.718170 0.047795 1.705770 0.083275 -0.002126 -0.420890
761 0 9.697370 0.078730 1.068260 0.215328 -0.012170 -0.735700
762 0 9.795810 0.051185 1.371790 0.239825 -0.007027 -0.602520
763 0 8.767420 0.049845 0.444733 0.193544 -0.005364 -0.540450
764 0 10.027000 0.093635 1.290480 0.275705 -0.018889 -0.838660
766 0 8.562740 0.056250 0.005507 0.173745 -0.006302 -0.683280
767 0 6.894540 0.220970 -0.831846 0.150991 -0.023062 -0.685420
768 0 10.036500 0.045705 2.154980 0.026735 -0.001563 -0.239900
769 0 8.697660 0.068060 0.268032 0.277205 -0.014780 -0.884550
770 0 9.409620 0.025875 1.128310 0.139124 -0.004083 -0.804450
771 0 9.363330 0.046225 1.374740 0.069115 -0.001174 -0.281170
772 0 8.013930 0.127645 0.058862 0.107566 -0.007587 -0.579790
773 0 9.528760 0.075375 1.283280 0.230285 -0.003374 -0.216100
777 0 8.259550 0.072515 -0.346373 0.216852 -0.010841 -0.739520
778 0 9.350570 0.068585 0.889804 0.308315 -0.013169 -0.692420
779 0 9.350570 0.068585 0.889804 0.308315 -0.013169 -0.692420
780 0 8.009170 0.135035 -0.257959 0.257896 -0.011679 -0.316120
781 0 8.759820 0.029810 0.408199 0.145078 -0.003901 -0.780390
782 0 9.680130 0.024680 1.478060 0.149560 -0.004137 -0.622370
784 0 8.272480 0.087895 -0.330024 0.236864 -0.014459 -0.704830
785 0 7.332000 0.322745 -0.686679 0.213805 -0.042001 -0.676040
786 0 9.921140 0.038385 1.907720 0.061335 -0.000461 -0.152850
788 0 9.123090 0.023535 0.823674 0.263898 -0.002995 -0.356770
789 0 10.109800 0.041000 1.999220 0.225660 -0.004707 -0.124680
792 0 7.650350 0.229270 -0.326926 0.157256 -0.024914 -0.741700
793 0 8.992910 0.082590 1.062560 0.068988 -0.000617 -0.086745
795 0 9.211760 0.075940 0.616058 0.272684 -0.014689 -0.826870
797 0 7.744950 0.130140 -0.464961 0.171541 -0.016836 -0.719000
798 0 8.115720 0.078515 -0.138502 0.294095 -0.012499 -0.460250
799 0 9.286560 0.033385 0.899001 0.147692 -0.004087 -0.803580
800 0 9.158630 0.041075 1.175180 0.076050 -0.001605 -0.322410
801 0 10.032200 0.017100 1.811220 0.081595 -0.001088 -0.647990
803 0 8.904350 0.071485 0.839866 0.194685 -0.004177 -0.334990
805 0 7.907700 0.023420 -0.288706 0.060631 -0.000313 -0.170880
806 0 7.649320 0.164120 -0.792202 0.256577 -0.024315 -0.565880
809 0 9.872490 0.055390 1.476320 0.189565 -0.005616 -0.551200
810 0 9.058970 0.042410 0.637562 0.143462 -0.004646 -0.776220
811 0 7.371890 0.294220 -0.691949 0.212478 -0.035120 -0.595720
812 0 9.273300 0.051275 1.260000 0.207060 -0.003425 -0.342380
814 0 10.319400 0.036100 2.199120 0.252070 -0.007140 -0.670000
815 0 8.179980 0.062600 -0.224819 0.206939 -0.008032 -0.514860
816 0 10.132700 0.042300 1.765430 0.209550 -0.003756 -0.424840
817 0 8.455730 0.172215 0.125358 0.202998 -0.019399 -0.581200
821 0 8.027120 0.077560 -0.576786 0.186181 -0.010373 -0.696880
822 0 9.029660 0.052815 0.768875 0.277882 -0.008718 -0.584080
824 0 8.901840 0.098535 0.810322 0.269580 -0.015651 -0.602560
825 0 8.542350 0.037930 0.048233 0.049071 -0.001273 -0.534600
826 0 9.202750 0.067825 1.200670 0.110600 -0.001071 -0.089791
827 0 7.582420 0.032720 -0.709371 0.137926 -0.002650 -0.425220
828 0 10.453800 0.031000 2.283990 0.181545 -0.003357 -0.361640
829 0 8.621840 0.030210 0.336475 0.160866 -0.004411 -0.734360
830 0 9.469080 0.058745 1.480210 0.131715 -0.004813 -0.555080
831 0 10.428700 0.085450 2.522670 0.091100 -0.001083 -0.085385
832 0 8.673570 0.048995 0.168308 0.131726 -0.004940 -0.829900
835 0 8.751090 0.045500 0.427226 0.184381 -0.003382 -0.402620
836 0 8.132310 0.141030 -0.022820 0.167781 -0.007268 -0.319690
837 0 9.672230 0.039115 1.295950 0.217735 -0.005581 -0.646200
838 0 9.418710 0.019565 1.180550 0.140895 -0.003127 -0.706200
841 0 9.576300 0.062550 1.208400 0.115150 -0.005348 -0.655750
842 0 9.209590 0.092285 0.441284 0.285235 -0.021155 -0.895720
845 0 7.928690 0.106370 -0.650437 0.240657 -0.024109 -0.736930
848 0 8.883010 0.052835 0.458736 0.257582 -0.007491 -0.600360
849 0 9.439230 0.052310 1.369320 0.108015 -0.005463 -0.437380
850 0 8.316000 0.092730 -0.186417 0.167460 -0.013248 -0.703440
851 0 8.023430 0.066290 -0.392408 0.169115 -0.007336 -0.663150
852 0 8.278120 0.097990 -0.354309 0.212899 -0.013710 -0.693340
853 0 10.126200 0.050050 1.656080 0.180695 -0.003959 -0.444760
855 0 10.037000 0.063520 2.101150 0.217965 -0.003352 -0.251630
856 0 8.885500 0.021470 0.600258 0.100869 -0.001639 -0.580420
857 0 9.182370 0.043730 1.263220 0.036365 -0.000312 -0.103750
858 0 8.390680 0.054215 0.023719 0.207181 -0.002705 -0.230140
860 0 7.696820 0.163660 -0.014814 0.099381 -0.008179 -0.501320
862 0 10.405100 0.034900 2.082950 0.229225 -0.005643 -0.492230
863 0 9.781800 0.052435 1.504130 0.271785 -0.009454 -0.675900
864 0 8.928930 0.060240 0.527733 0.146082 -0.004313 -0.498470
865 0 9.639510 0.025540 1.375170 0.134365 -0.003004 -0.709870
866 0 9.130380 0.025650 0.923960 0.136975 -0.003744 -0.630410
867 1 10.604300 0.052200 1.235590 0.069300 -0.002394 -0.598660
868 0 8.873260 0.070555 0.660236 0.231347 -0.009371 -0.639240
870 0 8.093600 0.159410 -0.272459 0.217893 -0.027166 -0.753550
872 0 9.686100 0.040735 1.288000 0.142690 -0.005038 -0.805440
875 0 9.390600 0.030890 1.032520 0.216365 -0.004757 -0.632430
876 1 7.692770 0.210325 0.349144 0.166761 -0.043133 -0.717280
879 0 9.523930 0.050250 1.078730 0.234919 -0.007332 -0.652290
880 0 9.506150 0.035345 1.130230 0.136792 -0.006735 -0.572270
881 0 9.657300 0.029525 1.430810 0.158200 -0.003411 -0.574060
883 0 9.547490 0.098815 1.226530 0.271531 -0.014506 -0.614810
884 0 9.758320 0.043105 1.605180 0.202325 -0.007022 -0.587660
885 0 9.139130 0.039935 1.051450 0.135482 -0.004962 -0.482340
886 0 9.529560 0.075025 1.518630 0.141015 -0.003147 -0.192580
887 0 8.941510 0.059685 0.512222 0.323525 -0.011127 -0.621130
888 0 9.794050 0.037580 1.793360 0.073300 -0.001143 -0.359390
890 0 10.357200 0.080950 1.960210 0.199900 -0.012023 -0.708280
891 0 9.279230 0.078425 0.568555 0.198754 -0.011409 -0.761140
893 0 8.886930 0.068105 0.380907 0.250642 -0.010970 -0.706400
894 0 10.202800 0.030300 1.928840 0.176705 -0.005046 -0.656180
897 0 9.844910 0.034265 1.630140 0.140895 -0.003901 -0.615800
898 0 10.406600 0.034200 2.197700 0.071445 -0.000939 -0.254560
899 0 9.748190 0.064185 1.210410 0.217655 -0.009367 -0.703780
901 0 9.948810 0.031365 1.726730 0.228000 -0.003588 -0.457380
902 0 9.929720 0.054310 1.807360 0.154785 -0.013976 -0.771320
903 0 8.473600 0.163530 0.230844 0.224550 -0.014131 -0.423750
904 0 9.215390 0.024645 1.110280 0.086815 -0.000358 -0.114330
906 0 9.395500 0.050545 1.176490 0.246800 -0.008922 -0.668290
907 0 9.413490 0.055575 1.485460 0.088530 -0.001383 -0.241680
909 0 8.906310 0.078410 0.425011 0.214689 -0.010434 -0.625500
910 0 9.661710 0.057185 1.815790 0.079415 -0.001722 -0.247450
911 0 9.816630 0.055855 1.473950 0.284900 -0.010569 -0.697100
912 0 9.148020 0.073585 0.690084 0.306760 -0.015097 -0.718970
913 0 9.189420 0.063005 0.856345 0.240599 -0.008775 -0.633370
917 0 10.160000 0.041500 1.877900 0.251640 -0.009152 -0.713600
919 0 9.305200 0.039230 1.120830 0.165762 -0.002561 -0.345290
922 0 9.899490 0.041645 1.947510 0.055310 -0.002547 -0.452320
923 0 10.037100 0.059325 2.031030 0.123050 -0.003878 -0.383310
924 0 10.267400 0.074950 2.215660 0.256570 -0.006444 -0.249440
925 0 9.280030 0.055855 0.814154 0.218427 -0.008537 -0.729190
926 0 9.515130 0.035805 1.200180 0.199044 -0.005300 -0.632790
930 0 10.385400 0.039050 2.057380 0.257850 -0.005907 -0.582780
931 0 9.255060 0.104145 1.330550 0.099645 -0.007682 -0.722700
933 0 10.905800 0.055350 2.291010 0.139590 -0.006081 -0.857820
934 0 9.530770 0.048335 1.362820 0.198340 -0.001271 -0.119540
936 0 9.103870 0.103565 0.362130 0.294815 -0.022945 -0.850450
937 0 9.639560 0.087025 1.107340 0.266798 -0.014942 -0.697010
939 0 9.064820 0.065065 0.861800 0.282806 -0.007536 -0.398600
940 0 9.528010 0.033880 1.439300 0.079170 0.000177 0.047575
942 0 9.631070 0.076075 1.612480 0.204575 -0.000587 -0.044022
944 0 9.380660 0.053520 0.991173 0.237917 -0.007446 -0.606040
946 0 9.577980 0.055725 1.713460 0.036555 -0.000072 -0.021871
947 0 9.719440 0.043265 1.403820 0.241170 -0.006497 -0.608880
948 0 9.634730 0.052905 1.462570 0.238610 -0.008026 -0.602890
949 0 10.677700 0.048750 2.224410 0.171360 -0.007416 -0.688260
950 0 10.302900 0.026800 1.986800 0.168390 -0.003796 -0.634990
952 0 9.700260 0.093730 1.518910 0.212760 -0.004554 -0.256660
956 0 9.194500 0.152205 0.455954 0.323339 -0.032781 -0.777190
957 0 10.454000 0.032600 2.026860 0.102735 -0.005555 -0.566710
958 0 9.422320 0.066890 0.862096 0.183522 -0.009331 -0.814800
960 1 10.884200 0.031500 1.990460 0.110260 -0.003757 -0.712020
961 0 10.407400 0.054400 2.003070 0.264920 -0.008613 -0.656820
964 0 9.237320 0.066990 1.286370 0.060315 -0.000526 -0.092246
968 0 10.545100 0.044950 2.145760 0.125675 -0.013970 -0.752290
969 0 9.775600 0.031390 1.423700 0.132910 -0.003605 -0.808560
970 0 9.346310 0.056895 1.013010 0.183684 -0.004340 -0.410570
973 0 10.394100 0.036300 1.973650 0.098465 -0.010297 -0.645240
975 0 9.512330 0.052945 1.655010 0.044535 0.001684 0.249880
976 0 10.695600 0.043350 2.480710 0.140055 0.001556 0.241570
978 0 10.090300 0.045000 2.176250 0.044345 -0.002625 -0.478900
979 0 10.434100 0.055100 2.106370 0.174075 -0.007603 -0.643720
981 0 9.814910 0.065260 1.656830 0.275430 -0.001282 -0.078037
982 0 9.200310 0.092965 1.196570 0.174965 -0.004898 -0.299930
983 0 10.038300 0.091590 1.301620 0.229990 -0.015920 -0.775090
984 0 10.145900 0.043900 2.230120 0.091695 -0.001227 -0.141910
986 0 8.622440 0.112615 0.532829 0.225790 -0.005067 -0.231490
988 0 9.859980 0.034310 1.647030 0.192270 -0.005681 -0.678100
989 1 9.303430 0.100355 0.381684 0.232561 -0.020922 -0.878530
991 0 9.920690 0.061130 1.447660 0.265505 -0.009496 -0.653480
995 0 10.037900 0.043295 1.579170 0.219655 -0.004362 -0.459950
996 0 8.739140 0.051400 0.943952 0.044974 0.000414 0.130460
997 0 9.365970 0.062340 1.030170 0.117928 -0.005289 -0.628640
999 0 10.131000 0.056050 2.132930 0.187340 -0.003657 -0.182530
1003 0 10.187600 0.034800 1.989110 0.153120 -0.003628 -0.547560
1005 0 10.142700 0.070800 1.522220 0.170970 -0.007410 -0.676390
1006 0 10.019100 0.089775 1.505460 0.306860 -0.016447 -0.653360
1007 1 8.190350 0.187465 0.533391 0.135501 -0.021886 -0.877490
1012 0 9.058950 0.071330 0.770688 0.131647 -0.006817 -0.665990
1013 0 10.452600 0.042450 2.183080 0.286055 -0.003927 -0.316580
1015 0 10.205600 0.041400 1.792970 0.153825 -0.005457 -0.857840
1016 0 10.111000 0.028500 1.757050 0.128470 -0.005295 -0.454130
1017 0 9.241350 0.096200 1.257190 0.128915 -0.001939 -0.129370
1018 0 8.764180 0.058945 0.272302 0.255295 -0.009676 -0.690890
1019 0 8.726950 0.091430 0.471628 0.206561 -0.010115 -0.584530
1022 0 10.860000 0.054650 2.463050 0.198875 -0.016245 -0.601860
1024 0 10.847500 0.088100 2.334720 0.167895 -0.009474 -0.583160
1027 0 9.764590 0.062530 1.347300 0.182410 -0.007203 -0.623450
1028 0 10.083300 0.035450 1.707990 0.146325 -0.005134 -0.824020
1030 0 9.869900 0.052730 1.397700 0.187450 -0.007177 -0.755290
1031 0 10.523700 0.061500 2.029220 0.194085 -0.009424 -0.832470
1032 0 9.989760 0.094005 1.905030 0.193080 -0.001084 -0.069620
1034 0 9.230600 0.089995 1.017690 0.229297 -0.004172 -0.209200
1035 0 9.690070 0.039765 1.551510 0.127575 -0.001461 -0.075374
1037 0 10.868700 0.035250 2.461710 0.148510 -0.008655 -0.481020
1040 0 9.223150 0.057400 1.316780 0.153675 -0.006795 -0.641230
