# x xerr y yerr ymodel yresidual
0.988175 0.056250 0.972513 0.213080 0.974001 -0.001488
1.032775 0.108100 0.716963 0.247485 1.017273 -0.300310
0.239765 0.103310 0.268673 0.121055 0.247874 0.020799
0.032295 0.066415 0.273293 0.131845 0.046582 0.226711
0.462965 0.073325 0.299523 0.296849 0.464429 -0.164906
0.115135 0.066900 0.156183 0.205168 0.126955 0.029228
0.056135 0.057575 0.140043 0.265662 0.069712 0.070331
0.876875 0.040450 0.881643 0.212480 0.866015 0.015628
0.862525 0.064445 0.559143 0.195830 0.852092 -0.292949
0.265115 0.041355 0.223563 0.259144 0.272469 -0.048906
0.698895 0.016390 0.779183 0.058265 0.693334 0.085849
0.100945 0.038730 -0.039887 0.168336 0.113188 -0.153075
0.706155 0.053100 0.659843 0.245420 0.700378 -0.040535
0.324105 0.085225 -0.050258 0.211641 0.329703 -0.379961
-0.045444 0.087130 0.213373 0.105467 -0.028843 0.242216
-0.054285 0.059555 -0.141902 0.297320 -0.037421 -0.104481
0.164385 0.062760 0.523063 0.068285 0.174738 0.348325
1.781875 0.045400 1.858123 0.247230 1.744069 0.114054
-0.108905 0.066290 0.151413 0.101041 -0.090414 0.241827
0.211705 0.095525 -0.001727 0.375659 0.220650 -0.222377
0.784725 0.050410 1.017043 0.140455 0.776609 0.240434
1.285775 0.038600 1.354773 0.254140 1.262740 0.092033
0.823265 0.035450 0.832983 0.210680 0.814001 0.018982
1.234875 0.068200 0.882923 0.248990 1.213355 -0.330432
1.631975 0.107400 1.198223 0.367345 1.598632 -0.400410
0.313715 0.060655 0.519293 0.112505 0.319622 0.199671
0.761155 0.028590 0.896693 0.092820 0.753740 0.142953
0.388285 0.060895 0.708153 0.055225 0.391972 0.316181
-0.066785 0.051110 0.118813 0.130488 -0.049548 0.168361
0.072235 0.079180 0.050172 0.266883 0.085332 -0.035160
0.530985 0.066570 0.286273 0.312836 0.530423 -0.244150
-0.157195 0.071360 0.132583 0.173386 -0.137267 0.269850
0.534585 0.035085 0.849183 0.032380 0.533916 0.315267
0.130645 0.071395 0.497203 0.036090 0.142003 0.355200
0.222685 0.042460 0.321513 0.197211 0.231303 0.090210
-0.365515 0.078445 0.058071 0.084178 -0.339384 0.397455
0.328185 0.049100 0.670723 0.062705 0.333662 0.337061
0.366505 0.045495 0.647833 0.059195 0.370840 0.276993
0.146305 0.064370 0.525573 0.035610 0.157197 0.368376
0.110305 0.045815 0.533683 0.066525 0.122269 0.411414
-0.960705 0.147300 -0.781874 0.148353 -0.916853 0.134979
0.050275 0.069750 0.128433 0.223252 0.064026 0.064407
1.048375 0.095750 1.252923 0.205900 1.032409 0.220514
0.872575 0.039560 0.679913 0.250120 0.861843 -0.181930
0.676645 0.067625 0.255923 0.164466 0.671747 -0.415824
-0.070935 0.120575 -0.033940 0.134558 -0.053575 0.019635
-0.185735 0.147280 -0.304442 0.168608 -0.164957 -0.139485
0.562675 0.048145 0.415393 0.201865 0.561170 -0.145777
-0.027395 0.054365 0.339713 0.034280 -0.011332 0.351045
0.136175 0.067600 0.349733 0.162345 0.147369 0.202364
0.058425 0.074190 -0.121758 0.254943 0.071933 -0.193691
0.670625 0.056995 0.793593 0.256040 0.665905 0.127688
1.599276 0.040600 1.367343 0.149935 1.566907 -0.199564
1.229575 0.064150 0.878683 0.235480 1.208214 -0.329531
0.568105 0.040110 0.727553 0.146550 0.566438 0.161115
0.837185 0.052615 1.181593 0.051085 0.827506 0.354087
0.429515 0.037650 0.800713 0.024375 0.431974 0.368739
1.081475 0.109100 0.836953 0.345685 1.064523 -0.227570
0.768185 0.048115 0.898793 0.233515 0.760561 0.138232
1.131175 0.061950 1.088243 0.271350 1.112743 -0.024500
0.205005 0.098010 -0.646453 0.156360 0.214149 -0.860602
-0.007375 0.079060 -0.383193 0.218560 0.008093 -0.391286
1.011476 0.043400 1.060513 0.219890 0.996608 0.063905
0.130816 0.058755 0.459103 0.038765 0.142169 0.316934
0.441665 0.070450 0.222283 0.189603 0.443762 -0.221479
0.948375 0.023950 0.925843 0.164030 0.935386 -0.009543
0.728285 0.049875 0.690243 0.200965 0.721849 -0.031606
0.077146 0.101600 0.298283 0.127395 0.090097 0.208186
0.978476 0.063100 0.634373 0.147300 0.964590 -0.330217
0.803185 0.045875 1.111983 0.039235 0.794519 0.317464
-0.015025 0.069030 0.183053 0.225054 0.000670 0.182383
-0.138065 0.074655 -0.480750 0.245540 -0.118707 -0.362043
0.876075 0.047570 0.808883 0.266795 0.865238 -0.056355
0.246215 0.081220 -0.067730 0.313847 0.254132 -0.321862
0.931475 0.045950 0.878543 0.264700 0.918989 -0.040446
0.147745 0.076935 0.477823 0.194290 0.158594 0.319229
0.497055 0.061290 0.153553 0.211563 0.497504 -0.343951
0.878875 0.047025 1.140293 0.100695 0.867955 0.272338
1.505675 0.096000 0.674183 0.190970 1.476093 -0.801910
-0.072335 0.083370 -0.228305 0.331628 -0.054934 -0.173372
-0.377835 0.051875 -0.106061 0.078600 -0.351338 0.245276
0.586966 0.041570 0.627543 0.197970 0.584737 0.042806
1.389775 0.033600 1.196343 0.072550 1.363644 -0.167301
-0.448825 0.071900 -0.329062 0.266670 -0.420213 0.091151
0.626125 0.040910 0.597803 0.238595 0.622731 -0.024928
0.886675 0.050840 0.658663 0.157020 0.875523 -0.216860
-0.867705 0.170525 -0.763229 0.186390 -0.826622 0.063393
1.332875 0.057550 1.259013 0.280435 1.308438 -0.049425
0.607055 0.044980 0.660573 0.256585 0.604228 0.056345
1.933275 0.046500 1.792103 0.210660 1.890962 -0.098858
0.715225 0.093665 0.957623 0.257090 0.709178 0.248445
-0.059885 0.087185 0.127753 0.173007 -0.042854 0.170607
-0.400875 0.062430 0.089050 0.048987 -0.373691 0.462741
0.437165 0.034270 0.708153 0.056980 0.439397 0.268756
-0.542745 0.175730 -0.427483 0.163025 -0.511337 0.083854
1.192676 0.028800 1.235153 0.212635 1.172413 0.062740
1.149776 0.025550 1.125763 0.151015 1.130790 -0.005027
0.026995 0.066380 0.116903 0.289471 0.041439 0.075464
0.551975 0.042785 0.816253 0.084230 0.550789 0.265464
0.575365 0.047765 0.402083 0.257010 0.573482 -0.171399
0.547485 0.088995 0.271493 0.146510 0.546432 -0.274939
0.314605 0.072430 0.009934 0.246922 0.320486 -0.310552
0.380715 0.042690 0.366733 0.213440 0.384628 -0.017895
-0.222795 0.093590 -0.253269 0.116390 -0.200913 -0.052356
1.613475 0.044350 0.490783 0.052040 1.580683 -1.089900
-0.156825 0.086175 -0.348906 0.311711 -0.136908 -0.211998
1.163176 0.022300 1.341253 0.067320 1.143791 0.197462
0.153075 0.092990 0.369033 0.127840 0.163766 0.205267
0.200675 0.051490 0.293463 0.228073 0.209948 0.083515
0.876375 0.074520 1.043853 0.223340 0.865530 0.178323
0.138535 0.065440 0.513933 0.037275 0.149659 0.364274
0.307905 0.050765 0.618173 0.046365 0.313986 0.304187
0.670055 0.049655 0.951243 0.070985 0.665353 0.285890
0.465005 0.047825 0.571043 0.213410 0.466408 0.104635
0.425845 0.060645 0.300183 0.123315 0.428414 -0.128231
1.721675 0.021200 1.630803 0.190205 1.685662 -0.054859
0.082015 0.039255 0.149403 0.165755 0.094821 0.054582
0.499065 0.082895 0.811403 0.157085 0.499454 0.311949
0.114785 0.053655 0.500773 0.052305 0.126616 0.374157
0.783805 0.057810 1.051953 0.111335 0.775716 0.276237
0.894775 0.050365 0.819363 0.245435 0.883382 -0.064019
-0.228365 0.083880 -0.372210 0.351990 -0.206318 -0.165892
0.348866 0.085535 0.653233 0.119445 0.353726 0.299507
0.484965 0.047415 0.834933 0.028190 0.485774 0.349159
0.722595 0.025830 0.833793 0.109380 0.716329 0.117464
0.325405 0.075240 0.513903 0.275110 0.330964 0.182939
0.362395 0.054260 0.422173 0.276824 0.366853 0.055320
-0.041915 0.028070 -0.150014 0.141600 -0.025419 -0.124595
0.594405 0.046325 0.482643 0.204980 0.591955 -0.109312
1.601475 0.061450 0.735443 0.146790 1.569040 -0.833597
0.369215 0.050415 0.770513 0.032400 0.373470 0.397043
0.619355 0.035230 0.674403 0.153905 0.616162 0.058241
-0.211385 0.054690 -0.232621 0.267552 -0.189843 -0.042778
0.842936 0.047625 1.092253 0.060210 0.833086 0.259167
0.820405 0.081935 1.073813 0.175315 0.811226 0.262587
0.330265 0.085690 0.155073 0.277949 0.335680 -0.180607
0.097995 0.039620 0.112483 0.219255 0.110325 0.002158
0.258145 0.054160 0.595533 0.037640 0.265707 0.329826
-0.002105 0.102850 -0.252166 0.198279 0.013206 -0.265372
0.923075 0.060900 1.264433 0.049970 0.910839 0.353594
0.016706 0.065970 -0.002815 0.171569 0.031456 -0.034271
-0.175045 0.088680 -0.310554 0.218926 -0.154585 -0.155969
-0.258725 0.087900 -0.291695 0.287618 -0.235774 -0.055921
0.741065 0.136430 0.406013 0.191120 0.734248 -0.328235
-0.356095 0.056170 -0.121995 0.148419 -0.330245 0.208250
-0.047555 0.073355 0.163013 0.138160 -0.030891 0.193904
0.608885 0.034615 0.750173 0.114390 0.606004 0.144169
0.366765 0.056775 0.135113 0.262342 0.371093 -0.235980
0.395935 0.073165 0.566003 0.290580 0.399394 0.166609
0.376165 0.083865 0.246183 0.338836 0.380213 -0.134030
0.369585 0.036960 0.706923 0.024950 0.373829 0.333094
0.249015 0.083890 0.582253 0.077745 0.256849 0.325404
0.139435 0.056905 0.442413 0.054085 0.150531 0.291882
0.389385 0.062535 0.232353 0.152678 0.393040 -0.160687
0.900875 0.032200 1.129123 0.063640 0.889300 0.239823
0.821605 0.048060 0.975253 0.172470 0.812390 0.162863
-1.529035 0.319455 -1.028484 0.157868 -1.468261 0.439777
0.470815 0.043850 0.559583 0.241425 0.472045 0.087538
1.437375 0.059350 1.203893 0.061815 1.409826 -0.205933
0.517525 0.033825 0.608323 0.093740 0.517364 0.090959
-1.473715 0.160655 -1.755333 0.298856 -1.414588 -0.340745
-1.374835 0.158405 -1.046464 0.170968 -1.318652 0.272188
-0.326115 0.071170 -0.106455 0.143599 -0.301157 0.194702
-0.628284 0.192960 -0.798519 0.220924 -0.594330 -0.204189
-0.720205 0.034255 -0.518290 0.112048 -0.683514 0.165224
-0.085635 0.095770 0.198183 0.127377 -0.067837 0.266020
-0.109815 0.042185 0.293993 0.032900 -0.091297 0.385290
-1.373035 0.120765 -1.019601 0.174240 -1.316906 0.297305
-0.466905 0.093990 -0.419412 0.247982 -0.437755 0.018343
-0.315315 0.077880 -0.406255 0.254429 -0.290679 -0.115576
0.052645 0.055370 -0.036232 0.188271 0.066325 -0.102557
-1.047765 0.136910 -1.236112 0.249414 -1.001320 -0.234792
-0.579325 0.038705 -0.623434 0.197208 -0.546828 -0.076606
-0.048145 0.038735 -0.040871 0.189472 -0.031464 -0.009407
-0.538525 0.023145 -0.533477 0.119608 -0.507243 -0.026235
0.418805 0.036495 0.517293 0.138760 0.421584 0.095709
-0.277425 0.056305 0.037065 0.073180 -0.253917 0.290982
-0.289414 0.065450 -0.599353 0.203332 -0.265549 -0.333804
0.629126 0.068655 0.761633 0.194610 0.625642 0.135991
-1.381605 0.263015 -1.182900 0.182223 -1.325220 0.142321
-1.417925 0.304005 -1.063040 0.192924 -1.360459 0.297419
-0.631124 0.043015 -0.337545 0.066207 -0.597085 0.259540
-1.528455 0.224025 -1.637472 0.242042 -1.467698 -0.169774
-0.871035 0.165680 -0.756381 0.171959 -0.829852 0.073471
0.440655 0.076040 0.236693 0.299472 0.442783 -0.206090
-2.057775 0.182160 -1.407682 0.093649 -1.981258 0.573576
0.541445 0.039340 0.844593 0.042470 0.540572 0.304021
-0.582475 0.060135 -0.725541 0.202006 -0.549884 -0.175657
0.377325 0.023795 0.460863 0.128350 0.381339 0.079524
0.114255 0.088425 0.342853 0.182955 0.126101 0.216752
-0.914635 0.046570 -0.788431 0.173459 -0.872154 0.083723
-0.577044 0.062280 -0.699255 0.150888 -0.544615 -0.154640
-0.560295 0.053395 -0.458369 0.196575 -0.528365 0.069996
-1.014645 0.077960 -1.269962 0.214706 -0.969186 -0.300776
-1.163155 0.077395 -1.184361 0.217777 -1.113275 -0.071086
0.622766 0.041840 0.955903 0.037355 0.619471 0.336432
0.256155 0.060310 0.037999 0.245604 0.263776 -0.225777
1.315875 0.053950 0.282163 0.082205 1.291944 -1.009781
-1.261165 0.127730 -1.594198 0.248818 -1.208366 -0.385832
-0.325035 0.051515 -0.392005 0.269239 -0.300109 -0.091896
-1.156595 0.254760 -1.061543 0.218153 -1.106910 0.045367
-0.306895 0.025950 -0.245184 0.116226 -0.282510 0.037326
-1.217725 0.138575 -1.053702 0.238384 -1.166220 0.112518
-0.530005 0.062085 -0.796661 0.226373 -0.498976 -0.297685
-0.711615 0.021020 -0.680313 0.071944 -0.675179 -0.005134
0.267745 0.076005 0.591753 0.088355 0.275021 0.316732
-1.298645 0.150835 -1.393151 0.232467 -1.244731 -0.148420
-0.685995 0.023375 -0.709061 0.113496 -0.650322 -0.058739
-0.995225 0.049185 -1.088890 0.210488 -0.950345 -0.138545
-0.810055 0.148205 -0.763361 0.162565 -0.770688 0.007327
-1.615785 0.106570 -1.077269 0.107888 -1.552428 0.475159
0.145165 0.033870 0.266083 0.129620 0.156091 0.109992
-0.807245 0.138205 -0.857318 0.239984 -0.767962 -0.089356
0.609125 0.056880 0.814943 0.226855 0.606237 0.208706
-0.737715 0.060040 -0.891666 0.252010 -0.700502 -0.191164
-1.118665 0.088530 -1.381145 0.228758 -1.070109 -0.311036
0.844595 0.038875 1.061963 0.108830 0.834696 0.227267
0.837626 0.042615 1.048003 0.131625 0.827934 0.220069
0.497095 0.035455 0.641843 0.109775 0.497543 0.144300
-0.675415 0.086695 -0.576277 0.098700 -0.640057 0.063780
-0.921895 0.145115 -0.919822 0.189844 -0.879198 -0.040624
-0.138925 0.060750 0.133473 0.059503 -0.119540 0.253013
0.188766 0.042115 0.434683 0.124645 0.198393 0.236290
0.073475 0.032750 0.090942 0.203192 0.086535 0.004407
-0.640445 0.104050 -0.976732 0.170476 -0.606128 -0.370604
0.174405 0.082260 0.195073 0.234098 0.184460 0.010613
0.022645 0.046960 0.157313 0.120463 0.037219 0.120094
-1.293565 0.150985 -1.591210 0.313424 -1.239802 -0.351408
-1.165315 0.053335 -0.809617 0.150812 -1.115370 0.305753
0.778725 0.072655 1.024223 0.245950 0.770787 0.253436
-0.499265 0.090810 -0.578161 0.254640 -0.469152 -0.109009
-0.261645 0.053505 -0.357701 0.234980 -0.238607 -0.119094
0.037705 0.051995 -0.139716 0.276139 0.051831 -0.191547
0.733195 0.061585 1.020733 0.071360 0.726613 0.294120
-1.451705 0.245155 -0.709188 0.124455 -1.393234 0.684046
-0.061325 0.077150 -0.421945 0.147850 -0.044251 -0.377694
-0.923244 0.164000 -0.929410 0.191247 -0.880508 -0.048903
0.804885 0.104960 0.561103 0.385515 0.796168 -0.235065
0.857326 0.022220 0.890663 0.103680 0.847047 0.043616
-1.492095 0.127740 -1.601313 0.192539 -1.432421 -0.168892
0.204195 0.062320 0.452113 0.135820 0.213363 0.238750
1.135675 0.114800 1.014033 0.212445 1.117110 -0.103077
-1.180085 0.171340 -0.622262 0.097487 -1.129701 0.507439
-0.408555 0.040080 -0.275274 0.112163 -0.381143 0.105869
-0.481105 0.071710 -0.788954 0.249635 -0.451532 -0.337422
-0.502695 0.114485 -0.036306 0.087633 -0.472480 0.436174
0.380405 0.080390 0.402213 0.287430 0.384327 0.017886
0.369175 0.081070 0.550123 0.206175 0.373431 0.176692
-0.686045 0.112045 -0.517307 0.203783 -0.650370 0.133063
-0.034425 0.044175 -0.227227 0.228161 -0.018152 -0.209075
-1.072685 0.090130 -1.384356 0.217341 -1.025499 -0.358857
-0.693954 0.058495 -0.577820 0.187831 -0.658045 0.080224
-1.132995 0.074900 -1.188429 0.218123 -1.084013 -0.104416
-1.338415 0.096355 -1.517005 0.292699 -1.283316 -0.233689
-1.026424 0.083185 -0.834802 0.210008 -0.980615 0.145814
-1.106495 0.141070 -1.179910 0.167177 -1.058302 -0.121608
0.173115 0.086635 0.014305 0.363813 0.183208 -0.168903
-0.337845 0.082250 -0.107142 0.210738 -0.312538 0.205396
-1.798785 0.126190 -1.659913 0.156306 -1.729979 0.070066
-0.779155 0.030320 -0.833273 0.192687 -0.740708 -0.092565
-1.492755 0.110900 -1.778486 0.229690 -1.433061 -0.345425
-0.930825 0.127590 -1.075194 0.202775 -0.887863 -0.187331
-1.040114 0.094385 -1.317556 0.243307 -0.993898 -0.323658
-1.073515 0.068635 -1.119951 0.125104 -1.026304 -0.093647
-0.268825 0.073060 0.101523 0.050382 -0.245573 0.347096
-1.484765 0.175805 -1.350111 0.197122 -1.425309 0.075198
-0.751534 0.040115 -0.883845 0.181715 -0.713910 -0.169935
-0.164675 0.029035 -0.125455 0.154840 -0.144524 0.019069
0.265905 0.074760 0.409603 0.236905 0.273236 0.136367
-1.593885 0.268190 -1.498512 0.224418 -1.531180 0.032668
-0.329415 0.034065 -0.405871 0.160350 -0.304359 -0.101512
0.009895 0.037185 0.182773 0.118623 0.024849 0.157924
-1.301755 0.119305 -1.365490 0.219267 -1.247748 -0.117742
-0.461915 0.026070 -0.460547 0.129839 -0.432914 -0.027633
0.312165 0.039360 0.684643 0.025685 0.318119 0.366524
-0.397355 0.058615 -0.693261 0.109604 -0.370276 -0.322985
0.843195 0.028960 0.797673 0.153370 0.833338 -0.035665
-1.024645 0.088910 -1.275577 0.251242 -0.978889 -0.296688
-0.578325 0.090375 -0.394931 0.239395 -0.545858 0.150927
-0.061035 0.037425 -0.130534 0.228166 -0.043970 -0.086564
-0.445955 0.210320 -0.403356 0.173087 -0.417429 0.014073
-1.517225 0.117300 -1.590577 0.177584 -1.456803 -0.133774
-0.785035 0.069705 -0.985439 0.280120 -0.746413 -0.239026
-0.250175 0.053100 0.068239 0.038498 -0.227478 0.295717
-0.266075 0.187440 -0.686105 0.401657 -0.242905 -0.443200
-0.952295 0.083075 -0.919001 0.170343 -0.908693 -0.010307
-0.809565 0.090100 -1.060902 0.312739 -0.770212 -0.290690
-0.115635 0.050890 -0.101841 0.200537 -0.096944 -0.004897
-0.112595 0.052425 -0.072524 0.210630 -0.093994 0.021470
-1.113075 0.221885 -1.089680 0.236841 -1.064686 -0.024994
-1.038575 0.083205 -1.350650 0.179228 -0.992404 -0.358246
-0.958895 0.293905 -0.765202 0.198865 -0.915096 0.149894
-1.594675 0.231510 -1.338975 0.214134 -1.531947 0.192972
-0.768295 0.192945 -0.865593 0.184596 -0.730172 -0.135421
-2.495115 0.350025 -2.037207 0.184051 -2.405577 0.368370
-0.433425 0.051135 -0.423036 0.268096 -0.405272 -0.017764
-0.512685 0.033025 -0.469056 0.167574 -0.482172 0.013116
-0.444885 0.105055 -0.639733 0.213349 -0.416391 -0.223342
-0.868035 0.086375 -1.194025 0.306376 -0.826942 -0.367083
-2.027415 0.052030 -0.401723 0.278672 -1.951802 1.550079
-1.227845 0.174655 -1.202479 0.190884 -1.176039 -0.026440
-0.762215 0.122885 -0.430093 0.122383 -0.724272 0.294179
-0.678494 0.144880 -0.387663 0.120266 -0.643045 0.255382
-0.573205 0.071115 -0.851741 0.263038 -0.540890 -0.310851
-1.136684 0.042425 -1.304269 0.144939 -1.087592 -0.216677
-0.870305 0.034035 -0.879101 0.096530 -0.829144 -0.049957
-0.979345 0.083590 -1.232648 0.305389 -0.934938 -0.297710
-1.289975 0.067525 -1.517767 0.290619 -1.236319 -0.281448
-0.610185 0.151375 -0.519099 0.133989 -0.576769 0.057670
0.820685 0.041835 1.081633 0.044975 0.811498 0.270135
-0.940885 0.054895 -1.007893 0.224615 -0.897623 -0.110270
0.192145 0.099310 0.090337 0.299318 0.201672 -0.111335
-1.687355 0.233175 -0.955538 0.101719 -1.621867 0.666329
0.085155 0.017720 0.163103 0.082992 0.097868 0.065235
0.546515 0.114965 0.286633 0.355058 0.545491 -0.258858
0.231835 0.038940 0.638373 0.050685 0.240181 0.398192
0.146845 0.117805 0.114253 0.433841 0.157721 -0.043468
-0.933355 0.080355 -1.022683 0.194434 -0.890317 -0.132366
-0.745725 0.105285 -0.417386 0.160391 -0.708273 0.290887
-1.016965 0.127405 -0.612336 0.132255 -0.971438 0.359102
-1.453085 0.119170 -1.416580 0.201238 -1.394572 -0.022007
0.303685 0.045025 0.608103 0.064745 0.309891 0.298212
0.290976 0.051010 0.566993 0.095400 0.297560 0.269433
-1.588465 0.193915 -0.757305 0.108692 -1.525921 0.768616
-1.803195 0.192860 -1.472878 0.158735 -1.734258 0.261380
0.007475 0.044370 0.264863 0.071500 0.022500 0.242363
-1.025835 0.036120 -1.408882 0.066581 -0.980044 -0.428838
-0.265665 0.041920 -0.340524 0.230299 -0.242507 -0.098017
-0.265665 0.041920 -0.340524 0.230299 -0.242507 -0.098017
-0.122615 0.062410 0.097489 0.110440 -0.103716 0.201205
0.014545 0.042975 -0.043717 0.244522 0.029360 -0.073077
1.108675 0.039150 1.185303 0.192505 1.090913 0.094390
1.105075 0.035900 1.247063 0.124805 1.087420 0.159643
-1.600115 0.256450 -1.261591 0.170499 -1.537225 0.275634
-0.979935 0.066730 -1.097288 0.173833 -0.935510 -0.161778
-0.876135 0.056475 -1.020694 0.208748 -0.834801 -0.185893
-1.247385 0.061290 -1.207198 0.245676 -1.194997 -0.012201
0.605045 0.062580 0.284813 0.134910 0.602279 -0.317466
-0.911065 0.205005 -0.720944 0.152323 -0.868691 0.147747
-1.495975 0.066340 -1.294583 0.160214 -1.436185 0.141602
-0.899035 0.100580 -1.338295 0.212248 -0.857018 -0.481277
-1.338135 0.240455 -1.193869 0.189186 -1.283045 0.089176
0.039625 0.022185 0.059331 0.131729 0.053693 0.005638
-0.743675 0.057105 -0.960213 0.203919 -0.706285 -0.253929
-1.587905 0.135420 -1.780208 0.244850 -1.525378 -0.254830
-1.092435 0.069710 -1.403087 0.239487 -1.044660 -0.358427
0.087575 0.033975 0.262353 0.080590 0.100215 0.162137
0.085605 0.064105 -0.116817 0.269001 0.098304 -0.215121
-1.869255 0.143550 -0.891580 0.061343 -1.798351 0.906771
0.291715 0.037115 0.569343 0.063475 0.298277 0.271066
0.395215 0.040770 0.587783 0.125735 0.398696 0.189087
-0.792715 0.058340 -0.993158 0.120449 -0.753865 -0.239293
-1.718065 0.225620 -1.564137 0.201659 -1.651663 0.087526
-1.512055 0.123230 -1.918867 0.260125 -1.451787 -0.467080
-1.058235 0.099170 -1.299766 0.270505 -1.011479 -0.288287
-1.265705 0.094505 -1.440367 0.255883 -1.212772 -0.227595
-0.934725 0.098880 -1.242341 0.345315 -0.891646 -0.350695
-0.718985 0.131835 -0.349007 0.087190 -0.682329 0.333322
-0.309365 0.023945 -0.887548 0.087138 -0.284906 -0.602641
-0.345085 0.059905 -0.515913 0.215663 -0.319563 -0.196350
-1.704595 0.209695 -1.483919 0.163123 -1.638594 0.154675
-1.452285 0.211210 -1.263670 0.168005 -1.393796 0.130126
0.003005 0.044820 -0.228255 0.157485 0.018164 -0.246419
0.008035 0.050535 -0.278203 0.189003 0.023043 -0.301246
-1.336185 0.113670 -1.611429 0.198438 -1.281153 -0.330276
-0.715215 0.050105 -0.407395 0.086199 -0.678672 0.271277
0.615635 0.051475 0.896643 0.100680 0.612553 0.284090
-1.685135 0.092815 -1.744414 0.232426 -1.619713 -0.124701
-0.585915 0.043945 -0.751650 0.158414 -0.553221 -0.198429
-2.022545 0.242300 -1.635792 0.149443 -1.947077 0.311285
-0.750814 0.067220 -0.920450 0.203489 -0.713212 -0.207238
-0.874155 0.055530 -0.959828 0.277787 -0.832880 -0.126948
-0.519165 0.109820 -0.372720 0.200031 -0.488459 0.115739
-0.952925 0.085515 -1.203127 0.135535 -0.909304 -0.293823
-1.019965 0.046805 -1.282786 0.175835 -0.974349 -0.308437
0.556165 0.071550 0.870183 0.072160 0.554853 0.315330
0.515855 0.064445 0.725523 0.252630 0.515744 0.209779
-0.226954 0.043775 0.083005 0.045830 -0.204949 0.287954
-1.688685 0.215185 -1.878599 0.278323 -1.623158 -0.255441
-1.387285 0.050460 -1.582929 0.215646 -1.330731 -0.252198
-0.830025 0.045425 -0.988699 0.208849 -0.790063 -0.198636
-2.103815 0.345530 -1.912107 0.247127 -2.025928 0.113821
-0.035785 0.067940 -0.390581 0.191600 -0.019471 -0.371110
-0.335975 0.076870 -0.143531 0.157412 -0.310723 0.167192
-0.730635 0.087975 -0.906209 0.160272 -0.693633 -0.212576
-1.754485 0.101305 -1.685984 0.142727 -1.686998 0.001014
-0.194654 0.067740 0.149683 0.104526 -0.173611 0.323294
0.464585 0.027580 0.398043 0.159800 0.466001 -0.067958
0.559965 0.047785 0.708233 0.276415 0.558541 0.149692
-1.756395 0.264190 -0.921023 0.115693 -1.688852 0.767828
-0.438225 0.052285 -0.735667 0.158254 -0.409929 -0.325738
-1.555315 0.250990 -0.264450 0.380964 -1.493759 1.229309
-0.844415 0.116670 -1.110624 0.261440 -0.804025 -0.306599
-1.206095 0.079825 -1.342832 0.207940 -1.154936 -0.187896
-1.761585 0.085230 -1.907227 0.201391 -1.693887 -0.213340
-0.180285 0.072950 0.053882 0.160105 -0.159669 0.213551
-1.710665 0.191220 -1.496432 0.176953 -1.644483 0.148051
-2.220475 0.254570 -1.736032 0.184108 -2.139114 0.403082
-0.992405 0.242115 -0.630440 0.151009 -0.947609 0.317169
0.133255 0.064345 -0.286253 0.188476 0.144535 -0.430788
0.356145 0.036375 0.287093 0.207361 0.360789 -0.073696
0.040875 0.054005 -0.027592 0.261856 0.054906 -0.082498
0.032765 0.046330 0.039231 0.236806 0.047038 -0.007807
-1.382925 0.215080 -1.085421 0.150921 -1.326501 0.241080
0.764875 0.048565 0.917873 0.180135 0.757350 0.160523
-1.455945 0.151690 -1.170686 0.145973 -1.397347 0.226661
-0.796765 0.050380 -0.900563 0.255178 -0.757794 -0.142769
-1.287915 0.070630 -1.526105 0.185384 -1.234320 -0.291785
-0.854875 0.072660 -1.146996 0.284772 -0.814173 -0.332823
0.396065 0.026020 0.414233 0.137065 0.399520 0.014713
-0.609595 0.036445 -0.550010 0.169244 -0.576197 0.026187
-1.442675 0.304155 -1.546275 0.306030 -1.384473 -0.161802
-0.667145 0.050185 -0.619077 0.240276 -0.632033 0.012956
-1.307315 0.113595 -1.446618 0.269246 -1.253143 -0.193475
-0.900535 0.131640 -0.908652 0.178987 -0.858474 -0.050178
-1.579275 0.099065 -0.303630 0.085893 -1.517005 1.213375
0.560205 0.058050 0.958743 0.038325 0.558774 0.399969
-0.397375 0.058795 -0.215838 0.272114 -0.370296 0.154458
0.416455 0.032515 0.627603 0.086605 0.419304 0.208299
-0.303275 0.088325 -0.651498 0.239541 -0.278997 -0.372501
-1.257695 0.131535 -1.222240 0.244409 -1.205000 -0.017240
0.232355 0.043055 0.463083 0.119655 0.240685 0.222398
-1.760675 0.263610 -1.561298 0.195072 -1.693004 0.131706
-0.932535 0.070710 -1.008125 0.285625 -0.889522 -0.118603
0.977076 0.029250 1.086773 0.136420 0.963232 0.123541
-0.986885 0.128265 -0.897456 0.178683 -0.942253 0.044798
-1.888025 0.208715 -1.646742 0.167829 -1.816562 0.169820
-1.572525 0.226740 -1.402164 0.221296 -1.510456 0.108292
-0.697215 0.083900 -1.081563 0.247449 -0.661208 -0.420355
-0.414295 0.067360 -0.494209 0.098323 -0.386712 -0.107497
-0.460595 0.081370 -0.479552 0.110888 -0.431633 -0.047919
-0.745145 0.077490 -0.992839 0.286155 -0.707711 -0.285128
-0.546775 0.060275 -0.682873 0.215041 -0.515247 -0.167626
-0.316105 0.051530 -0.357802 0.221073 -0.291445 -0.066357
-1.341145 0.050855 -1.402105 0.241002 -1.285965 -0.116140
0.465895 0.036290 0.521033 0.198310 0.467271 0.053762
-1.575885 0.156160 -1.708589 0.218443 -1.513716 -0.194873
0.226595 0.062705 0.100196 0.143505 0.235096 -0.134900
-1.043785 0.088615 -1.347479 0.194100 -0.997459 -0.350020
-0.271755 0.110760 -0.166413 0.171318 -0.248416 0.082003
0.371455 0.043965 0.722723 0.085090 0.375643 0.347080
-0.876435 0.105490 -1.537509 0.171475 -0.835092 -0.702417
-0.716485 0.065095 -0.777983 0.238639 -0.679904 -0.098079
-1.935475 0.435575 -1.519208 0.245887 -1.862600 0.343392
0.391105 0.026635 0.549593 0.093145 0.394708 0.154885
0.390875 0.027725 0.515653 0.121515 0.394485 0.121168
0.665155 0.046375 0.929443 0.096285 0.660599 0.268844
-1.192405 0.136505 -1.085036 0.126260 -1.141654 0.056618
0.220995 0.076285 0.269943 0.364682 0.229663 0.040280
-1.981635 0.171965 -2.177147 0.291153 -1.907385 -0.269761
0.178655 0.024510 0.478783 0.027660 0.188583 0.290200
0.243385 0.059500 0.589553 0.035470 0.251387 0.338166
-1.777975 0.106320 -1.937497 0.209821 -1.709789 -0.227708
-0.047105 0.091645 -0.026037 0.142503 -0.030454 0.004417
-0.449065 0.053555 -0.063701 0.038523 -0.420447 0.356746
-2.187565 0.190565 -2.164567 0.238625 -2.107184 -0.057383
-0.316805 0.039800 -0.103909 0.084655 -0.292124 0.188215
-0.752185 0.081170 -0.978951 0.165594 -0.714541 -0.264410
0.318525 0.024195 0.426993 0.086320 0.324289 0.102704
0.862735 0.029530 0.990993 0.129215 0.852296 0.138697
-1.023785 0.056485 -1.062927 0.251710 -0.978054 -0.084873
-0.739855 0.158965 -0.911780 0.188600 -0.702578 -0.209202
-0.716155 0.064435 -0.941189 0.267414 -0.679584 -0.261605
-1.251105 0.046245 -1.345048 0.206581 -1.198606 -0.146442
-0.764085 0.072845 -1.467644 0.218004 -0.726087 -0.741557
0.275875 0.030550 0.232323 0.159246 0.282909 -0.050586
0.592575 0.054940 0.287823 0.217218 0.590180 -0.302357
-1.117265 0.107740 -1.256095 0.225040 -1.068751 -0.187344
1.058175 0.037450 1.231253 0.153070 1.041917 0.189336
-1.179255 0.151595 -1.643712 0.292839 -1.128896 -0.514816
-1.095405 0.050515 -1.237518 0.112216 -1.047542 -0.189976
-0.944715 0.073730 -0.913040 0.224000 -0.901338 -0.011701
-0.355045 0.016170 -0.287292 0.067774 -0.329226 0.041934
-0.324594 0.015545 -0.263107 0.060755 -0.299682 0.036575
-0.796005 0.069500 -0.624805 0.163991 -0.757057 0.132252
-1.126715 0.075085 -1.118886 0.257275 -1.077920 -0.040966
-0.125405 0.051885 -0.075221 0.249789 -0.106423 0.031202
-1.578405 0.193405 -1.570916 0.231964 -1.516161 -0.054755
-1.216045 0.084975 -0.898083 0.164831 -1.164590 0.266507
-1.365845 0.033940 -1.414102 0.156772 -1.309930 -0.104172
-0.059575 0.040950 0.131273 0.094848 -0.042553 0.173826
-1.751375 0.262525 -1.901077 0.307635 -1.683981 -0.217096
1.495075 0.029550 1.518213 0.179830 1.465809 0.052404
-1.830205 0.177525 -1.375856 0.119711 -1.760464 0.384608
0.610295 0.031450 0.828553 0.072065 0.607372 0.221181
-0.875575 0.122605 -1.026796 0.249699 -0.834258 -0.192538
0.976376 0.050000 0.906833 0.196825 0.962553 -0.055720
-0.171895 0.059195 -0.161190 0.275364 -0.151529 -0.009661
-0.060085 0.042645 0.242673 0.054925 -0.043048 0.285721
-0.783245 0.051410 -0.550261 0.145654 -0.744677 0.194416
-0.486105 0.016635 -0.444699 0.067371 -0.456384 0.011685
-0.322715 0.035570 -0.391387 0.290662 -0.297858 -0.093529
-0.872635 0.084425 -1.190794 0.257553 -0.831405 -0.359389
0.181335 0.042155 0.197683 0.197031 0.191184 0.006499
-0.396775 0.074380 -0.493872 0.268126 -0.369714 -0.124158
0.400175 0.044370 0.413503 0.277384 0.403508 0.009995
-1.480645 0.216265 -1.449193 0.221576 -1.421312 -0.027881
-1.143505 0.090915 -1.177461 0.217321 -1.094210 -0.083251
-1.646965 0.100525 -1.954097 0.267763 -1.582680 -0.371417
0.021005 0.061095 -0.543848 0.138278 0.035627 -0.579475
-1.771515 0.272035 -1.487523 0.181599 -1.703521 0.215998
-1.536045 0.145345 -1.780767 0.238746 -1.475062 -0.305704
0.766805 0.045155 1.098853 0.037690 0.759222 0.339631
0.741525 0.053105 0.934483 0.274195 0.734694 0.199789
-0.975125 0.085685 -1.156468 0.295165 -0.930844 -0.225624
-1.236105 0.067110 -1.512793 0.225655 -1.184053 -0.328740
0.875375 0.055600 0.737053 0.197190 0.864559 -0.127506
-1.946215 0.226925 -1.747102 0.220686 -1.873020 0.125918
-1.192835 0.080005 -1.184792 0.291563 -1.142071 -0.042721
-2.357155 0.341430 -2.092777 0.223522 -2.271724 0.178947
0.806475 0.022830 0.753393 0.120200 0.797711 -0.044318
0.293935 0.038830 0.678923 0.023155 0.300431 0.378492
0.484655 0.034740 0.594943 0.155630 0.485473 0.109470
-1.403675 0.054040 -1.610666 0.199289 -1.346634 -0.264032
-0.480465 0.057700 -0.378902 0.197744 -0.450911 0.072009
-1.958795 0.289435 -1.936747 0.259789 -1.885226 -0.051522
0.115915 0.102245 0.042307 0.222337 0.127712 -0.085405
-0.912085 0.079180 -0.893125 0.269931 -0.869680 -0.023445
-0.046474 0.034605 -0.146647 0.186464 -0.029843 -0.116804
0.911275 0.044900 1.149633 0.099495 0.899390 0.250242
0.850965 0.046220 1.105963 0.128165 0.840877 0.265086
-1.206755 0.081270 -1.582351 0.259907 -1.155576 -0.426775
-1.115225 0.171605 -1.221599 0.288150 -1.066772 -0.154827
0.759275 0.034185 1.001083 0.070000 0.751917 0.249166
0.991375 0.031350 1.097003 0.175570 0.977106 0.119897
-1.383305 0.121065 -1.344644 0.271569 -1.326870 -0.017774
0.512415 0.067755 0.690923 0.188085 0.512406 0.178517
-1.744675 0.096210 -2.061907 0.305838 -1.677480 -0.384427
0.732295 0.051905 0.759983 0.297045 0.725740 0.034243
0.723425 0.049405 0.867653 0.185240 0.717134 0.150519
-2.020595 0.231290 -1.902697 0.209773 -1.945185 0.042488
-0.696335 0.044765 -0.737557 0.248947 -0.660354 -0.077203
1.321575 0.061250 1.396023 0.272930 1.297474 0.098549
-1.838655 0.097880 -1.688941 0.143581 -1.768662 0.079721
-2.094135 0.451245 -1.786255 0.250124 -2.016536 0.230281
0.581145 0.047795 0.817693 0.083275 0.579090 0.238603
0.560345 0.078730 0.180183 0.215328 0.558909 -0.378726
0.658785 0.051185 0.483713 0.239825 0.654418 -0.170705
-0.369605 0.049845 -0.443344 0.193544 -0.343352 -0.099992
0.889976 0.093635 0.402403 0.275705 0.878725 -0.476322
-0.574285 0.056250 -0.882570 0.173745 -0.541938 -0.340632
-2.242485 0.220970 -1.719923 0.150991 -2.160469 0.440546
0.899475 0.045705 1.266903 0.026735 0.887942 0.378961
-0.439364 0.068060 -0.620045 0.277205 -0.411035 -0.209010
0.272595 0.025875 0.240233 0.139124 0.279727 -0.039494
0.226305 0.046225 0.486663 0.069115 0.234815 0.251848
-1.123095 0.127645 -0.829215 0.107566 -1.074407 0.245192
0.391735 0.075375 0.395203 0.230285 0.395319 -0.000116
-0.877475 0.072515 -1.234450 0.216852 -0.836101 -0.398349
0.213545 0.068585 0.001727 0.308315 0.222435 -0.220708
0.213545 0.068585 0.001727 0.308315 0.222435 -0.220708
-1.127855 0.135035 -1.146036 0.257896 -1.079026 -0.067010
-0.377205 0.029810 -0.479878 0.145078 -0.350726 -0.129152
0.543105 0.024680 0.589983 0.149560 0.542183 0.047800
-0.864545 0.087895 -1.218101 0.236864 -0.823556 -0.394545
-1.805025 0.322745 -1.574756 0.213805 -1.736034 0.161278
0.784115 0.038385 1.019643 0.061335 0.776016 0.243626
-0.013935 0.023535 -0.064403 0.263898 0.001728 -0.066131
0.972775 0.041000 1.111143 0.225660 0.959060 0.152083
-1.486675 0.229270 -1.215003 0.157256 -1.427162 0.212159
-0.144114 0.082590 0.174483 0.068988 -0.124576 0.299059
0.074735 0.075940 -0.272019 0.272684 0.087758 -0.359777
-1.392075 0.130140 -1.353038 0.171541 -1.335379 -0.017659
-1.021305 0.078515 -1.026579 0.294095 -0.975649 -0.050930
0.149535 0.033385 0.010924 0.147692 0.160331 -0.149407
0.021605 0.041075 0.287103 0.076050 0.036210 0.250893
0.895175 0.017100 0.923143 0.081595 0.883770 0.039373
-0.232675 0.071485 -0.048211 0.194685 -0.210499 0.162288
-1.229325 0.023420 -1.176783 0.060631 -1.177475 0.000692
-1.487705 0.164120 -1.680279 0.256577 -1.428162 -0.252118
0.735465 0.055390 0.588243 0.189565 0.728815 -0.140572
-0.078054 0.042410 -0.250515 0.143462 -0.060482 -0.190033
-1.765135 0.294220 -1.580026 0.212478 -1.697331 0.117305
0.136275 0.051275 0.371923 0.207060 0.147466 0.224457
1.182375 0.036100 1.311043 0.252070 1.162419 0.148624
-0.957045 0.062600 -1.112896 0.206939 -0.913301 -0.199595
0.995675 0.042300 0.877353 0.209550 0.981278 -0.103925
-0.681294 0.172215 -0.762719 0.202998 -0.645761 -0.116958
-1.109905 0.077560 -1.464863 0.186181 -1.061611 -0.403252
-0.107365 0.052815 -0.119202 0.277882 -0.088920 -0.030282
-0.235185 0.098535 -0.077755 0.269580 -0.212934 0.135179
-0.594675 0.037930 -0.839844 0.049071 -0.561721 -0.278123
0.065725 0.067825 0.312593 0.110600 0.079016 0.233577
-1.554605 0.032720 -1.597448 0.137926 -1.493070 -0.104378
1.316775 0.031000 1.395913 0.181545 1.292817 0.103095
-0.515185 0.030210 -0.551602 0.160866 -0.484598 -0.067004
0.332055 0.058745 0.592133 0.131715 0.337416 0.254717
1.291676 0.085450 1.634593 0.091100 1.268465 0.366128
-0.463455 0.048995 -0.719769 0.131726 -0.434408 -0.285361
-0.385935 0.045500 -0.460851 0.184381 -0.359196 -0.101655
-1.004715 0.141030 -0.910897 0.167781 -0.959552 0.048656
0.535205 0.039115 0.407873 0.217735 0.534518 -0.126645
0.281685 0.019565 0.292473 0.140895 0.288546 0.003927
0.439275 0.062550 0.320323 0.115150 0.441444 -0.121121
0.072565 0.092285 -0.446793 0.285235 0.085653 -0.532446
-1.208335 0.106370 -1.538514 0.240657 -1.157110 -0.381404
-0.254015 0.052835 -0.429341 0.257582 -0.231204 -0.198137
0.302205 0.052310 0.481243 0.108015 0.308455 0.172788
-0.821025 0.092730 -1.074494 0.167460 -0.781332 -0.293162
-1.113595 0.066290 -1.280485 0.169115 -1.065191 -0.215294
-0.858905 0.097990 -1.242386 0.212899 -0.818084 -0.424302
0.989175 0.050050 0.768003 0.180695 0.974971 -0.206968
0.899975 0.063520 1.213073 0.217965 0.888427 0.324646
-0.251525 0.021470 -0.287819 0.100869 -0.228788 -0.059031
0.045345 0.043730 0.375143 0.036365 0.059243 0.315900
-0.746345 0.054215 -0.864358 0.207181 -0.708875 -0.155483
-1.440205 0.163660 -0.902891 0.099381 -1.382076 0.479185
1.268075 0.034900 1.194873 0.229225 1.245567 -0.050694
0.644775 0.052435 0.616053 0.271785 0.640826 -0.024773
-0.208095 0.060240 -0.360344 0.146082 -0.186651 -0.173693
0.502485 0.025540 0.487093 0.134365 0.502772 -0.015679
-0.006645 0.025650 0.035883 0.136975 0.008801 0.027082
1.467275 0.052200 0.347513 0.069300 1.438836 -1.091323
-0.263765 0.070555 -0.227841 0.231347 -0.240664 0.012823
-1.043425 0.159410 -1.160536 0.217893 -0.997109 -0.163427
0.549075 0.040735 0.399923 0.142690 0.547975 -0.148052
0.253575 0.030890 0.144443 0.216365 0.261273 -0.116830
-1.444255 0.210325 -0.538933 0.166761 -1.386005 0.847072
0.386905 0.050250 0.190653 0.234919 0.390633 -0.199980
0.369125 0.035345 0.242153 0.136792 0.373383 -0.131230
0.520275 0.029525 0.542733 0.158200 0.520032 0.022701
0.410465 0.098815 0.338453 0.271531 0.413492 -0.075039
0.621295 0.043105 0.717103 0.202325 0.618044 0.099059
0.002105 0.039935 0.163373 0.135482 0.017290 0.146083
0.392535 0.075025 0.630553 0.141015 0.396096 0.234457
-0.195515 0.059685 -0.375855 0.323525 -0.174445 -0.201410
0.657025 0.037580 0.905283 0.073300 0.652711 0.252572
1.220175 0.080950 1.072133 0.199900 1.199093 -0.126960
0.142205 0.078425 -0.319522 0.198754 0.153219 -0.472741
-0.250094 0.068105 -0.507170 0.250642 -0.227400 -0.279770
1.065775 0.030300 1.040763 0.176705 1.049290 -0.008527
0.707885 0.034265 0.742063 0.140895 0.702056 0.040007
1.269575 0.034200 1.309623 0.071445 1.247023 0.062600
0.611165 0.064185 0.322333 0.217655 0.608216 -0.285883
0.811785 0.031365 0.838653 0.228000 0.802863 0.035790
0.792695 0.054310 0.919283 0.154785 0.784341 0.134942
-0.663424 0.163530 -0.657233 0.224550 -0.628424 -0.028809
0.078365 0.024645 0.222203 0.086815 0.091280 0.130923
0.258475 0.050545 0.288413 0.246800 0.266027 0.022386
0.276465 0.055575 0.597383 0.088530 0.283482 0.313901
-0.230715 0.078410 -0.463066 0.214689 -0.208597 -0.254469
0.524685 0.057185 0.927713 0.079415 0.524311 0.403402
0.679605 0.055855 0.585873 0.284900 0.674619 -0.088746
0.010995 0.073585 -0.197993 0.306760 0.025916 -0.223909
0.052395 0.063005 -0.031732 0.240599 0.066083 -0.097815
1.022975 0.041500 0.989823 0.251640 1.007765 -0.017942
0.168175 0.039230 0.232753 0.165762 0.178415 0.054338
0.762465 0.041645 1.059433 0.055310 0.755012 0.304421
0.900075 0.059325 1.142953 0.123050 0.888524 0.254429
1.130375 0.074950 1.327583 0.256570 1.111967 0.215616
0.143005 0.055855 -0.073923 0.218427 0.153995 -0.227918
0.378105 0.035805 0.312103 0.199044 0.382095 -0.069992
1.248375 0.039050 1.169303 0.257850 1.226454 -0.057151
0.118035 0.104145 0.442473 0.099645 0.129769 0.312704
1.768775 0.055350 1.402933 0.139590 1.731359 -0.328426
0.393745 0.048335 0.474743 0.198340 0.397270 0.077473
-0.033154 0.103565 -0.525947 0.294815 -0.016919 -0.509028
0.502535 0.087025 0.219263 0.266798 0.502820 -0.283557
-0.072205 0.065065 -0.026277 0.282806 -0.054807 0.028530
0.390985 0.033880 0.551223 0.079170 0.394592 0.156631
0.494045 0.076075 0.724403 0.204575 0.494583 0.229820
0.243635 0.053520 0.103096 0.237917 0.251629 -0.148533
0.440955 0.055725 0.825383 0.036555 0.443074 0.382309
0.582416 0.043265 0.515743 0.241170 0.580323 -0.064580
0.497705 0.052905 0.574493 0.238610 0.498135 0.076358
1.540675 0.048750 1.336333 0.171360 1.510051 -0.173718
1.165875 0.026800 1.098723 0.168390 1.146410 -0.047688
0.563235 0.093730 0.630833 0.212760 0.561713 0.069120
0.057475 0.152205 -0.432123 0.323339 0.071012 -0.503135
1.316976 0.032600 1.138783 0.102735 1.293012 -0.154229
0.285295 0.066890 -0.025981 0.183522 0.292049 -0.318030
1.747175 0.031500 1.102383 0.110260 1.710403 -0.608020
1.270375 0.054400 1.114993 0.264920 1.247799 -0.132806
0.100295 0.066990 0.398293 0.060315 0.112557 0.285736
1.408075 0.044950 1.257683 0.125675 1.381399 -0.123716
0.638576 0.031390 0.535623 0.132910 0.634811 -0.099188
0.209285 0.056895 0.124933 0.183684 0.218302 -0.093369
1.257075 0.036300 1.085573 0.098465 1.234895 -0.149322
0.375305 0.052945 0.766933 0.044535 0.379379 0.387554
1.558575 0.043350 1.592633 0.140055 1.527417 0.065216
0.953275 0.045000 1.288173 0.044345 0.940140 0.348033
1.297075 0.055100 1.218293 0.174075 1.273704 -0.055411
0.677885 0.065260 0.768753 0.275430 0.672950 0.095803
0.063285 0.092965 0.308493 0.174965 0.076649 0.231844
0.901275 0.091590 0.413543 0.229990 0.889688 -0.476145
1.008875 0.043900 1.342043 0.091695 0.994084 0.347958
-0.514585 0.112615 -0.355248 0.225790 -0.484015 0.128767
0.722955 0.034310 0.758953 0.192270 0.716677 0.042276
0.166405 0.100355 -0.506393 0.232561 0.176698 -0.683091
0.783665 0.061130 0.559583 0.265505 0.775580 -0.215997
0.900875 0.043295 0.691093 0.219655 0.889300 -0.198207
-0.397885 0.051400 0.055875 0.044974 -0.370791 0.426666
0.228945 0.062340 0.142093 0.117928 0.237376 -0.095283
0.993975 0.056050 1.244853 0.187340 0.979628 0.265225
1.050575 0.034800 1.101033 0.153120 1.034543 0.066490
1.005675 0.070800 0.634143 0.170970 0.990980 -0.356837
0.882075 0.089775 0.617383 0.306860 0.871060 -0.253677
-0.946675 0.187465 -0.354686 0.135501 -0.903241 0.548555
-0.078074 0.071330 -0.117389 0.131647 -0.060502 -0.056887
1.315575 0.042450 1.295003 0.286055 1.291653 0.003350
1.068575 0.041400 0.904893 0.153825 1.052007 -0.147114
0.973975 0.028500 0.868973 0.128470 0.960224 -0.091251
0.104325 0.096200 0.369113 0.128915 0.116467 0.252646
-0.372845 0.058945 -0.615775 0.255295 -0.346496 -0.269279
-0.410075 0.091430 -0.416449 0.206561 -0.382618 -0.033831
1.722975 0.054650 1.574973 0.198875 1.686923 -0.111950
1.710475 0.088100 1.446643 0.167895 1.674795 -0.228152
0.627565 0.062530 0.459223 0.182410 0.624128 -0.164905
0.946275 0.035450 0.819913 0.146325 0.933348 -0.113435
0.732875 0.052730 0.509623 0.187450 0.726302 -0.216679
1.386675 0.061500 1.141143 0.194085 1.360636 -0.219493
0.852736 0.094005 1.016953 0.193080 0.842594 0.174359
0.093575 0.089995 0.129613 0.229297 0.106037 0.023576
0.553045 0.039765 0.663433 0.127575 0.551827 0.111606
1.731675 0.035250 1.573633 0.148510 1.695364 -0.121731
0.086125 0.057400 0.428703 0.153675 0.098809 0.329894
