# x xerr y yerr ymodel yresidual
1.023280 0.056250 1.294279 0.137785 0.782796 0.511483
1.067880 0.108100 1.027069 0.199715 0.817909 0.209160
0.274870 0.103310 0.781859 0.120675 0.193566 0.588293
0.067400 0.066415 0.219676 0.145876 0.030224 0.189452
0.498070 0.073325 0.116950 0.201181 0.369293 -0.252343
0.150240 0.066900 0.518339 0.100228 0.095444 0.422895
0.091240 0.057575 0.271772 0.152215 0.048993 0.222779
0.911980 0.040450 0.692309 0.270438 0.695168 -0.002859
0.897630 0.064445 0.916489 0.137840 0.683870 0.232619
0.300220 0.041355 -0.004515 0.215903 0.213524 -0.218039
0.734000 0.016390 -0.041467 0.243731 0.555043 -0.596510
0.136050 0.038730 -0.738887 0.608994 0.084272 -0.823159
0.741260 0.053100 0.825059 0.146590 0.560759 0.264301
0.359210 0.085225 0.305655 0.149392 0.259968 0.045687
-0.010340 0.087130 0.143271 0.187548 -0.030982 0.174253
-0.019180 0.059555 -0.113381 0.208495 -0.037942 -0.075439
0.199490 0.062760 0.573329 0.092080 0.134219 0.439110
1.816979 0.045400 1.975589 0.157360 1.407681 0.567908
-0.073800 0.066290 0.092122 0.127725 -0.080944 0.173066
0.246810 0.095525 0.020299 0.193566 0.171474 -0.151175
0.819830 0.050410 0.922429 0.131665 0.622618 0.299811
1.320880 0.038600 1.180589 0.144290 1.017098 0.163491
0.858370 0.035450 0.837939 0.173895 0.652960 0.184979
1.269979 0.068200 1.018339 0.162720 0.977024 0.041315
1.667080 0.107400 1.212439 0.174065 1.289664 -0.077225
0.348820 0.060655 0.435409 0.174252 0.251788 0.183621
0.796260 0.028590 0.547289 0.168241 0.604061 -0.056772
0.423389 0.060895 0.630579 0.132405 0.310497 0.320082
-0.031680 0.051110 0.022107 0.146872 -0.047783 0.069890
0.107340 0.079180 0.247469 0.160624 0.061669 0.185800
0.566090 0.066570 0.245184 0.258773 0.422846 -0.177662
-0.122090 0.071360 0.351749 0.095381 -0.118964 0.470713
0.569690 0.035085 0.632189 0.095230 0.425680 0.206509
0.165750 0.071395 0.377380 0.146696 0.107655 0.269725
0.257790 0.042460 0.265629 0.146746 0.180119 0.085510
-0.330410 0.078445 0.226963 0.091489 -0.282975 0.509938
0.363290 0.049100 0.649539 0.110390 0.263180 0.386359
0.401609 0.045495 0.511499 0.125258 0.293349 0.218150
0.181410 0.064370 0.468969 0.119106 0.119984 0.348985
0.145410 0.045815 0.687599 0.062390 0.091641 0.595958
-0.925600 0.147300 -0.277974 0.121976 -0.751573 0.473599
0.085380 0.069750 0.301859 0.166337 0.044379 0.257480
1.083480 0.095750 1.314209 0.209025 0.830191 0.484018
0.907680 0.039560 0.653019 0.293409 0.691782 -0.038763
0.711750 0.067625 0.065807 0.169161 0.537525 -0.471718
-0.035830 0.120575 0.462619 0.119899 -0.051051 0.513670
-0.150630 0.147280 0.158875 0.184861 -0.141433 0.300308
0.597780 0.048145 -0.051906 0.281651 0.447796 -0.499702
0.007710 0.054365 0.204165 0.110804 -0.016771 0.220936
0.171280 0.067600 0.381600 0.146852 0.112009 0.269591
0.093530 0.074190 0.187977 0.149837 0.050796 0.137181
0.705729 0.056995 0.933539 0.125600 0.532785 0.400754
1.634380 0.040600 0.493059 0.703367 1.263920 -0.770861
1.264680 0.064150 0.963199 0.163800 0.972852 -0.009652
0.603209 0.040110 0.571419 0.149176 0.452071 0.119348
0.872290 0.052615 1.215719 0.090800 0.663920 0.551799
0.464620 0.037650 0.665609 0.091365 0.342958 0.322651
1.116580 0.109100 1.040079 0.151475 0.856251 0.183828
0.803289 0.048115 0.968009 0.134935 0.609595 0.358414
1.166280 0.061950 1.252329 0.132630 0.895380 0.356949
0.240109 0.098010 -0.202741 0.175679 0.166199 -0.368940
0.027730 0.079060 -0.138276 0.204627 -0.001009 -0.137267
1.046580 0.043400 1.104379 0.194915 0.801140 0.303239
0.165920 0.058755 0.271867 0.141478 0.107789 0.164078
0.476769 0.070450 0.630099 0.124145 0.352523 0.277576
0.983479 0.023950 0.459049 0.312207 0.751460 -0.292411
0.763390 0.049875 0.926419 0.122335 0.578182 0.348237
0.112250 0.101600 0.798319 0.082715 0.065535 0.732784
1.013580 0.063100 -1.299313 0.963950 0.775159 -2.074472
0.838290 0.045875 0.850399 0.132605 0.637152 0.213247
0.020080 0.069030 0.402382 0.124515 -0.007032 0.409414
-0.102961 0.074655 -0.614319 0.342772 -0.103903 -0.510416
0.911180 0.047570 0.944279 0.131835 0.694538 0.249741
0.281320 0.081220 0.057640 0.166363 0.198644 -0.141004
0.966579 0.045950 0.912739 0.158010 0.738155 0.174584
0.182850 0.076935 0.656029 0.132620 0.121118 0.534911
0.532160 0.061290 0.410351 0.135864 0.396133 0.014218
0.913980 0.047025 1.014569 0.119145 0.696742 0.317827
1.540780 0.096000 0.906639 0.151930 1.190227 -0.283588
-0.037230 0.083370 -0.175897 0.182697 -0.052153 -0.123744
-0.342731 0.051875 -0.230357 0.142559 -0.292675 0.062318
0.622070 0.041570 0.642219 0.159330 0.466920 0.175299
1.424880 0.033600 -1.040516 0.926539 1.098978 -2.139494
-0.413720 0.071900 -0.140730 0.130483 -0.348566 0.207836
0.661230 0.040910 0.567069 0.180998 0.497751 0.069318
0.921780 0.050840 -0.963230 1.119237 0.702883 -1.666113
-0.832601 0.170525 -0.333388 0.245970 -0.678354 0.344966
1.367980 0.057550 1.517889 0.120900 1.054181 0.463709
0.642159 0.044980 0.736559 0.169040 0.482736 0.253823
1.968380 0.046500 1.217819 0.457945 1.526880 -0.309061
0.750330 0.093665 0.999339 0.136185 0.567900 0.431439
-0.024780 0.087185 0.316019 0.137009 -0.042351 0.358370
-0.365770 0.062430 0.259828 0.056715 -0.310815 0.570643
0.472270 0.034270 0.430619 0.109126 0.348981 0.081638
-0.507640 0.175730 0.101112 0.154805 -0.422510 0.523622
1.227780 0.028800 1.062659 0.242790 0.943800 0.118859
1.184880 0.025550 0.746439 0.296500 0.910025 -0.163586
0.062099 0.066380 0.106035 0.156620 0.026050 0.079985
0.587080 0.042785 0.661449 0.125150 0.439372 0.222077
0.610470 0.047765 0.369015 0.229380 0.457787 -0.088772
0.582590 0.088995 0.716329 0.133470 0.435837 0.280492
0.349710 0.072430 -0.050724 0.211695 0.252488 -0.303212
0.415820 0.042690 0.300819 0.223255 0.304538 -0.003718
-0.187690 0.093590 0.266736 0.105040 -0.170611 0.437347
1.648580 0.044350 -0.205886 0.139380 1.275099 -1.480985
-0.121720 0.086175 -0.132191 0.175844 -0.118672 -0.013519
1.198280 0.022300 0.904699 0.129690 0.920575 -0.015876
0.188180 0.092990 0.309613 0.183690 0.125315 0.184298
0.235780 0.051490 0.399866 0.140039 0.162790 0.237076
0.911480 0.074520 0.828369 0.308385 0.694774 0.133595
0.173640 0.065440 0.428370 0.130626 0.113867 0.314503
0.343010 0.050765 0.517979 0.120166 0.247213 0.270766
0.705160 0.049655 0.820829 0.133670 0.532337 0.288492
0.500110 0.047825 0.614989 0.159425 0.370899 0.244090
0.460950 0.060645 0.758529 0.105195 0.340069 0.418461
1.756780 0.021200 1.072499 0.455260 1.360286 -0.287786
0.117120 0.039255 0.008910 0.174365 0.069368 -0.060458
0.534170 0.082895 0.996159 0.110950 0.397715 0.598444
0.149890 0.053655 0.539849 0.104870 0.095169 0.444680
0.818910 0.057810 0.971589 0.128770 0.621893 0.349696
0.929880 0.050365 0.925679 0.142925 0.709261 0.216418
-0.193260 0.083880 -0.354811 0.184739 -0.174996 -0.179815
0.383970 0.085535 0.739419 0.142965 0.279462 0.459957
0.520070 0.047415 0.647779 0.115995 0.386614 0.261165
0.757700 0.025830 0.524519 0.186670 0.573702 -0.049183
0.360510 0.075240 0.669439 0.125100 0.260991 0.408448
0.397500 0.054260 0.277386 0.233203 0.290114 -0.012728
-0.006810 0.028070 -0.495779 0.388517 -0.028203 -0.467576
0.629510 0.046325 0.704099 0.132560 0.472777 0.231322
1.636580 0.061450 1.045879 0.128535 1.265651 -0.219772
0.404320 0.050415 0.774059 0.084575 0.295483 0.478576
0.654460 0.035230 0.481049 0.197373 0.492421 -0.011372
-0.176280 0.054690 -0.193792 0.218225 -0.161628 -0.032164
0.878040 0.047625 0.912569 0.127965 0.668447 0.244122
0.855510 0.081935 1.434439 0.082660 0.650709 0.783730
0.365370 0.085690 0.405462 0.181701 0.264818 0.140644
0.133100 0.039620 -0.020374 0.207064 0.081949 -0.102323
0.293250 0.054160 0.545049 0.113526 0.208037 0.337012
0.033000 0.102850 0.166880 0.151153 0.003140 0.163740
0.958179 0.060900 1.169849 0.122420 0.731541 0.438308
0.051810 0.065970 0.434189 0.096433 0.017950 0.416239
-0.139940 0.088680 0.046691 0.137057 -0.133017 0.179708
-0.223620 0.087900 -0.033616 0.164440 -0.198899 0.165283
0.776170 0.136430 0.931329 0.198635 0.588244 0.343085
-0.320991 0.056170 -0.040315 0.118316 -0.275559 0.235244
-0.012450 0.073355 0.089840 0.176941 -0.032643 0.122483
0.643990 0.034615 0.564859 0.169671 0.484177 0.080682
0.401870 0.056775 0.339187 0.149271 0.293554 0.045633
0.431040 0.073165 0.648829 0.125270 0.316520 0.332309
0.411270 0.083865 0.285529 0.151927 0.300955 -0.015426
0.404690 0.036960 0.513959 0.101237 0.295775 0.218185
0.284120 0.083890 0.622629 0.136855 0.200849 0.421780
0.174540 0.056905 0.263225 0.142822 0.114575 0.148650
0.424490 0.062535 0.604149 0.155235 0.311363 0.292786
0.935980 0.032200 0.794039 0.128530 0.714063 0.079976
0.856709 0.048060 0.869849 0.147665 0.651653 0.218196
-1.493930 0.319455 -0.476585 0.185948 -1.199024 0.722439
0.505919 0.043850 0.465129 0.225960 0.375473 0.089656
1.472480 0.059350 -2.057541 1.597892 1.136454 -3.193995
0.552629 0.033825 0.306776 0.242091 0.412249 -0.105473
-1.438610 0.160655 -1.462442 0.375240 -1.155470 -0.306972
-1.339730 0.158405 -0.631033 0.127471 -1.077621 0.446588
-0.291010 0.071170 -0.111513 0.142337 -0.251955 0.140442
-0.593180 0.192960 -0.425762 0.305647 -0.489856 0.064094
-0.685101 0.034255 -0.675940 0.130434 -0.562226 -0.113714
-0.050530 0.095770 0.329301 0.139711 -0.062624 0.391925
-0.074710 0.042185 0.283514 0.084667 -0.081661 0.365175
-1.337930 0.120765 -0.730345 0.118172 -1.076204 0.345859
-0.431800 0.093990 -0.150611 0.129862 -0.362800 0.212189
-0.280210 0.077880 -0.057046 0.131592 -0.243453 0.186407
0.087749 0.055370 0.289354 0.143854 0.046245 0.243109
-1.012660 0.136910 -0.978851 0.261621 -0.820116 -0.158735
-0.544220 0.038705 -0.868767 0.316322 -0.451310 -0.417457
-0.013041 0.038735 -0.183543 0.208559 -0.033108 -0.150435
-0.503420 0.023145 -1.137635 0.294196 -0.419187 -0.718448
0.453910 0.036495 0.299444 0.179060 0.334526 -0.035082
-0.242320 0.056305 -0.027199 0.129879 -0.213621 0.186422
-0.254310 0.065450 -0.333505 0.198454 -0.223061 -0.110444
0.664230 0.068655 0.727709 0.164570 0.500113 0.227596
-1.346500 0.263015 -0.780053 0.252141 -1.082951 0.302898
-1.382820 0.304005 -0.530434 0.213741 -1.111546 0.581112
-0.596020 0.043015 -0.454619 0.130944 -0.492092 0.037473
-1.493350 0.224025 -1.204250 0.225379 -1.198567 -0.005683
-0.835930 0.165680 -0.321036 0.169064 -0.680975 0.359939
0.475760 0.076040 0.460359 0.154482 0.351728 0.108631
-2.022670 0.182160 -0.838361 0.089828 -1.615305 0.776944
0.576550 0.039340 0.601659 0.106450 0.431081 0.170578
-0.547370 0.060135 -0.407537 0.135309 -0.453790 0.046253
0.412430 0.023795 0.086118 0.172592 0.301868 -0.215750
0.149360 0.088425 0.770189 0.082495 0.094751 0.675438
-0.879530 0.046570 -0.860175 0.173564 -0.715302 -0.144873
-0.541940 0.062280 -0.256904 0.109185 -0.449514 0.192610
-0.525190 0.053395 -0.162398 0.092329 -0.436327 0.273929
-0.979540 0.077960 -0.889832 0.144977 -0.794041 -0.095792
-1.128050 0.077395 -0.872695 0.154873 -0.910964 0.038269
0.657870 0.041840 0.822249 0.102400 0.495106 0.327144
0.291260 0.060310 0.073409 0.226906 0.206470 -0.133061
1.350980 0.053950 0.714589 0.103320 1.040796 -0.326207
-1.226060 0.127730 -1.318944 0.278552 -0.988128 -0.330816
-0.289930 0.051515 -0.307325 0.183444 -0.251105 -0.056220
-1.121490 0.254760 -0.580438 0.237883 -0.905799 0.325361
-0.271791 0.025950 -0.542680 0.214474 -0.236824 -0.305856
-1.182620 0.138575 -0.780288 0.175178 -0.953927 0.173639
-0.494900 0.062085 -0.732413 0.218085 -0.412479 -0.319934
-0.676510 0.021020 -1.611131 0.332318 -0.555463 -1.055668
0.302850 0.076005 0.647259 0.113585 0.215595 0.431664
-1.263540 0.150835 -1.020300 0.190610 -1.017636 -0.002664
-0.650890 0.023375 -1.351063 0.301435 -0.535292 -0.815771
-0.960120 0.049185 -1.120371 0.290955 -0.778751 -0.341620
-0.774950 0.148205 -0.324013 0.168037 -0.632965 0.308952
-1.580680 0.106570 -0.628862 0.068186 -1.267323 0.638461
0.180270 0.033870 0.131382 0.145940 0.119087 0.012295
-0.772141 0.138205 -0.452036 0.180872 -0.630753 0.178717
0.644230 0.056880 0.817369 0.107290 0.484366 0.333003
-0.702610 0.060040 -0.963200 0.405954 -0.576011 -0.387189
-1.083560 0.088530 -1.590661 0.541959 -0.875936 -0.714725
0.879700 0.038875 0.900599 0.122665 0.669754 0.230845
0.532200 0.035455 0.520239 0.157924 0.396164 0.124075
-0.640310 0.086695 -0.020759 0.091826 -0.526962 0.506203
-0.886790 0.145115 -0.491081 0.169076 -0.721018 0.229937
-0.103820 0.060750 -0.085997 0.197868 -0.104579 0.018582
0.223870 0.042115 0.346084 0.128563 0.153414 0.192670
0.108580 0.032750 -0.034881 0.255972 0.062645 -0.097526
-0.605340 0.104050 -0.542741 0.142763 -0.499430 -0.043311
0.209510 0.082260 0.229413 0.319172 0.142108 0.087305
0.057750 0.046960 -0.160488 0.331267 0.022626 -0.183114
-1.258460 0.150985 -1.252155 0.315437 -1.013636 -0.238519
-1.130210 0.053335 -0.486577 0.065703 -0.912664 0.426087
0.813829 0.072655 1.164399 0.139745 0.617893 0.546506
-0.464160 0.090810 -0.454195 0.350489 -0.388278 -0.065917
-0.226541 0.053505 -0.182614 0.135765 -0.201198 0.018584
0.072810 0.051995 0.032874 0.146561 0.034483 -0.001609
0.768300 0.061585 0.999109 0.112985 0.582048 0.417061
-1.416600 0.245155 -0.149572 0.133221 -1.138142 0.988569
-0.026220 0.077150 -0.019135 0.133955 -0.043484 0.024349
-0.888140 0.164000 -0.515469 0.195064 -0.722080 0.206611
0.839990 0.104960 0.765549 0.154695 0.638490 0.127060
0.892430 0.022220 0.384843 0.223092 0.679776 -0.294933
-1.456990 0.127740 -1.532435 0.632762 -1.169941 -0.362494
0.239300 0.062320 0.432249 0.169096 0.165562 0.266687
1.170780 0.114800 1.329039 0.249320 0.898924 0.430115
-1.144980 0.171340 -0.060884 0.093473 -0.924293 0.863409
-0.373450 0.040080 -0.565087 0.237192 -0.316861 -0.248226
-0.446000 0.071710 -0.775335 0.221151 -0.373980 -0.401355
-0.467590 0.114485 0.527909 0.073475 -0.390979 0.918888
0.415510 0.080390 0.671199 0.144570 0.304294 0.366905
-0.650940 0.112045 -0.161787 0.112651 -0.535331 0.373544
0.000680 0.044175 -0.513011 0.415174 -0.022306 -0.490706
-1.037580 0.090130 -1.571171 0.502958 -0.839736 -0.731435
-0.658850 0.058495 -0.602940 0.182107 -0.541559 -0.061382
-1.097890 0.074900 -0.783935 0.119006 -0.887218 0.103283
-1.303310 0.096355 -1.351191 0.290281 -1.048947 -0.302244
-0.991320 0.083185 -0.560269 0.108934 -0.803315 0.243045
-1.071390 0.141070 -0.676314 0.174245 -0.866355 0.190041
0.208220 0.086635 -0.048352 0.201749 0.141092 -0.189444
-0.302740 0.082250 0.019487 0.136074 -0.261191 0.280678
-1.763680 0.126190 -1.156217 0.142834 -1.411400 0.255183
-0.744050 0.030320 -1.065559 0.313724 -0.608637 -0.456921
-1.457650 0.110900 -1.450866 0.254878 -1.170460 -0.280406
-0.895720 0.127590 -0.662893 0.177419 -0.728049 0.065156
-1.005010 0.094385 -0.922175 0.144357 -0.814093 -0.108082
-1.038410 0.068635 -0.611328 0.091606 -0.840390 0.229062
-0.233720 0.073060 0.065987 0.124706 -0.206850 0.272837
-1.449660 0.175805 -0.899026 0.176015 -1.164170 0.265144
-0.716430 0.040115 -1.137339 0.461565 -0.586892 -0.550447
-0.129570 0.029035 -0.308136 0.194715 -0.124852 -0.183284
0.301010 0.074760 0.716259 0.095520 0.214147 0.502112
-1.558780 0.268190 -1.071880 0.286285 -1.250081 0.178201
-0.294311 0.034065 -1.013018 0.385072 -0.254554 -0.758464
0.045000 0.037185 0.037355 0.133053 0.012588 0.024767
-1.266650 0.119305 -1.019811 0.252140 -1.020085 0.000274
-0.426810 0.026070 -1.176271 0.541028 -0.358872 -0.817399
0.347270 0.039360 0.552399 0.094170 0.250567 0.301832
-0.362250 0.058615 -3.210281 1.404385 -0.308044 -2.902237
0.878300 0.028960 0.362495 0.215611 0.668651 -0.306156
-0.989540 0.088910 -0.898047 0.156314 -0.801914 -0.096133
-0.543221 0.090375 -0.269924 0.185680 -0.450523 0.180599
-0.025930 0.037425 -0.114002 0.205135 -0.043256 -0.070746
-0.410851 0.210320 0.136396 0.186909 -0.346307 0.482703
-1.482120 0.117300 -1.103184 0.179276 -1.189726 0.086542
-0.749930 0.069705 -0.705239 0.149625 -0.613267 -0.091972
-0.215070 0.053100 -0.156346 0.146967 -0.192167 0.035821
-0.230970 0.187440 -0.298492 0.285444 -0.204686 -0.093806
-0.917191 0.083075 -0.479661 0.121827 -0.744952 0.265291
-0.774460 0.090100 -1.217025 0.387761 -0.632579 -0.584446
-0.077490 0.052425 0.170210 0.132341 -0.083849 0.254059
-1.077971 0.221885 -0.722964 0.297723 -0.871536 0.148572
-1.003470 0.083205 -2.639721 1.534065 -0.812881 -1.826840
-0.923790 0.293905 -0.204830 0.220188 -0.750148 0.545318
-1.559570 0.231510 -0.832172 0.251515 -1.250703 0.418531
-0.733191 0.192945 -0.354670 0.208922 -0.600088 0.245418
-2.460010 0.350025 -1.497162 0.216422 -1.959626 0.462464
-0.398320 0.051135 -0.395409 0.204747 -0.336442 -0.058967
-0.477580 0.033025 -0.717076 0.214656 -0.398844 -0.318232
-0.409781 0.105055 -0.243009 0.162093 -0.345464 0.102455
-0.832931 0.086375 -1.188501 0.257719 -0.678614 -0.509887
-1.992310 0.052030 0.210454 0.280894 -1.591402 1.801857
-1.192740 0.174655 -0.761214 0.194866 -0.961895 0.200681
-0.727110 0.122885 0.077336 0.083681 -0.595300 0.672636
-0.643390 0.144880 0.131670 0.101474 -0.529387 0.661057
-0.538100 0.071115 -0.782908 0.245818 -0.446492 -0.336416
-1.101580 0.042425 -2.296571 0.617995 -0.890123 -1.406448
-0.835200 0.034035 -1.831391 0.560499 -0.680401 -1.150990
-0.944241 0.083590 -0.958079 0.158216 -0.766249 -0.191830
-1.254870 0.067525 -1.440906 0.228151 -1.010810 -0.430096
-0.575080 0.151375 0.003018 0.133085 -0.475606 0.478624
0.855790 0.041835 0.729579 0.151760 0.650929 0.078650
-0.905780 0.054895 -1.230109 0.369798 -0.735969 -0.494140
0.227250 0.099310 0.397391 0.155310 0.156075 0.241316
-1.652250 0.233175 -0.374816 0.104244 -1.323671 0.948855
0.120260 0.017720 -0.599759 0.241733 0.071841 -0.671600
0.581620 0.114965 0.477469 0.202204 0.435073 0.042396
0.266940 0.038940 0.745639 0.063205 0.187323 0.558316
-0.898251 0.080355 -0.575485 0.132088 -0.730041 0.154556
-0.710620 0.105285 -0.160981 0.112625 -0.582318 0.421337
-0.981860 0.127405 -0.131375 0.086768 -0.795867 0.664492
-1.417980 0.119170 -0.993123 0.194154 -1.139228 0.146105
0.338790 0.045025 0.511139 0.115153 0.243891 0.267248
-1.553360 0.193915 -0.171061 0.114763 -1.245814 1.074753
-1.768090 0.192860 -0.925657 0.155410 -1.414872 0.489215
0.042580 0.044370 0.062531 0.136592 0.010682 0.051849
-0.990730 0.036120 -6.032891 2.106105 -0.802851 -5.230041
-0.230560 0.041920 -0.274322 0.171161 -0.204363 -0.069959
-0.087510 0.062410 -0.002847 0.186197 -0.091738 0.088891
0.049650 0.042975 -0.038094 0.154772 0.016249 -0.054343
1.143780 0.039150 1.214389 0.140825 0.877666 0.336723
-1.565010 0.256450 -0.750994 0.183676 -1.254986 0.503992
-0.944830 0.066730 -0.671952 0.119539 -0.766713 0.094761
-0.841030 0.056475 -0.891265 0.269436 -0.684991 -0.206274
-1.212280 0.061290 -1.269503 0.258659 -0.977279 -0.292224
0.640150 0.062580 -0.814409 0.531471 0.481154 -1.295563
-0.875960 0.205005 -0.212253 0.170749 -0.712492 0.500239
-1.460870 0.066340 -1.298445 0.174852 -1.172996 -0.125449
-0.863930 0.100580 -0.967271 0.214063 -0.703020 -0.264251
-1.303030 0.240455 -0.840727 0.254677 -1.048727 0.208000
0.074730 0.022185 -0.316812 0.241201 0.035994 -0.352806
-0.708570 0.057105 -0.925806 0.399269 -0.580704 -0.345102
-1.552800 0.135420 -1.366292 0.243188 -1.245373 -0.120919
-1.057330 0.069710 -1.484228 0.333764 -0.855285 -0.628943
0.120709 0.064105 0.186964 0.143021 0.072195 0.114770
-1.834150 0.143550 -0.296772 0.063010 -1.466882 1.170110
0.430320 0.040770 0.526249 0.149069 0.315953 0.210296
-0.757610 0.058340 -2.720851 1.240059 -0.619314 -2.101537
-1.682960 0.225620 -1.111539 0.213425 -1.347849 0.236310
-1.476950 0.123230 -1.582751 0.277202 -1.185656 -0.397095
-1.023130 0.099170 -0.927366 0.153820 -0.828360 -0.099006
-1.230600 0.094505 -1.661001 0.616008 -0.991702 -0.669299
-0.899620 0.098880 -1.238476 0.257603 -0.731119 -0.507357
-0.683880 0.131835 0.221157 0.077708 -0.561265 0.782422
-0.274261 0.023945 -6.473611 3.800080 -0.238768 -6.234842
-0.309980 0.059905 -0.175051 0.117057 -0.266891 0.091840
-1.669490 0.209695 -0.971720 0.162886 -1.337244 0.365524
-1.417180 0.211210 -0.801143 0.185392 -1.138598 0.337455
0.043139 0.050535 -0.350546 0.236885 0.011123 -0.361669
-1.301080 0.113670 -1.186345 0.219498 -1.047192 -0.139153
-0.680110 0.050105 -0.396305 0.115083 -0.558297 0.161992
0.650740 0.051475 0.849469 0.090550 0.489492 0.359978
-1.650030 0.092815 -1.475726 0.212695 -1.321923 -0.153803
-0.550810 0.043945 -1.374548 0.345286 -0.456498 -0.918050
-1.987440 0.242300 -1.115755 0.157295 -1.587568 0.471813
-0.715710 0.067220 -0.606165 0.172491 -0.586325 -0.019840
-0.839050 0.055530 -0.860869 0.166702 -0.683432 -0.177437
-0.484060 0.109820 -0.016301 0.137642 -0.403945 0.387644
-0.917820 0.085515 -0.702466 0.122673 -0.745448 0.042982
-0.984860 0.046805 -0.944960 0.137543 -0.798229 -0.146731
0.591269 0.071550 0.866459 0.132455 0.442670 0.423789
0.550960 0.064445 0.781379 0.174605 0.410934 0.370445
-0.191850 0.043775 -0.144022 0.120339 -0.173886 0.029864
-1.653580 0.215185 -1.485986 0.306071 -1.324718 -0.161268
-1.352180 0.050460 -1.291762 0.124854 -1.087423 -0.204339
-0.794920 0.045425 -1.024408 0.268930 -0.648688 -0.375720
-2.068710 0.345530 -1.467504 0.307297 -1.651553 0.184049
-0.000680 0.067940 -0.539784 0.251478 -0.023376 -0.516407
-0.300870 0.076870 0.338042 0.073113 -0.259718 0.597760
-0.695530 0.087975 -0.438159 0.144285 -0.570437 0.132278
-1.719380 0.101305 -1.195395 0.123114 -1.376522 0.181127
-0.159550 0.067740 0.210188 0.117162 -0.148456 0.358644
0.595070 0.047785 0.749529 0.131265 0.445662 0.303867
-1.721290 0.264190 -0.334287 0.127562 -1.378026 1.043739
-0.403120 0.052285 -1.010500 0.287247 -0.340221 -0.670279
-1.520210 0.250990 0.322447 0.401539 -1.219715 1.542161
-0.809310 0.116670 -0.818054 0.232907 -0.660017 -0.158037
-1.170990 0.079825 -1.035228 0.198999 -0.944771 -0.090457
-1.726480 0.085230 -1.500729 0.140548 -1.382112 -0.118617
-0.145180 0.072950 0.327266 0.089730 -0.137142 0.464408
-1.675560 0.191220 -1.033448 0.161454 -1.342023 0.308575
-2.185370 0.254570 -1.174703 0.202972 -1.743400 0.568697
-0.957300 0.242115 -0.083827 0.154040 -0.776531 0.692704
0.168360 0.064345 -0.038458 0.166191 0.109710 -0.148168
0.391250 0.036375 0.160278 0.158167 0.285193 -0.124915
0.067870 0.046330 0.191808 0.127688 0.030594 0.161214
-1.347820 0.215080 -0.596753 0.165238 -1.083991 0.487238
0.799980 0.048565 0.944769 0.143415 0.606990 0.337779
-1.420840 0.151690 -0.676762 0.111100 -1.141480 0.464718
-0.761661 0.050380 -0.789534 0.127668 -0.622502 -0.167032
-1.252810 0.070630 -1.101712 0.118504 -1.009188 -0.092524
-0.819770 0.072660 -1.013393 0.196456 -0.668252 -0.345141
0.431170 0.026020 0.002847 0.210736 0.316622 -0.313775
-0.574491 0.036445 -0.795170 0.232440 -0.475142 -0.320028
-1.407570 0.304155 -1.268817 0.472485 -1.131032 -0.137785
-0.632040 0.050185 -0.487715 0.132816 -0.520451 0.032736
-1.272210 0.113595 -1.326046 0.378228 -1.024462 -0.301584
-0.865430 0.131640 -0.475325 0.156246 -0.704201 0.228876
-1.544170 0.099065 0.301925 0.089529 -1.238578 1.540503
0.595310 0.058050 0.985479 0.094625 0.445852 0.539627
-0.362270 0.058795 -0.161851 0.108941 -0.308059 0.146208
0.451560 0.032515 0.402195 0.126344 0.332676 0.069519
-0.268170 0.088325 -0.288046 0.127007 -0.233974 -0.054072
-1.222590 0.131535 -0.855830 0.171258 -0.985396 0.129566
0.267460 0.043055 0.376383 0.120150 0.187732 0.188651
-1.725570 0.263610 -1.084194 0.228834 -1.381396 0.297202
-0.897430 0.070710 -0.840425 0.163438 -0.729395 -0.111030
1.012180 0.029250 0.889159 0.169965 0.774057 0.115102
-0.951780 0.128265 -0.436883 0.143759 -0.772185 0.335302
-1.852920 0.208715 -1.185176 0.171053 -1.481660 0.296484
-1.537420 0.226740 -0.880718 0.254710 -1.233264 0.352546
-0.662110 0.083900 -1.278161 0.394553 -0.544126 -0.734035
-0.379190 0.067360 0.033637 0.088395 -0.321381 0.355018
-0.710040 0.077490 -1.246282 0.455777 -0.581861 -0.664421
-0.511670 0.060275 -0.354921 0.148203 -0.425683 0.070762
-0.281000 0.051530 -0.055810 0.096009 -0.244075 0.188265
-1.306040 0.050855 -1.416301 0.275840 -1.051097 -0.365204
0.500999 0.036290 0.477909 0.181341 0.371600 0.106309
-1.540780 0.156160 -1.426898 0.388056 -1.235909 -0.190989
0.261700 0.062705 0.527149 0.095080 0.183197 0.343952
-1.008680 0.088615 -1.323992 0.469196 -0.816983 -0.507009
-0.236650 0.110760 0.257934 0.116539 -0.209158 0.467092
0.406560 0.043965 0.800439 0.079130 0.297247 0.503192
-0.841331 0.105490 -1.075222 0.155887 -0.685227 -0.389995
-0.681380 0.065095 -0.569611 0.144006 -0.559297 -0.010314
-1.900370 0.435575 -1.020463 0.302143 -1.519017 0.498554
0.425980 0.027725 0.326569 0.150003 0.312536 0.014033
-1.157300 0.136505 -0.531043 0.120010 -0.933992 0.402949
0.256100 0.076285 0.253892 0.142142 0.178788 0.075104
-1.946530 0.171965 -1.927391 0.322620 -1.555360 -0.372031
0.278490 0.059500 0.474339 0.125657 0.196416 0.277923
-1.742870 0.106320 -1.548504 0.189930 -1.395017 -0.153487
-0.012000 0.091645 0.453459 0.098550 -0.032289 0.485748
-0.413960 0.053555 -0.129865 0.102238 -0.348755 0.218890
-2.152460 0.190565 -1.745031 0.263824 -1.717490 -0.027541
-0.281700 0.039800 -0.371036 0.177392 -0.244626 -0.126410
-0.717080 0.081170 -0.595702 0.205353 -0.587404 -0.008299
0.353630 0.024195 0.155718 0.189288 0.255575 -0.099857
0.897840 0.029530 0.751179 0.185005 0.684035 0.067144
-0.988680 0.056485 -1.104798 0.271190 -0.801236 -0.303562
-0.704750 0.158965 -0.452877 0.203839 -0.577696 0.124819
-0.681050 0.064435 -0.917244 0.224929 -0.559037 -0.358207
-1.216000 0.046245 -1.887691 0.423232 -0.980207 -0.907484
-0.728980 0.072845 -2.209661 0.481810 -0.596773 -1.612888
0.310980 0.030550 -0.151074 0.194457 0.221996 -0.373070
0.627680 0.054940 0.460159 0.119746 0.471336 -0.011177
-1.082160 0.107740 -0.856482 0.198252 -0.874834 0.018352
1.093280 0.037450 1.056009 0.100590 0.837907 0.218102
-1.144150 0.151595 -1.291634 0.270253 -0.923640 -0.367994
-1.060300 0.050515 -3.086831 0.758235 -0.857623 -2.229208
-0.909610 0.073730 -0.876708 0.252307 -0.738984 -0.137724
-0.289490 0.015545 -1.136465 0.292204 -0.250759 -0.885706
-0.760900 0.069500 -0.756070 0.240546 -0.621904 -0.134166
-1.091610 0.075085 -0.860773 0.139433 -0.882274 0.021501
-0.090301 0.051885 -0.017972 0.129604 -0.093935 0.075963
-1.543300 0.193405 -1.157547 0.232424 -1.237893 0.080346
-1.180940 0.084975 -0.483676 0.072053 -0.952605 0.468929
-1.330740 0.033940 -1.960191 0.330820 -1.070543 -0.889648
-0.024470 0.040950 -0.153385 0.216391 -0.042107 -0.111278
-1.716270 0.262525 -1.641781 0.397017 -1.374074 -0.267707
1.530180 0.029550 1.098349 0.194260 1.181882 -0.083533
-1.795100 0.177525 -0.848145 0.102526 -1.436138 0.587993
0.645400 0.031450 0.506159 0.143745 0.485288 0.020871
-0.840470 0.122605 -0.684691 0.201600 -0.684550 -0.000141
1.011480 0.050000 0.424731 0.247233 0.773506 -0.348774
-0.136790 0.059195 0.045735 0.142409 -0.130537 0.176272
-0.024981 0.042645 0.090133 0.126469 -0.042508 0.132641
-0.748140 0.051410 -0.515953 0.124591 -0.611858 0.095905
-0.451000 0.016635 -1.256039 0.281615 -0.377917 -0.878122
-0.287610 0.035570 -0.637464 0.258222 -0.249279 -0.388185
-0.837530 0.084425 -0.905750 0.149864 -0.682235 -0.223515
0.216440 0.042155 0.331877 0.135105 0.147564 0.184313
-0.361670 0.074380 -0.273919 0.183589 -0.307587 0.033668
0.435280 0.044370 0.278261 0.171356 0.319858 -0.041597
-1.445540 0.216265 -1.084304 0.277566 -1.160926 0.076622
-1.108400 0.090915 -1.247955 0.419166 -0.895493 -0.352462
-1.611860 0.100525 -2.010221 0.497855 -1.291871 -0.718350
0.056109 0.061095 -0.587192 0.172488 0.021334 -0.608527
-1.736410 0.272035 -0.975408 0.204045 -1.389930 0.414523
-1.500940 0.145345 -1.379485 0.278987 -1.204543 -0.174942
0.776629 0.053105 1.130129 0.109610 0.588606 0.541523
-0.940021 0.085685 -0.821091 0.158728 -0.762927 -0.058164
-1.201000 0.067110 -1.872991 0.542112 -0.968398 -0.904593
0.910480 0.055600 1.072269 0.112880 0.693987 0.378282
-1.911110 0.226925 -1.241851 0.245522 -1.527473 0.285622
-1.157730 0.080005 -1.049518 0.183260 -0.934331 -0.115187
-2.322050 0.341430 -1.610001 0.262625 -1.851009 0.241008
0.841579 0.022830 0.075384 0.288499 0.639741 -0.564357
0.329040 0.038830 0.540659 0.090565 0.236215 0.304445
0.519760 0.034740 0.553249 0.121605 0.386370 0.166879
-1.368570 0.054040 -2.165111 0.677388 -1.100327 -1.064784
-0.445360 0.057700 -0.529777 0.201149 -0.373477 -0.156300
-1.923690 0.289435 -1.520096 0.320313 -1.537378 0.017282
0.151020 0.102245 0.401287 0.145242 0.096058 0.305229
-0.876980 0.079180 -0.831480 0.215185 -0.713294 -0.118186
-0.011370 0.034605 -0.434224 0.251132 -0.031792 -0.402432
0.946380 0.044900 0.940169 0.131455 0.722251 0.217918
0.886070 0.046220 1.027809 0.125300 0.674769 0.353040
-1.171650 0.081270 -1.406198 0.250672 -0.945290 -0.460908
-1.080120 0.171605 -0.853349 0.243723 -0.873228 0.019879
0.794380 0.034185 0.755889 0.126540 0.602581 0.153308
-1.348200 0.121065 -1.164745 0.224545 -1.084290 -0.080455
0.547520 0.067755 0.654529 0.170820 0.408226 0.246303
-1.709570 0.096210 -2.084321 0.361200 -1.368799 -0.715522
0.767400 0.051905 0.750919 0.216770 0.581339 0.169580
-1.985490 0.231290 -1.437632 0.219000 -1.586033 0.148401
-0.661230 0.044765 -0.932311 0.336865 -0.543433 -0.388878
1.356680 0.061250 1.416489 0.206860 1.045284 0.371205
-1.803550 0.097880 -1.194122 0.101938 -1.442790 0.248668
-2.059030 0.451245 -1.306436 0.338124 -1.643932 0.337496
0.616250 0.047795 0.635329 0.147615 0.462338 0.172991
0.595449 0.078730 0.471079 0.158790 0.445961 0.025118
0.693890 0.051185 0.799159 0.117595 0.523464 0.275695
-0.334500 0.049845 -0.118058 0.106574 -0.286196 0.168138
0.925080 0.093635 0.720039 0.130765 0.705482 0.014557
-0.539180 0.056250 -0.557830 0.123664 -0.447341 -0.110489
-2.207380 0.220970 -1.168861 0.166997 -1.760729 0.591868
0.934580 0.045705 1.189469 0.086950 0.712961 0.476508
-0.404260 0.068060 -0.813069 0.196533 -0.341118 -0.471951
0.307700 0.025875 -0.416983 0.298714 0.219414 -0.636397
0.261410 0.046225 0.272932 0.129205 0.182969 0.089963
-1.087990 0.127645 -0.292593 0.085253 -0.879424 0.586831
0.426840 0.075375 0.564799 0.171970 0.313213 0.251586
-0.842370 0.072515 -0.908350 0.157293 -0.686046 -0.222304
0.248650 0.068585 0.192869 0.197681 0.172923 0.019946
-1.092751 0.135035 -0.937313 0.264038 -0.883172 -0.054141
-0.342100 0.029810 -0.963037 0.278305 -0.292179 -0.670858
0.578210 0.024680 0.215324 0.225559 0.432388 -0.217064
-0.829440 0.087895 -0.869331 0.183335 -0.675866 -0.193465
-1.769920 0.322745 -1.102768 0.255278 -1.416313 0.313545
0.819220 0.038385 0.681429 0.161660 0.622137 0.059292
0.021170 0.023535 -0.411441 0.456895 -0.006174 -0.405267
-1.451570 0.229270 -0.690838 0.159276 -1.165674 0.474836
-0.109010 0.082590 0.113434 0.168002 -0.108665 0.222099
-1.356970 0.130140 -0.843041 0.170830 -1.091194 0.248153
-0.986200 0.078515 -1.081263 0.283222 -0.799284 -0.281979
0.184640 0.033385 -0.269674 0.201928 0.122528 -0.392201
0.056710 0.041075 0.128621 0.110054 0.021807 0.106814
-0.197570 0.071485 0.261552 0.089682 -0.178389 0.439941
-1.194220 0.023420 -2.203151 0.369005 -0.963060 -1.240091
-1.452600 0.164120 -1.346374 0.259039 -1.166484 -0.179890
0.770570 0.055390 0.948499 0.113045 0.583835 0.364664
-0.042950 0.042410 -1.058524 0.308361 -0.056656 -1.001868
-1.730030 0.294220 -1.144093 0.259144 -1.384907 0.240814
0.171380 0.051275 0.514599 0.098608 0.112088 0.402511
1.217480 0.036100 1.216969 0.121155 0.935690 0.281279
-0.921940 0.062600 -1.535574 0.627324 -0.748691 -0.786882
1.030780 0.042300 1.061039 0.161960 0.788700 0.272339
-0.646190 0.172215 -0.384384 0.238643 -0.531591 0.147207
-1.074800 0.077560 -1.077353 0.159619 -0.869040 -0.208313
-0.072260 0.052815 -0.066451 0.164514 -0.079732 0.013281
-0.200080 0.098535 0.028651 0.149064 -0.180365 0.209016
-0.559570 0.037930 -3.414811 1.146220 -0.463395 -2.951416
0.100830 0.067825 0.267620 0.163692 0.056543 0.211077
-1.519500 0.032720 -2.224321 0.362245 -1.219156 -1.005165
1.351880 0.031000 1.101689 0.180560 1.041505 0.060184
-0.480081 0.030210 -0.905658 0.263847 -0.400812 -0.504846
0.367160 0.058745 0.645939 0.112305 0.266227 0.379712
1.326780 0.085450 1.736039 0.122420 1.021744 0.714295
-0.428350 0.048995 -1.299657 0.295615 -0.360085 -0.939572
-0.350830 0.045500 -0.283386 0.140337 -0.299052 0.015666
-0.969610 0.141030 -0.484941 0.142294 -0.786223 0.301282
0.570310 0.039115 0.411402 0.185656 0.426168 -0.014766
0.316790 0.019565 -0.180329 0.252003 0.226570 -0.406899
0.474380 0.062550 0.815089 0.097170 0.350642 0.464447
0.107670 0.092285 -0.342824 0.187656 0.061928 -0.404752
-1.173230 0.106370 -1.209476 0.245369 -0.946534 -0.262942
-0.218910 0.052835 -0.168672 0.143843 -0.195191 0.026519
0.337310 0.052310 0.286614 0.189696 0.242726 0.043888
-0.785920 0.092730 -0.658279 0.193510 -0.641602 -0.016677
-1.078490 0.066290 -2.007771 0.463894 -0.871945 -1.135826
-0.823800 0.097990 -1.423047 0.446367 -0.671425 -0.751622
1.024280 0.050050 1.104949 0.134400 0.783582 0.321367
0.935080 0.063520 1.351039 0.099525 0.713355 0.637684
-0.216420 0.021470 -1.338747 0.337418 -0.193230 -1.145517
0.080450 0.043730 0.199480 0.100776 0.040498 0.158982
-0.711240 0.054215 -0.685917 0.214150 -0.582806 -0.103111
-1.405100 0.163660 -0.353144 0.093838 -1.129088 0.775944
1.303180 0.034900 1.082669 0.226270 1.003163 0.079506
0.679880 0.052435 0.742359 0.113935 0.512434 0.229925
-0.172990 0.060240 0.079328 0.116431 -0.159037 0.238365
0.537590 0.025540 0.007620 0.282295 0.400408 -0.392788
0.028460 0.025650 -0.321640 0.252521 -0.000435 -0.321205
1.502379 0.052200 0.608279 0.128275 1.159994 -0.551715
-0.228661 0.070555 0.094262 0.110527 -0.202867 0.297129
-1.008320 0.159410 -0.898391 0.445753 -0.816699 -0.081692
0.584180 0.040735 -0.429216 0.369101 0.437088 -0.866304
0.288680 0.030890 -0.250601 0.392704 0.204439 -0.455040
-1.409150 0.210325 -0.109563 0.191811 -1.132276 1.022713
0.422009 0.050250 0.215464 0.208048 0.309410 -0.093946
0.404230 0.035345 -0.626695 0.427330 0.295413 -0.922107
0.555380 0.029525 0.303330 0.213153 0.414414 -0.111084
0.445570 0.098815 0.631169 0.153825 0.327960 0.303209
0.656400 0.043105 0.650279 0.129685 0.493948 0.156331
0.037210 0.039935 0.002914 0.158722 0.006454 -0.003540
0.427640 0.075025 0.669829 0.149740 0.313843 0.355986
-0.160410 0.059685 -0.330060 0.210621 -0.149133 -0.180927
0.692130 0.037580 0.659019 0.134310 0.522079 0.136940
1.255280 0.080950 1.493829 0.090675 0.965451 0.528378
0.177310 0.078425 -0.103248 0.206779 0.116757 -0.220005
-0.214990 0.068105 -0.817537 0.423277 -0.192104 -0.625433
1.100880 0.030300 0.876289 0.209990 0.843890 0.032399
0.742990 0.034265 0.379890 0.203084 0.562121 -0.182231
1.304680 0.034200 0.438599 0.444705 1.004344 -0.565745
0.646270 0.064185 0.620119 0.151760 0.485972 0.134147
0.846889 0.031365 0.846469 0.152110 0.643922 0.202547
0.827800 0.054310 0.751709 0.136540 0.628892 0.122817
-0.628320 0.163530 -0.281847 0.192457 -0.517522 0.235675
0.113470 0.024645 -0.166552 0.183106 0.066495 -0.233047
0.293580 0.050545 0.293165 0.137709 0.208297 0.084868
0.311570 0.055575 0.633909 0.099540 0.222461 0.411448
-0.195610 0.078410 -0.136118 0.142284 -0.176846 0.040728
0.559790 0.057185 1.081059 0.081730 0.417886 0.663173
0.714710 0.055855 0.744729 0.117035 0.539856 0.204873
0.046100 0.073585 0.045488 0.138136 0.013454 0.032034
0.087500 0.063005 0.302620 0.122350 0.046048 0.256572
1.058080 0.041500 0.905499 0.178740 0.810194 0.095305
0.203279 0.039230 0.077537 0.194898 0.137203 -0.059666
0.797570 0.041645 0.883849 0.096525 0.605092 0.278757
0.935180 0.059325 1.017719 0.152685 0.713433 0.304286
1.165480 0.074950 1.536569 0.115980 0.894750 0.641819
0.178110 0.055855 -0.038239 0.193826 0.117387 -0.155626
0.413210 0.035805 0.258649 0.191697 0.302482 -0.043833
1.283480 0.039050 1.170399 0.172775 0.987653 0.182746
0.153140 0.104145 0.995079 0.076875 0.097727 0.897352
1.803880 0.055350 1.074369 0.192220 1.397368 -0.322999
0.428850 0.048335 0.303743 0.249580 0.314796 -0.011053
0.001950 0.103565 -0.300506 0.183338 -0.021305 -0.279200
0.537640 0.087025 0.523259 0.178070 0.400447 0.122812
-0.037100 0.065065 -0.112914 0.247793 -0.052050 -0.060864
0.426090 0.033880 0.121869 0.247176 0.312623 -0.190754
0.529150 0.076075 0.831389 0.146845 0.393763 0.437626
0.278740 0.053520 0.195184 0.206109 0.196613 -0.001429
0.476060 0.055725 0.780259 0.102880 0.351965 0.428294
0.617520 0.043265 0.542389 0.158176 0.463338 0.079051
0.532810 0.052905 0.616109 0.151895 0.396645 0.219464
1.575780 0.048750 0.392738 0.638704 1.217783 -0.825045
1.200980 0.026800 0.695439 0.259615 0.922700 -0.227261
0.598340 0.093730 0.899239 0.156220 0.448237 0.451002
0.092580 0.152205 -0.122024 0.235130 0.050048 -0.172072
1.352080 0.032600 -0.941360 0.957519 1.041663 -1.983023
0.320400 0.066890 -0.181799 0.222055 0.229413 -0.411212
1.782280 0.031500 0.545409 0.154990 1.380362 -0.834953
1.305480 0.054400 1.323319 0.115905 1.004974 0.318345
0.135400 0.066990 0.246559 0.161432 0.083760 0.162799
1.443180 0.044950 0.130498 0.510298 1.113386 -0.982888
0.673680 0.031390 -0.125944 0.255782 0.507553 -0.633497
0.244390 0.056895 0.501179 0.121850 0.169569 0.331610
1.292180 0.036300 -0.609640 1.294430 0.994503 -1.604142
0.410410 0.052945 0.780849 0.096040 0.300278 0.480571
1.593679 0.043350 1.645569 0.217000 1.231875 0.413694
0.988379 0.045000 1.221719 0.091300 0.755318 0.466401
1.332180 0.055100 0.749509 0.325956 1.025995 -0.276486
0.712990 0.065260 0.857009 0.188985 0.538502 0.318507
0.098390 0.092965 0.461519 0.132711 0.054622 0.406897
0.936379 0.091590 0.765789 0.163435 0.714378 0.051411
1.043980 0.043900 1.316799 0.080975 0.799092 0.517707
-0.479480 0.112615 -0.029636 0.134033 -0.400339 0.370703
0.758060 0.034310 0.635119 0.144490 0.573985 0.061134
0.201509 0.100355 -0.186487 0.160657 0.135809 -0.322296
0.818769 0.061130 0.871159 0.131945 0.621783 0.249376
0.935980 0.043295 0.959439 0.148235 0.714063 0.245376
-0.362781 0.051400 0.161045 0.078225 -0.308461 0.469506
0.264050 0.062340 0.648149 0.095250 0.185047 0.463102
1.029079 0.056050 1.293929 0.117555 0.787361 0.506568
1.085680 0.034800 0.999619 0.133720 0.831923 0.167696
1.040780 0.070800 1.025029 0.132060 0.796573 0.228456
0.917180 0.089775 0.827579 0.177315 0.699262 0.128317
-0.911571 0.187465 0.211837 0.144804 -0.740528 0.952365
-0.042970 0.071330 0.372209 0.104442 -0.056671 0.428880
1.350679 0.042450 1.179239 0.268620 1.040560 0.138679
1.103680 0.041400 0.305063 0.286340 0.846095 -0.541032
1.009080 0.028500 0.014963 0.371947 0.771616 -0.756653
0.139430 0.096200 0.393821 0.168901 0.086933 0.306888
-0.337740 0.058945 -0.653731 0.336670 -0.288746 -0.364984
-0.374970 0.091430 0.007625 0.145411 -0.318058 0.325683
1.758080 0.054650 0.794019 0.498289 1.361309 -0.567290
1.745580 0.088100 1.730889 0.177220 1.351468 0.379421
0.662670 0.062530 0.875779 0.123645 0.498884 0.376895
0.981380 0.035450 0.095108 0.303237 0.749807 -0.654699
0.767980 0.052730 0.161841 0.290522 0.581795 -0.419954
1.421780 0.061500 0.641109 0.318837 1.096537 -0.455428
0.887840 0.094005 1.370709 0.118035 0.676163 0.694546
0.128680 0.089995 0.280343 0.191977 0.078470 0.201873
0.588150 0.039765 0.382456 0.294542 0.440214 -0.057758
1.766780 0.035250 1.101909 0.300725 1.368159 -0.266250
0.121230 0.057400 0.606689 0.086835 0.072604 0.534084
