# x_refit,sx_refit,y_refit,sy_refit
0.988175 0.056250 0.972513 0.213080
1.032775 0.108100 0.716963 0.247485
0.239765 0.103310 0.268673 0.121055
0.032295 0.066415 0.273293 0.131845
0.462965 0.073325 0.299523 0.296849
0.115135 0.066900 0.156183 0.205168
0.056135 0.057575 0.140043 0.265662
0.876875 0.040450 0.881643 0.212480
0.862525 0.064445 0.559143 0.195830
0.265115 0.041355 0.223563 0.259144
0.698895 0.016390 0.779183 0.058265
0.100945 0.038730 -0.039887 0.168336
0.706155 0.053100 0.659843 0.245420
0.324105 0.085225 -0.050258 0.211641
-0.045444 0.087130 0.213373 0.105467
-0.054285 0.059555 -0.141902 0.297320
0.164385 0.062760 0.523063 0.068285
1.781875 0.045400 1.858123 0.247230
-0.108905 0.066290 0.151413 0.101041
0.211705 0.095525 -0.001727 0.375659
0.784725 0.050410 1.017043 0.140455
1.285775 0.038600 1.354773 0.254140
0.823265 0.035450 0.832983 0.210680
1.234875 0.068200 0.882923 0.248990
1.631975 0.107400 1.198223 0.367345
0.313715 0.060655 0.519293 0.112505
0.761155 0.028590 0.896693 0.092820
0.388285 0.060895 0.708153 0.055225
-0.066785 0.051110 0.118813 0.130488
0.072235 0.079180 0.050172 0.266883
0.530985 0.066570 0.286273 0.312836
-0.157195 0.071360 0.132583 0.173386
0.534585 0.035085 0.849183 0.032380
0.130645 0.071395 0.497203 0.036090
0.222685 0.042460 0.321513 0.197211
-0.365515 0.078445 0.058071 0.084178
0.328185 0.049100 0.670723 0.062705
0.366505 0.045495 0.647833 0.059195
0.146305 0.064370 0.525573 0.035610
0.110305 0.045815 0.533683 0.066525
-0.960705 0.147300 -0.781874 0.148353
0.050275 0.069750 0.128433 0.223252
1.048375 0.095750 1.252923 0.205900
0.872575 0.039560 0.679913 0.250120
0.676645 0.067625 0.255923 0.164466
-0.070935 0.120575 -0.033940 0.134558
-0.185735 0.147280 -0.304442 0.168608
0.562675 0.048145 0.415393 0.201865
-0.027395 0.054365 0.339713 0.034280
0.136175 0.067600 0.349733 0.162345
0.058425 0.074190 -0.121758 0.254943
0.670625 0.056995 0.793593 0.256040
1.599276 0.040600 1.367343 0.149935
1.229575 0.064150 0.878683 0.235480
0.568105 0.040110 0.727553 0.146550
0.837185 0.052615 1.181593 0.051085
0.429515 0.037650 0.800713 0.024375
1.081475 0.109100 0.836953 0.345685
0.768185 0.048115 0.898793 0.233515
1.131175 0.061950 1.088243 0.271350
-0.007375 0.079060 -0.383193 0.218560
1.011476 0.043400 1.060513 0.219890
0.130816 0.058755 0.459103 0.038765
0.441665 0.070450 0.222283 0.189603
0.948375 0.023950 0.925843 0.164030
0.728285 0.049875 0.690243 0.200965
0.077146 0.101600 0.298283 0.127395
0.978476 0.063100 0.634373 0.147300
0.803185 0.045875 1.111983 0.039235
-0.015025 0.069030 0.183053 0.225054
-0.138065 0.074655 -0.480750 0.245540
0.876075 0.047570 0.808883 0.266795
0.246215 0.081220 -0.067730 0.313847
0.931475 0.045950 0.878543 0.264700
0.147745 0.076935 0.477823 0.194290
0.497055 0.061290 0.153553 0.211563
0.878875 0.047025 1.140293 0.100695
-0.072335 0.083370 -0.228305 0.331628
-0.377835 0.051875 -0.106061 0.078600
0.586966 0.041570 0.627543 0.197970
1.389775 0.033600 1.196343 0.072550
-0.448825 0.071900 -0.329062 0.266670
0.626125 0.040910 0.597803 0.238595
0.886675 0.050840 0.658663 0.157020
-0.867705 0.170525 -0.763229 0.186390
1.332875 0.057550 1.259013 0.280435
0.607055 0.044980 0.660573 0.256585
1.933275 0.046500 1.792103 0.210660
0.715225 0.093665 0.957623 0.257090
-0.059885 0.087185 0.127753 0.173007
-0.400875 0.062430 0.089050 0.048987
0.437165 0.034270 0.708153 0.056980
-0.542745 0.175730 -0.427483 0.163025
1.192676 0.028800 1.235153 0.212635
1.149776 0.025550 1.125763 0.151015
0.026995 0.066380 0.116903 0.289471
0.551975 0.042785 0.816253 0.084230
0.575365 0.047765 0.402083 0.257010
0.547485 0.088995 0.271493 0.146510
0.314605 0.072430 0.009934 0.246922
0.380715 0.042690 0.366733 0.213440
-0.222795 0.093590 -0.253269 0.116390
-0.156825 0.086175 -0.348906 0.311711
1.163176 0.022300 1.341253 0.067320
0.153075 0.092990 0.369033 0.127840
0.200675 0.051490 0.293463 0.228073
0.876375 0.074520 1.043853 0.223340
0.138535 0.065440 0.513933 0.037275
0.307905 0.050765 0.618173 0.046365
0.670055 0.049655 0.951243 0.070985
0.465005 0.047825 0.571043 0.213410
0.425845 0.060645 0.300183 0.123315
1.721675 0.021200 1.630803 0.190205
0.082015 0.039255 0.149403 0.165755
0.499065 0.082895 0.811403 0.157085
0.114785 0.053655 0.500773 0.052305
0.783805 0.057810 1.051953 0.111335
0.894775 0.050365 0.819363 0.245435
-0.228365 0.083880 -0.372210 0.351990
0.348866 0.085535 0.653233 0.119445
0.484965 0.047415 0.834933 0.028190
0.722595 0.025830 0.833793 0.109380
0.325405 0.075240 0.513903 0.275110
0.362395 0.054260 0.422173 0.276824
-0.041915 0.028070 -0.150014 0.141600
0.594405 0.046325 0.482643 0.204980
0.369215 0.050415 0.770513 0.032400
0.619355 0.035230 0.674403 0.153905
-0.211385 0.054690 -0.232621 0.267552
0.842936 0.047625 1.092253 0.060210
0.820405 0.081935 1.073813 0.175315
0.330265 0.085690 0.155073 0.277949
0.097995 0.039620 0.112483 0.219255
0.258145 0.054160 0.595533 0.037640
-0.002105 0.102850 -0.252166 0.198279
0.923075 0.060900 1.264433 0.049970
0.016706 0.065970 -0.002815 0.171569
-0.175045 0.088680 -0.310554 0.218926
-0.258725 0.087900 -0.291695 0.287618
0.741065 0.136430 0.406013 0.191120
-0.356095 0.056170 -0.121995 0.148419
-0.047555 0.073355 0.163013 0.138160
0.608885 0.034615 0.750173 0.114390
0.366765 0.056775 0.135113 0.262342
0.395935 0.073165 0.566003 0.290580
0.376165 0.083865 0.246183 0.338836
0.369585 0.036960 0.706923 0.024950
0.249015 0.083890 0.582253 0.077745
0.139435 0.056905 0.442413 0.054085
0.389385 0.062535 0.232353 0.152678
0.900875 0.032200 1.129123 0.063640
0.821605 0.048060 0.975253 0.172470
-1.529035 0.319455 -1.028484 0.157868
0.470815 0.043850 0.559583 0.241425
1.437375 0.059350 1.203893 0.061815
0.517525 0.033825 0.608323 0.093740
-1.473715 0.160655 -1.755333 0.298856
-1.374835 0.158405 -1.046464 0.170968
-0.326115 0.071170 -0.106455 0.143599
-0.628284 0.192960 -0.798519 0.220924
-0.720205 0.034255 -0.518290 0.112048
-0.085635 0.095770 0.198183 0.127377
-0.109815 0.042185 0.293993 0.032900
-1.373035 0.120765 -1.019601 0.174240
-0.466905 0.093990 -0.419412 0.247982
-0.315315 0.077880 -0.406255 0.254429
0.052645 0.055370 -0.036232 0.188271
-1.047765 0.136910 -1.236112 0.249414
-0.579325 0.038705 -0.623434 0.197208
-0.048145 0.038735 -0.040871 0.189472
-0.538525 0.023145 -0.533477 0.119608
0.418805 0.036495 0.517293 0.138760
-0.277425 0.056305 0.037065 0.073180
-0.289414 0.065450 -0.599353 0.203332
0.629126 0.068655 0.761633 0.194610
-1.381605 0.263015 -1.182900 0.182223
-1.417925 0.304005 -1.063040 0.192924
-0.631124 0.043015 -0.337545 0.066207
-1.528455 0.224025 -1.637472 0.242042
-0.871035 0.165680 -0.756381 0.171959
0.440655 0.076040 0.236693 0.299472
0.541445 0.039340 0.844593 0.042470
-0.582475 0.060135 -0.725541 0.202006
0.377325 0.023795 0.460863 0.128350
0.114255 0.088425 0.342853 0.182955
-0.914635 0.046570 -0.788431 0.173459
-0.577044 0.062280 -0.699255 0.150888
-0.560295 0.053395 -0.458369 0.196575
-1.014645 0.077960 -1.269962 0.214706
-1.163155 0.077395 -1.184361 0.217777
0.622766 0.041840 0.955903 0.037355
0.256155 0.060310 0.037999 0.245604
-1.261165 0.127730 -1.594198 0.248818
-0.325035 0.051515 -0.392005 0.269239
-1.156595 0.254760 -1.061543 0.218153
-0.306895 0.025950 -0.245184 0.116226
-1.217725 0.138575 -1.053702 0.238384
-0.530005 0.062085 -0.796661 0.226373
-0.711615 0.021020 -0.680313 0.071944
0.267745 0.076005 0.591753 0.088355
-1.298645 0.150835 -1.393151 0.232467
-0.685995 0.023375 -0.709061 0.113496
-0.995225 0.049185 -1.088890 0.210488
-0.810055 0.148205 -0.763361 0.162565
-1.615785 0.106570 -1.077269 0.107888
0.145165 0.033870 0.266083 0.129620
-0.807245 0.138205 -0.857318 0.239984
0.609125 0.056880 0.814943 0.226855
-0.737715 0.060040 -0.891666 0.252010
-1.118665 0.088530 -1.381145 0.228758
0.844595 0.038875 1.061963 0.108830
0.837626 0.042615 1.048003 0.131625
0.497095 0.035455 0.641843 0.109775
-0.675415 0.086695 -0.576277 0.098700
-0.921895 0.145115 -0.919822 0.189844
-0.138925 0.060750 0.133473 0.059503
0.188766 0.042115 0.434683 0.124645
0.073475 0.032750 0.090942 0.203192
-0.640445 0.104050 -0.976732 0.170476
0.174405 0.082260 0.195073 0.234098
0.022645 0.046960 0.157313 0.120463
-1.293565 0.150985 -1.591210 0.313424
-1.165315 0.053335 -0.809617 0.150812
0.778725 0.072655 1.024223 0.245950
-0.499265 0.090810 -0.578161 0.254640
-0.261645 0.053505 -0.357701 0.234980
0.037705 0.051995 -0.139716 0.276139
0.733195 0.061585 1.020733 0.071360
-0.061325 0.077150 -0.421945 0.147850
-0.923244 0.164000 -0.929410 0.191247
0.804885 0.104960 0.561103 0.385515
0.857326 0.022220 0.890663 0.103680
-1.492095 0.127740 -1.601313 0.192539
0.204195 0.062320 0.452113 0.135820
1.135675 0.114800 1.014033 0.212445
-1.180085 0.171340 -0.622262 0.097487
-0.408555 0.040080 -0.275274 0.112163
-0.481105 0.071710 -0.788954 0.249635
-0.502695 0.114485 -0.036306 0.087633
0.380405 0.080390 0.402213 0.287430
0.369175 0.081070 0.550123 0.206175
-0.686045 0.112045 -0.517307 0.203783
-0.034425 0.044175 -0.227227 0.228161
-1.072685 0.090130 -1.384356 0.217341
-0.693954 0.058495 -0.577820 0.187831
-1.132995 0.074900 -1.188429 0.218123
-1.338415 0.096355 -1.517005 0.292699
-1.026424 0.083185 -0.834802 0.210008
-1.106495 0.141070 -1.179910 0.167177
0.173115 0.086635 0.014305 0.363813
-0.337845 0.082250 -0.107142 0.210738
-1.798785 0.126190 -1.659913 0.156306
-0.779155 0.030320 -0.833273 0.192687
-1.492755 0.110900 -1.778486 0.229690
-0.930825 0.127590 -1.075194 0.202775
-1.040114 0.094385 -1.317556 0.243307
-1.073515 0.068635 -1.119951 0.125104
-0.268825 0.073060 0.101523 0.050382
-1.484765 0.175805 -1.350111 0.197122
-0.751534 0.040115 -0.883845 0.181715
-0.164675 0.029035 -0.125455 0.154840
0.265905 0.074760 0.409603 0.236905
-1.593885 0.268190 -1.498512 0.224418
-0.329415 0.034065 -0.405871 0.160350
0.009895 0.037185 0.182773 0.118623
-1.301755 0.119305 -1.365490 0.219267
-0.461915 0.026070 -0.460547 0.129839
0.312165 0.039360 0.684643 0.025685
-0.397355 0.058615 -0.693261 0.109604
0.843195 0.028960 0.797673 0.153370
-1.024645 0.088910 -1.275577 0.251242
-0.578325 0.090375 -0.394931 0.239395
-0.061035 0.037425 -0.130534 0.228166
-0.445955 0.210320 -0.403356 0.173087
-1.517225 0.117300 -1.590577 0.177584
-0.785035 0.069705 -0.985439 0.280120
-0.250175 0.053100 0.068239 0.038498
-0.266075 0.187440 -0.686105 0.401657
-0.952295 0.083075 -0.919001 0.170343
-0.809565 0.090100 -1.060902 0.312739
-0.115635 0.050890 -0.101841 0.200537
-0.112595 0.052425 -0.072524 0.210630
-1.113075 0.221885 -1.089680 0.236841
-1.038575 0.083205 -1.350650 0.179228
-0.958895 0.293905 -0.765202 0.198865
-1.594675 0.231510 -1.338975 0.214134
-0.768295 0.192945 -0.865593 0.184596
-2.495115 0.350025 -2.037207 0.184051
-0.433425 0.051135 -0.423036 0.268096
-0.512685 0.033025 -0.469056 0.167574
-0.444885 0.105055 -0.639733 0.213349
-0.868035 0.086375 -1.194025 0.306376
-1.227845 0.174655 -1.202479 0.190884
-0.762215 0.122885 -0.430093 0.122383
-0.678494 0.144880 -0.387663 0.120266
-0.573205 0.071115 -0.851741 0.263038
-1.136684 0.042425 -1.304269 0.144939
-0.870305 0.034035 -0.879101 0.096530
-0.979345 0.083590 -1.232648 0.305389
-1.289975 0.067525 -1.517767 0.290619
-0.610185 0.151375 -0.519099 0.133989
0.820685 0.041835 1.081633 0.044975
-0.940885 0.054895 -1.007893 0.224615
0.192145 0.099310 0.090337 0.299318
0.085155 0.017720 0.163103 0.082992
0.546515 0.114965 0.286633 0.355058
0.231835 0.038940 0.638373 0.050685
0.146845 0.117805 0.114253 0.433841
-0.933355 0.080355 -1.022683 0.194434
-0.745725 0.105285 -0.417386 0.160391
-1.016965 0.127405 -0.612336 0.132255
-1.453085 0.119170 -1.416580 0.201238
0.303685 0.045025 0.608103 0.064745
0.290976 0.051010 0.566993 0.095400
-1.803195 0.192860 -1.472878 0.158735
0.007475 0.044370 0.264863 0.071500
-1.025835 0.036120 -1.408882 0.066581
-0.265665 0.041920 -0.340524 0.230299
-0.265665 0.041920 -0.340524 0.230299
-0.122615 0.062410 0.097489 0.110440
0.014545 0.042975 -0.043717 0.244522
1.108675 0.039150 1.185303 0.192505
1.105075 0.035900 1.247063 0.124805
-1.600115 0.256450 -1.261591 0.170499
-0.979935 0.066730 -1.097288 0.173833
-0.876135 0.056475 -1.020694 0.208748
-1.247385 0.061290 -1.207198 0.245676
0.605045 0.062580 0.284813 0.134910
-0.911065 0.205005 -0.720944 0.152323
-1.495975 0.066340 -1.294583 0.160214
-0.899035 0.100580 -1.338295 0.212248
-1.338135 0.240455 -1.193869 0.189186
0.039625 0.022185 0.059331 0.131729
-0.743675 0.057105 -0.960213 0.203919
-1.587905 0.135420 -1.780208 0.244850
-1.092435 0.069710 -1.403087 0.239487
0.087575 0.033975 0.262353 0.080590
0.085605 0.064105 -0.116817 0.269001
0.291715 0.037115 0.569343 0.063475
0.395215 0.040770 0.587783 0.125735
-0.792715 0.058340 -0.993158 0.120449
-1.718065 0.225620 -1.564137 0.201659
-1.512055 0.123230 -1.918867 0.260125
-1.058235 0.099170 -1.299766 0.270505
-1.265705 0.094505 -1.440367 0.255883
-0.934725 0.098880 -1.242341 0.345315
-0.718985 0.131835 -0.349007 0.087190
-0.345085 0.059905 -0.515913 0.215663
-1.704595 0.209695 -1.483919 0.163123
-1.452285 0.211210 -1.263670 0.168005
0.003005 0.044820 -0.228255 0.157485
0.008035 0.050535 -0.278203 0.189003
-1.336185 0.113670 -1.611429 0.198438
-0.715215 0.050105 -0.407395 0.086199
0.615635 0.051475 0.896643 0.100680
-1.685135 0.092815 -1.744414 0.232426
-0.585915 0.043945 -0.751650 0.158414
-2.022545 0.242300 -1.635792 0.149443
-0.750814 0.067220 -0.920450 0.203489
-0.874155 0.055530 -0.959828 0.277787
-0.519165 0.109820 -0.372720 0.200031
-0.952925 0.085515 -1.203127 0.135535
-1.019965 0.046805 -1.282786 0.175835
0.556165 0.071550 0.870183 0.072160
0.515855 0.064445 0.725523 0.252630
-0.226954 0.043775 0.083005 0.045830
-1.688685 0.215185 -1.878599 0.278323
-1.387285 0.050460 -1.582929 0.215646
-0.830025 0.045425 -0.988699 0.208849
-2.103815 0.345530 -1.912107 0.247127
-0.035785 0.067940 -0.390581 0.191600
-0.335975 0.076870 -0.143531 0.157412
-0.730635 0.087975 -0.906209 0.160272
-1.754485 0.101305 -1.685984 0.142727
-0.194654 0.067740 0.149683 0.104526
0.464585 0.027580 0.398043 0.159800
0.559965 0.047785 0.708233 0.276415
-0.438225 0.052285 -0.735667 0.158254
-0.844415 0.116670 -1.110624 0.261440
-1.206095 0.079825 -1.342832 0.207940
-1.761585 0.085230 -1.907227 0.201391
-0.180285 0.072950 0.053882 0.160105
-1.710665 0.191220 -1.496432 0.176953
-2.220475 0.254570 -1.736032 0.184108
-0.992405 0.242115 -0.630440 0.151009
0.133255 0.064345 -0.286253 0.188476
0.356145 0.036375 0.287093 0.207361
0.040875 0.054005 -0.027592 0.261856
0.032765 0.046330 0.039231 0.236806
-1.382925 0.215080 -1.085421 0.150921
0.764875 0.048565 0.917873 0.180135
-1.455945 0.151690 -1.170686 0.145973
-0.796765 0.050380 -0.900563 0.255178
-1.287915 0.070630 -1.526105 0.185384
-0.854875 0.072660 -1.146996 0.284772
0.396065 0.026020 0.414233 0.137065
-0.609595 0.036445 -0.550010 0.169244
-1.442675 0.304155 -1.546275 0.306030
-0.667145 0.050185 -0.619077 0.240276
-1.307315 0.113595 -1.446618 0.269246
-0.900535 0.131640 -0.908652 0.178987
0.560205 0.058050 0.958743 0.038325
-0.397375 0.058795 -0.215838 0.272114
0.416455 0.032515 0.627603 0.086605
-0.303275 0.088325 -0.651498 0.239541
-1.257695 0.131535 -1.222240 0.244409
0.232355 0.043055 0.463083 0.119655
-1.760675 0.263610 -1.561298 0.195072
-0.932535 0.070710 -1.008125 0.285625
0.977076 0.029250 1.086773 0.136420
-0.986885 0.128265 -0.897456 0.178683
-1.888025 0.208715 -1.646742 0.167829
-1.572525 0.226740 -1.402164 0.221296
-0.697215 0.083900 -1.081563 0.247449
-0.414295 0.067360 -0.494209 0.098323
-0.460595 0.081370 -0.479552 0.110888
-0.745145 0.077490 -0.992839 0.286155
-0.546775 0.060275 -0.682873 0.215041
-0.316105 0.051530 -0.357802 0.221073
-1.341145 0.050855 -1.402105 0.241002
0.465895 0.036290 0.521033 0.198310
-1.575885 0.156160 -1.708589 0.218443
0.226595 0.062705 0.100196 0.143505
-1.043785 0.088615 -1.347479 0.194100
-0.271755 0.110760 -0.166413 0.171318
0.371455 0.043965 0.722723 0.085090
-0.716485 0.065095 -0.777983 0.238639
-1.935475 0.435575 -1.519208 0.245887
0.391105 0.026635 0.549593 0.093145
0.390875 0.027725 0.515653 0.121515
0.665155 0.046375 0.929443 0.096285
-1.192405 0.136505 -1.085036 0.126260
0.220995 0.076285 0.269943 0.364682
-1.981635 0.171965 -2.177147 0.291153
0.178655 0.024510 0.478783 0.027660
0.243385 0.059500 0.589553 0.035470
-1.777975 0.106320 -1.937497 0.209821
-0.047105 0.091645 -0.026037 0.142503
-0.449065 0.053555 -0.063701 0.038523
-2.187565 0.190565 -2.164567 0.238625
-0.316805 0.039800 -0.103909 0.084655
-0.752185 0.081170 -0.978951 0.165594
0.318525 0.024195 0.426993 0.086320
0.862735 0.029530 0.990993 0.129215
-1.023785 0.056485 -1.062927 0.251710
-0.739855 0.158965 -0.911780 0.188600
-0.716155 0.064435 -0.941189 0.267414
-1.251105 0.046245 -1.345048 0.206581
0.275875 0.030550 0.232323 0.159246
0.592575 0.054940 0.287823 0.217218
-1.117265 0.107740 -1.256095 0.225040
1.058175 0.037450 1.231253 0.153070
-1.179255 0.151595 -1.643712 0.292839
-1.095405 0.050515 -1.237518 0.112216
-0.944715 0.073730 -0.913040 0.224000
-0.355045 0.016170 -0.287292 0.067774
-0.324594 0.015545 -0.263107 0.060755
-0.796005 0.069500 -0.624805 0.163991
-1.126715 0.075085 -1.118886 0.257275
-0.125405 0.051885 -0.075221 0.249789
-1.578405 0.193405 -1.570916 0.231964
-1.216045 0.084975 -0.898083 0.164831
-1.365845 0.033940 -1.414102 0.156772
-0.059575 0.040950 0.131273 0.094848
-1.751375 0.262525 -1.901077 0.307635
1.495075 0.029550 1.518213 0.179830
-1.830205 0.177525 -1.375856 0.119711
0.610295 0.031450 0.828553 0.072065
-0.875575 0.122605 -1.026796 0.249699
0.976376 0.050000 0.906833 0.196825
-0.171895 0.059195 -0.161190 0.275364
-0.060085 0.042645 0.242673 0.054925
-0.783245 0.051410 -0.550261 0.145654
-0.486105 0.016635 -0.444699 0.067371
-0.322715 0.035570 -0.391387 0.290662
-0.872635 0.084425 -1.190794 0.257553
0.181335 0.042155 0.197683 0.197031
-0.396775 0.074380 -0.493872 0.268126
0.400175 0.044370 0.413503 0.277384
-1.480645 0.216265 -1.449193 0.221576
-1.143505 0.090915 -1.177461 0.217321
-1.646965 0.100525 -1.954097 0.267763
-1.771515 0.272035 -1.487523 0.181599
-1.536045 0.145345 -1.780767 0.238746
0.766805 0.045155 1.098853 0.037690
0.741525 0.053105 0.934483 0.274195
-0.975125 0.085685 -1.156468 0.295165
-1.236105 0.067110 -1.512793 0.225655
0.875375 0.055600 0.737053 0.197190
-1.946215 0.226925 -1.747102 0.220686
-1.192835 0.080005 -1.184792 0.291563
-2.357155 0.341430 -2.092777 0.223522
0.806475 0.022830 0.753393 0.120200
0.293935 0.038830 0.678923 0.023155
0.484655 0.034740 0.594943 0.155630
-1.403675 0.054040 -1.610666 0.199289
-0.480465 0.057700 -0.378902 0.197744
-1.958795 0.289435 -1.936747 0.259789
0.115915 0.102245 0.042307 0.222337
-0.912085 0.079180 -0.893125 0.269931
-0.046474 0.034605 -0.146647 0.186464
0.911275 0.044900 1.149633 0.099495
0.850965 0.046220 1.105963 0.128165
-1.206755 0.081270 -1.582351 0.259907
-1.115225 0.171605 -1.221599 0.288150
0.759275 0.034185 1.001083 0.070000
0.991375 0.031350 1.097003 0.175570
-1.383305 0.121065 -1.344644 0.271569
0.512415 0.067755 0.690923 0.188085
-1.744675 0.096210 -2.061907 0.305838
0.732295 0.051905 0.759983 0.297045
0.723425 0.049405 0.867653 0.185240
-2.020595 0.231290 -1.902697 0.209773
-0.696335 0.044765 -0.737557 0.248947
1.321575 0.061250 1.396023 0.272930
-1.838655 0.097880 -1.688941 0.143581
-2.094135 0.451245 -1.786255 0.250124
0.581145 0.047795 0.817693 0.083275
0.560345 0.078730 0.180183 0.215328
0.658785 0.051185 0.483713 0.239825
-0.369605 0.049845 -0.443344 0.193544
0.889976 0.093635 0.402403 0.275705
-0.574285 0.056250 -0.882570 0.173745
-2.242485 0.220970 -1.719923 0.150991
0.899475 0.045705 1.266903 0.026735
-0.439364 0.068060 -0.620045 0.277205
0.272595 0.025875 0.240233 0.139124
0.226305 0.046225 0.486663 0.069115
-1.123095 0.127645 -0.829215 0.107566
0.391735 0.075375 0.395203 0.230285
-0.877475 0.072515 -1.234450 0.216852
0.213545 0.068585 0.001727 0.308315
0.213545 0.068585 0.001727 0.308315
-1.127855 0.135035 -1.146036 0.257896
-0.377205 0.029810 -0.479878 0.145078
0.543105 0.024680 0.589983 0.149560
-0.864545 0.087895 -1.218101 0.236864
-1.805025 0.322745 -1.574756 0.213805
0.784115 0.038385 1.019643 0.061335
-0.013935 0.023535 -0.064403 0.263898
0.972775 0.041000 1.111143 0.225660
-1.486675 0.229270 -1.215003 0.157256
-0.144114 0.082590 0.174483 0.068988
0.074735 0.075940 -0.272019 0.272684
-1.392075 0.130140 -1.353038 0.171541
-1.021305 0.078515 -1.026579 0.294095
0.149535 0.033385 0.010924 0.147692
0.021605 0.041075 0.287103 0.076050
0.895175 0.017100 0.923143 0.081595
-0.232675 0.071485 -0.048211 0.194685
-1.229325 0.023420 -1.176783 0.060631
-1.487705 0.164120 -1.680279 0.256577
0.735465 0.055390 0.588243 0.189565
-0.078054 0.042410 -0.250515 0.143462
-1.765135 0.294220 -1.580026 0.212478
0.136275 0.051275 0.371923 0.207060
1.182375 0.036100 1.311043 0.252070
-0.957045 0.062600 -1.112896 0.206939
0.995675 0.042300 0.877353 0.209550
-0.681294 0.172215 -0.762719 0.202998
-1.109905 0.077560 -1.464863 0.186181
-0.107365 0.052815 -0.119202 0.277882
-0.235185 0.098535 -0.077755 0.269580
-0.594675 0.037930 -0.839844 0.049071
0.065725 0.067825 0.312593 0.110600
-1.554605 0.032720 -1.597448 0.137926
1.316775 0.031000 1.395913 0.181545
-0.515185 0.030210 -0.551602 0.160866
0.332055 0.058745 0.592133 0.131715
1.291676 0.085450 1.634593 0.091100
-0.463455 0.048995 -0.719769 0.131726
-0.385935 0.045500 -0.460851 0.184381
-1.004715 0.141030 -0.910897 0.167781
0.535205 0.039115 0.407873 0.217735
0.281685 0.019565 0.292473 0.140895
0.439275 0.062550 0.320323 0.115150
0.072565 0.092285 -0.446793 0.285235
-1.208335 0.106370 -1.538514 0.240657
-0.254015 0.052835 -0.429341 0.257582
0.302205 0.052310 0.481243 0.108015
-0.821025 0.092730 -1.074494 0.167460
-1.113595 0.066290 -1.280485 0.169115
-0.858905 0.097990 -1.242386 0.212899
0.989175 0.050050 0.768003 0.180695
0.899975 0.063520 1.213073 0.217965
-0.251525 0.021470 -0.287819 0.100869
0.045345 0.043730 0.375143 0.036365
-0.746345 0.054215 -0.864358 0.207181
-1.440205 0.163660 -0.902891 0.099381
1.268075 0.034900 1.194873 0.229225
0.644775 0.052435 0.616053 0.271785
-0.208095 0.060240 -0.360344 0.146082
0.502485 0.025540 0.487093 0.134365
-0.006645 0.025650 0.035883 0.136975
-0.263765 0.070555 -0.227841 0.231347
-1.043425 0.159410 -1.160536 0.217893
0.549075 0.040735 0.399923 0.142690
0.253575 0.030890 0.144443 0.216365
0.386905 0.050250 0.190653 0.234919
0.369125 0.035345 0.242153 0.136792
0.520275 0.029525 0.542733 0.158200
0.410465 0.098815 0.338453 0.271531
0.621295 0.043105 0.717103 0.202325
0.002105 0.039935 0.163373 0.135482
0.392535 0.075025 0.630553 0.141015
-0.195515 0.059685 -0.375855 0.323525
0.657025 0.037580 0.905283 0.073300
1.220175 0.080950 1.072133 0.199900
0.142205 0.078425 -0.319522 0.198754
-0.250094 0.068105 -0.507170 0.250642
1.065775 0.030300 1.040763 0.176705
0.707885 0.034265 0.742063 0.140895
1.269575 0.034200 1.309623 0.071445
0.611165 0.064185 0.322333 0.217655
0.811785 0.031365 0.838653 0.228000
0.792695 0.054310 0.919283 0.154785
-0.663424 0.163530 -0.657233 0.224550
0.078365 0.024645 0.222203 0.086815
0.258475 0.050545 0.288413 0.246800
0.276465 0.055575 0.597383 0.088530
-0.230715 0.078410 -0.463066 0.214689
0.524685 0.057185 0.927713 0.079415
0.679605 0.055855 0.585873 0.284900
0.010995 0.073585 -0.197993 0.306760
0.052395 0.063005 -0.031732 0.240599
1.022975 0.041500 0.989823 0.251640
0.168175 0.039230 0.232753 0.165762
0.762465 0.041645 1.059433 0.055310
0.900075 0.059325 1.142953 0.123050
1.130375 0.074950 1.327583 0.256570
0.143005 0.055855 -0.073923 0.218427
0.378105 0.035805 0.312103 0.199044
1.248375 0.039050 1.169303 0.257850
0.118035 0.104145 0.442473 0.099645
1.768775 0.055350 1.402933 0.139590
0.393745 0.048335 0.474743 0.198340
-0.033154 0.103565 -0.525947 0.294815
0.502535 0.087025 0.219263 0.266798
-0.072205 0.065065 -0.026277 0.282806
0.390985 0.033880 0.551223 0.079170
0.494045 0.076075 0.724403 0.204575
0.243635 0.053520 0.103096 0.237917
0.440955 0.055725 0.825383 0.036555
0.582416 0.043265 0.515743 0.241170
0.497705 0.052905 0.574493 0.238610
1.540675 0.048750 1.336333 0.171360
1.165875 0.026800 1.098723 0.168390
0.563235 0.093730 0.630833 0.212760
0.057475 0.152205 -0.432123 0.323339
1.316976 0.032600 1.138783 0.102735
0.285295 0.066890 -0.025981 0.183522
1.270375 0.054400 1.114993 0.264920
0.100295 0.066990 0.398293 0.060315
1.408075 0.044950 1.257683 0.125675
0.638576 0.031390 0.535623 0.132910
0.209285 0.056895 0.124933 0.183684
1.257075 0.036300 1.085573 0.098465
0.375305 0.052945 0.766933 0.044535
1.558575 0.043350 1.592633 0.140055
0.953275 0.045000 1.288173 0.044345
1.297075 0.055100 1.218293 0.174075
0.677885 0.065260 0.768753 0.275430
0.063285 0.092965 0.308493 0.174965
0.901275 0.091590 0.413543 0.229990
1.008875 0.043900 1.342043 0.091695
-0.514585 0.112615 -0.355248 0.225790
0.722955 0.034310 0.758953 0.192270
0.783665 0.061130 0.559583 0.265505
0.900875 0.043295 0.691093 0.219655
-0.397885 0.051400 0.055875 0.044974
0.228945 0.062340 0.142093 0.117928
0.993975 0.056050 1.244853 0.187340
1.050575 0.034800 1.101033 0.153120
1.005675 0.070800 0.634143 0.170970
0.882075 0.089775 0.617383 0.306860
-0.078074 0.071330 -0.117389 0.131647
1.315575 0.042450 1.295003 0.286055
1.068575 0.041400 0.904893 0.153825
0.973975 0.028500 0.868973 0.128470
0.104325 0.096200 0.369113 0.128915
-0.372845 0.058945 -0.615775 0.255295
-0.410075 0.091430 -0.416449 0.206561
1.722975 0.054650 1.574973 0.198875
1.710475 0.088100 1.446643 0.167895
0.627565 0.062530 0.459223 0.182410
0.946275 0.035450 0.819913 0.146325
0.732875 0.052730 0.509623 0.187450
1.386675 0.061500 1.141143 0.194085
0.852736 0.094005 1.016953 0.193080
0.093575 0.089995 0.129613 0.229297
0.553045 0.039765 0.663433 0.127575
1.731675 0.035250 1.573633 0.148510
0.086125 0.057400 0.428703 0.153675
