Table XX.  Slope Fractional Error Distribution

			F87				ODR				OLS				WLS
Run		Bias	Scat.	Bias	Scat	Bias	Scat	Bias	Scat
(1)		(2)		(3)		(4)		(5)		(6)		(7)		(8)		(9)

linfit_multisimerr	-0.000	0.013	0.029	0.037	-0.018	0.012	-0.012	0.088
linfit_multisimerr	0.000	0.013	0.032	0.037	-0.018	0.012	-0.018	0.080
linfit_multisimerr	0.000	0.013	0.031	0.036	-0.018	0.012	-0.012	0.095
linfit_multisimerr	0.001	0.012	0.033	0.039	-0.017	0.011	-0.017	0.090
linfit_multisimerr	0.035	0.528	2.172	1.996	-0.811	0.406	-0.725	3.093
linfit_multisimerr	0.034	0.520	2.162	1.890	-0.812	0.402	-0.711	3.105
linfit_multisimerr	0.046	0.528	2.142	1.896	-0.807	0.402	-0.722	3.029
linfit_multisimerr	0.040	0.527	2.192	1.816	-0.809	0.404	-0.726	2.987
linfit_multisimerr	0.040	0.532	2.158	1.736	-0.819	0.400	-0.637	3.240
linfit_multisimerr	0.039	0.533	2.124	1.602	-0.807	0.404	-0.525	2.838
linfit_multisimerr	0.040	0.528	2.142	1.961	-0.811	0.402	-0.729	2.995
linfit_multisimerr	0.055	0.511	2.115	1.843	-0.786	0.394	-0.656	3.229
linfit_multisimerr	0.058	0.520	2.078	2.027	-0.792	0.402	-0.853	3.127
linfit_multisimerr	0.034	0.503	2.259	2.082	-0.819	0.383	-0.730	3.377
linfit_multisimerr	0.086	0.574	2.181	2.038	-0.781	0.422	-0.793	2.999
linfit_multisimerr	0.046	0.523	2.112	1.822	-0.802	0.392	-0.729	3.238
linfit_multisimerr	0.036	0.535	2.158	2.239	-0.806	0.413	-0.684	2.898
linfit_multisimerr	0.055	0.545	2.257	1.942	-0.803	0.426	-0.664	3.168
linfit_multisimerr	0.054	0.543	2.195	2.028	-0.800	0.415	-0.627	3.177
linfit_multisimerr	0.028	0.562	2.131	1.824	-0.812	0.422	-0.752	2.826
linfit_multisimerr	0.030	0.501	2.156	1.739	-0.812	0.394	-0.831	2.920
linfit_multisimerr	0.059	0.537	2.065	1.816	-0.797	0.399	-0.744	3.213
linfit_multisimerr	0.017	0.502	2.274	2.024	-0.823	0.392	-0.672	3.293
linfit_multisimerr	0.040	0.533	2.225	1.990	-0.813	0.405	-0.970	3.007
linfit_multisimerr	0.045	0.538	2.144	1.747	-0.819	0.406	-0.917	3.032
linfit_multisimerr	0.077	0.553	2.179	1.797	-0.790	0.412	-0.694	3.067
linfit_multisimerr	0.050	0.517	2.170	4.163	-0.803	0.405	-0.764	3.178
linfit_multisimerr	0.042	0.544	2.277	1.815	-0.806	0.415	-0.613	3.241
linfit_multisimerr	0.036	0.530	2.136	1.956	-0.816	0.396	-0.856	3.193
linfit_multisimerr	0.035	0.535	2.094	1.660	-0.814	0.413	-0.835	2.977
linfit_multisimerr	0.075	0.521	2.162	1.734	-0.784	0.398	-0.860	3.462
linfit_multisimerr	0.044	0.540	2.239	1.975	-0.809	0.421	-0.754	2.793
linfit_multisimerr	0.054	0.545	2.212	2.113	-0.801	0.405	-0.696	2.765
linfit_multisimerr	0.014	0.522	2.324	1.945	-0.823	0.396	-0.751	3.095
linfit_multisimerr	0.042	0.525	2.115	2.196	-0.801	0.415	-0.627	2.924
linfit_multisimerr	0.020	0.511	2.158	1.856	-0.818	0.403	-0.721	2.942
linfit_multisimerr	0.018	0.535	2.170	1.868	-0.831	0.408	-0.852	3.018
linfit_multisimerr	0.037	0.518	2.217	1.690	-0.808	0.401	-0.756	3.200
linfit_multisimerr	0.023	0.529	2.136	1.964	-0.823	0.404	-0.901	2.993
linfit_multisimerr	0.020	0.542	2.213	2.563	-0.829	0.405	-0.728	2.881
linfit_multisimerr	0.033	0.501	2.142	2.760	-0.807	0.395	-0.656	3.274
linfit_multisimerr	0.057	0.521	2.243	2.244	-0.789	0.398	-0.606	2.956
linfit_multisimerr	0.018	0.526	2.139	1.745	-0.820	0.403	-0.796	3.102
linfit_multisimerr	0.025	0.540	2.157	1.732	-0.821	0.418	-0.687	2.967
linfit_multisimerr	0.031	0.513	2.157	1.700	-0.808	0.403	-0.728	3.051
linfit_multisimerr	0.032	0.534	2.136	1.864	-0.820	0.401	-0.642	3.232
linfit_multisimerr	0.063	0.555	2.153	1.896	-0.796	0.421	-0.762	3.058
linfit_multisimerr	0.003	0.509	2.175	1.746	-0.836	0.396	-0.750	2.996
linfit_multisimerr	0.041	0.518	2.295	2.018	-0.799	0.392	-0.816	2.677
linfit_multisimerr	0.032	0.527	2.140	1.895	-0.812	0.402	-1.081	5.180
linfit_multisimerr	0.036	0.529	2.131	1.672	-0.804	0.405	-0.643	2.785
linfit_multisimerr	0.035	0.518	2.151	2.153	-0.803	0.400	-0.840	2.977
linfit_multisimerr	0.048	0.533	2.109	2.052	-0.796	0.406	-0.562	3.398
linfit_multisimerr	0.039	0.521	2.211	2.450	-0.799	0.407	-0.568	3.039
linfit_multisimerr	0.056	0.523	2.105	1.792	-0.790	0.401	-0.597	3.419
linfit_multisimerr	0.038	0.528	2.172	2.033	-0.806	0.408	-0.828	2.842
linfit_multisimerr	0.022	0.507	2.058	2.027	-0.822	0.397	-0.756	2.914
linfit_multisimerr	0.024	0.533	2.239	1.701	-0.827	0.411	-0.710	2.898
linfit_multisimerr	0.040	0.538	2.156	1.804	-0.812	0.411	-0.775	3.014
linfit_multisimerr	-0.001	0.509	2.131	1.783	-0.834	0.394	-0.760	2.866
linfit_multisimerr	0.014	0.534	2.209	1.924	-0.824	0.404	-0.804	2.991
linfit_multisimerr	0.030	0.521	2.231	2.087	-0.812	0.397	-0.656	3.341
linfit_multisimerr	0.032	0.534	2.132	1.872	-0.823	0.398	-0.733	3.029
linfit_multisimerr	0.016	0.505	2.191	1.835	-0.826	0.396	-0.764	3.286
linfit_multisimerr	0.019	0.528	2.136	1.784	-0.830	0.406	-0.657	2.917
linfit_multisimerr	0.034	0.517	2.126	1.938	-0.810	0.400	-0.810	3.992
linfit_multisimerr	0.038	0.565	2.214	2.049	-0.818	0.424	-0.725	2.870
linfit_multisimerr	0.066	0.548	2.196	1.924	-0.788	0.418	-0.775	2.852
linfit_multisimerr	0.066	0.517	2.232	2.077	-0.776	0.410	-0.683	2.679
linfit_multisimerr	0.037	0.526	2.139	1.938	-0.809	0.409	-0.701	2.880
linfit_multisimerr	0.037	0.528	2.165	1.845	-0.811	0.404	-0.720	3.376
linfit_multisimerr	0.019	0.517	2.128	1.767	-0.839	0.394	-0.801	3.244
linfit_multisimerr	0.046	0.534	2.150	1.727	-0.809	0.403	-0.675	3.300
linfit_multisimerr	0.046	0.527	2.160	1.713	-0.804	0.399	-0.540	2.710
linfit_multisimerr	0.043	0.535	2.212	2.021	-0.806	0.413	-0.660	3.053
linfit_multisimerr	0.046	0.515	2.167	1.745	-0.804	0.399	-0.661	3.272
linfit_multisimerr	0.037	0.523	2.303	1.882	-0.821	0.398	-0.716	2.831
linfit_multisimerr	0.009	0.514	2.221	1.758	-0.827	0.406	-0.861	2.794
linfit_multisimerr	0.000	0.026	0.086	0.109	-0.016	0.026	-0.010	0.318
linfit_multisimerr	-0.000	0.027	0.086	0.112	-0.016	0.027	-0.017	0.356
linfit_multisimerr	-0.002	0.026	0.091	0.106	-0.018	0.026	-0.017	0.264
linfit_multisimerr	0.002	0.026	0.085	0.104	-0.014	0.026	-0.024	0.351
linfit_multisimerr	0.002	0.026	0.089	0.112	-0.014	0.025	0.008	0.307
linfit_multisimerr	-0.000	0.026	0.090	0.108	-0.016	0.025	-0.010	0.371
linfit_multisimerr	-0.001	0.026	0.085	0.110	-0.017	0.026	-0.011	0.258
linfit_multisimerr	0.000	0.026	0.086	0.102	-0.015	0.026	-0.029	0.289
linfit_multisimerr	0.000	0.025	0.089	0.107	-0.016	0.025	-0.015	0.279
linfit_multisimerr	-0.001	0.024	0.084	0.105	-0.017	0.024	-0.014	0.288
linfit_multisimerr	0.001	0.026	0.092	0.132	-0.015	0.026	-0.016	0.361
linfit_multisimerr	0.002	0.026	0.090	0.161	-0.014	0.025	0.006	0.311
linfit_multisimerr	0.001	0.026	0.086	0.098	-0.015	0.026	-0.009	0.280
linfit_multisimerr	-0.000	0.025	0.089	0.108	-0.016	0.025	-0.006	0.271
linfit_multisimerr	0.001	0.027	0.087	0.112	-0.015	0.026	-0.016	0.315
linfit_multisimerr	-0.000	0.026	0.085	0.105	-0.016	0.025	-0.022	0.298
linfit_multisimerr	-0.000	0.026	0.082	0.106	-0.016	0.026	-0.027	0.281
linfit_multisimerr	-0.001	0.027	0.084	0.109	-0.016	0.026	-0.005	0.279
linfit_multisimerr	0.001	0.027	0.085	0.116	-0.015	0.027	-0.019	0.265
linfit_multisimerr	0.000	0.025	0.082	0.096	-0.016	0.024	-0.034	0.283
linfit_multisimerr	-0.000	0.026	0.078	0.110	-0.016	0.026	-0.013	0.340
linfit_multisimerr	0.002	0.026	0.087	0.114	-0.014	0.026	-0.005	0.312
linfit_multisimerr	-0.001	0.026	0.087	0.105	-0.017	0.026	-0.025	0.265
linfit_multisimerr	0.001	0.027	0.087	0.103	-0.015	0.026	0.001	0.305
linfit_multisimerr	0.000	0.027	0.083	0.108	-0.015	0.027	-0.018	0.287
