# x_refit,sx_refit,y_refit,sy_refit
1.104780 0.097300 0.991294 0.086825
0.721951 0.219360 0.206678 0.161364
1.020790 0.077770 0.921274 0.052025
0.132791 0.148160 0.208182 0.107306
1.001960 0.059715 1.008644 0.106785
0.590460 0.076480 0.511434 0.135345
1.254271 0.093925 1.311004 0.081860
0.976270 0.069350 0.792954 0.091640
0.798881 0.079095 0.659174 0.091150
0.068380 0.110505 0.164516 0.096038
1.212870 0.044705 1.317644 0.105165
1.244530 0.052710 1.093094 0.150875
0.239170 0.137980 0.294404 0.103277
0.593710 0.082325 0.621474 0.107610
0.333301 0.177745 0.339794 0.106170
-0.286460 0.217850 -0.141372 0.101460
0.186890 0.087575 0.324444 0.113520
1.245050 0.055825 1.185014 0.113670
0.461101 0.067555 0.594324 0.057245
0.202621 0.073300 0.145713 0.131019
1.441300 0.052350 1.210814 0.128405
1.639200 0.048550 1.702294 0.051935
1.031820 0.095960 0.944254 0.116950
0.447780 0.070795 0.460904 0.129510
0.570630 0.160025 0.494294 0.077795
0.921160 0.093190 0.969564 0.087945
0.895570 0.066880 0.643554 0.162300
1.124360 0.070210 1.179304 0.084200
0.424500 0.084090 0.434634 0.106695
1.355200 0.070000 1.269534 0.061810
0.093740 0.108970 0.342714 0.099785
0.881330 0.082185 1.025204 0.111900
0.898120 0.098100 0.851964 0.055030
0.206531 0.347940 0.230664 0.164339
0.393510 0.105775 0.529384 0.096920
1.435300 0.033550 1.475274 0.053055
1.003020 0.043445 0.818304 0.135625
1.093280 0.047005 1.019004 0.112900
-0.044950 0.130050 0.215034 0.118482
1.042060 0.067515 0.938134 0.045585
0.272670 0.098700 0.329704 0.085105
0.099100 0.305545 0.237714 0.197959
0.636450 0.065780 0.826484 0.116070
1.001440 0.095925 0.957254 0.115450
1.298800 0.109440 1.370314 0.077965
0.906790 0.052835 0.694864 0.147525
0.987770 0.064925 0.877314 0.082190
0.844020 0.061235 0.815774 0.101580
0.957960 0.138465 0.983474 0.076215
0.715690 0.065470 0.711674 0.080050
0.920190 0.048370 0.965524 0.084990
1.243190 0.040530 1.355364 0.050180
0.202960 0.067970 0.182414 0.115189
0.861040 0.048645 0.998684 0.116830
1.474500 0.041300 1.583794 0.119690
-0.143650 0.135580 -0.074277 0.112806
-0.192640 0.154265 -0.568490 0.183908
0.140850 0.080645 0.269394 0.105668
-0.850500 0.248700 -0.617409 0.121532
-0.126210 0.200045 -0.271786 0.116154
0.191900 0.215250 0.061418 0.093099
0.476521 0.092490 0.338884 0.092045
-0.241770 0.084535 -0.255101 0.111514
-0.047270 0.049755 -0.190774 0.116466
-0.330330 0.121395 -0.530271 0.120547
0.115610 0.139260 0.248284 0.113921
0.252720 0.067995 0.323254 0.043755
1.152010 0.046690 1.227494 0.045595
-0.331470 0.305045 0.137231 0.178500
-0.226560 0.072300 -0.104628 0.063268
0.121850 0.120875 0.180213 0.109298
-0.010380 0.125815 -0.010361 0.117857
0.289610 0.177455 0.392264 0.075420
0.284310 0.034665 0.034634 0.207211
0.535960 0.085190 0.318324 0.116419
0.587730 0.249380 0.372554 0.137385
-0.806540 0.194550 -0.929536 0.137723
0.102910 0.118290 0.250064 0.099050
0.191560 0.064205 0.487204 0.073500
-0.722810 0.069620 -0.513703 0.103181
1.701200 0.042650 1.363634 0.268865
-0.040299 0.155695 0.012075 0.092488
-0.760580 0.421110 -0.826345 0.165401
0.952830 0.051780 1.072724 0.050125
-0.532790 0.179305 -0.249214 0.132915
0.308890 0.049315 0.543644 0.104695
0.310160 0.052445 0.537794 0.107835
-0.472100 0.520110 -0.551695 0.309107
0.312790 0.093300 0.339744 0.107015
-0.301700 0.199275 -0.148200 0.137976
-0.013309 0.113450 -0.124397 0.138614
-0.320900 0.149280 -0.397094 0.100128
0.990280 0.064860 0.830404 0.042965
0.049140 0.112565 -0.098686 0.130094
-1.232910 0.125660 -1.137341 0.102611
-0.819810 0.216540 -0.442780 0.138290
0.141561 0.104195 0.146449 0.098434
0.287360 0.168890 0.165128 0.097229
0.255510 0.115505 0.257634 0.070766
0.381260 0.042690 0.350544 0.075625
-1.033520 0.196105 -1.137729 0.151751
1.193880 0.092790 1.016554 0.074575
0.981710 0.029270 0.804344 0.118300
-0.576390 0.226185 -0.412802 0.102719
0.280490 0.191520 0.444744 0.096385
-0.638490 0.201360 -0.931515 0.146118
0.330340 0.028890 0.129574 0.131595
-1.318130 0.315135 -1.074204 0.115203
-0.127900 0.367560 -0.587018 0.261971
-0.836630 0.092980 -0.841968 0.107045
-0.004270 0.124795 0.138807 0.097012
-0.378610 0.072990 -0.109732 0.098927
0.283110 0.083550 0.037511 0.142423
-0.030210 0.074655 0.027835 0.091353
-1.276990 0.293855 -1.202677 0.141781
-0.012010 0.095265 0.081830 0.100128
-0.356359 0.136570 -0.855945 0.182275
-0.108740 0.048205 -0.125883 0.124849
-0.384830 0.058105 -0.654728 0.163901
-0.089600 0.139510 -0.570166 0.128942
-0.153790 0.076180 -0.086287 0.110413
0.357830 0.084480 0.515404 0.108250
0.138840 0.233080 0.440874 0.128150
0.000000 0.057410 0.132856 0.118392
-0.948410 0.293030 -0.827340 0.131884
0.056610 0.147815 -0.376553 0.115184
0.944560 0.078930 1.172834 0.112125
-0.448960 0.096220 -0.458174 0.118187
-0.224110 0.234070 -0.345019 0.125448
-0.794390 0.213700 -0.812507 0.117214
-0.374000 0.079765 -0.281575 0.108779
-0.038690 0.110815 0.310754 0.093775
0.097680 0.095920 0.200428 0.100960
0.034150 0.108480 0.291774 0.097227
-1.307710 0.243180 -1.256619 0.151151
0.862650 0.063990 0.369284 0.327283
0.947140 0.120495 1.327674 0.096830
-0.272490 0.124820 -0.476262 0.094957
-0.207040 0.049720 -0.602232 0.243986
-0.611230 0.092015 -0.615784 0.121551
-0.284490 0.182330 0.120863 0.108749
-0.079530 0.171145 -0.621397 0.184783
0.101450 0.052425 -0.102319 0.143878
1.049550 0.102035 1.039474 0.040805
-0.673870 0.131880 -0.500494 0.089618
1.608400 0.053800 0.959884 0.053640
-0.913210 0.197130 -1.042371 0.133442
-0.689140 0.082505 -0.677002 0.115219
-0.661710 0.092825 -0.579871 0.109384
-0.959170 0.182795 -0.967573 0.092517
-0.250780 0.048760 -0.257773 0.078705
-0.727810 0.214355 -1.197674 0.195374
0.546120 0.075940 0.645524 0.102640
0.552080 0.084835 0.657004 0.100960
-0.940410 0.258990 -1.160649 0.159374
-0.307310 0.086215 -0.428233 0.137110
-0.637959 0.085335 -0.536374 0.113378
-0.487170 0.341360 -0.546773 0.178723
-0.390440 0.077960 -0.692793 0.162623
-0.843380 0.068460 -0.724871 0.121489
-0.506220 0.291700 -0.592314 0.117765
0.278730 0.030295 0.211643 0.084489
-0.331890 0.036990 -0.626104 0.121181
-0.723530 0.108220 -0.674258 0.115572
-1.120760 0.177185 -1.127342 0.100761
-0.107570 0.038765 0.000000 0.046166
-0.351000 0.077765 -0.472209 0.155176
-0.723680 0.103270 -0.502838 0.101897
-1.695010 0.160640 -1.391613 0.089099
-0.621320 0.319555 -0.487244 0.173939
0.531070 0.035775 0.221204 0.210856
-0.949150 0.280885 -0.839354 0.138673
-0.254230 0.049180 -0.276358 0.111849
-0.274960 0.064310 -0.329016 0.124290
-0.167950 0.108550 -0.372278 0.105606
0.601780 0.241265 0.509964 0.078060
-0.692530 0.142140 -0.822924 0.124673
0.122500 0.192140 0.107172 0.104611
0.409250 0.050750 0.244774 0.105646
-0.447960 0.200460 -0.448646 0.113177
0.220640 0.042840 -0.366875 0.208704
0.300580 0.170160 0.405984 0.093615
-0.045030 0.109305 -0.250732 0.196851
0.064710 0.057300 0.107659 0.112791
-0.669500 0.293985 -0.698861 0.113219
-0.756540 0.219990 -0.496821 0.119563
-0.760560 0.151065 -0.811496 0.121094
-1.221850 0.183605 -1.234829 0.117994
0.627110 0.054200 0.572864 0.125405
-0.441020 0.086375 -0.658961 0.130315
0.332160 0.034940 0.101818 0.168418
0.435451 0.066635 0.503514 0.052125
-0.915850 0.321400 -0.516708 0.166154
-0.694660 0.089495 -0.949842 0.140984
0.477040 0.022310 0.226404 0.174622
-0.671430 0.071585 -0.651550 0.121695
-0.837120 0.278975 -0.885306 0.123555
-0.317719 0.089460 -0.217647 0.099534
-0.640290 0.089540 -0.512158 0.111598
-0.414940 0.185485 -0.902767 0.175091
-0.484819 0.054625 -0.646986 0.152827
-0.003600 0.123915 -0.197287 0.093709
-0.353240 0.214250 -0.408767 0.095669
0.209430 0.171920 0.124515 0.119002
-0.934770 0.157390 -0.953847 0.098632
-0.297020 0.078385 -0.695836 0.099125
-1.323980 0.113085 -1.167525 0.108401
-0.210910 0.072510 -0.401878 0.095191
-0.971380 0.190035 -0.883012 0.107686
0.430970 0.042430 -0.051621 0.207946
-0.784860 0.132495 -1.094906 0.141845
-0.551880 0.213245 -0.280252 0.131992
0.352720 0.028305 0.309934 0.069490
-0.165310 0.054860 -0.431958 0.126225
1.434700 0.054600 1.345594 0.099500
1.273400 0.039210 1.168224 0.106785
-0.958340 0.149050 -1.073177 0.123996
-0.823620 0.121810 -0.882229 0.084125
0.038350 0.156540 -0.121772 0.111049
0.988400 0.054720 1.146784 0.059600
-0.376980 0.056235 -0.347642 0.111483
0.172730 0.080465 0.179828 0.066068
0.029520 0.137195 0.068049 0.085594
-1.343910 0.361150 -1.214345 0.145305
-0.199940 0.042775 -0.708887 0.185572
-0.559140 0.130490 -0.722548 0.126608
1.373400 0.042600 1.018134 0.061885
-0.560620 0.081625 -0.569735 0.110730
-0.660250 0.129135 -0.595965 0.110943
-0.210200 0.060935 -0.147663 0.059273
1.737900 0.073550 1.374074 0.101715
-0.536880 0.053300 -0.695116 0.151708
-0.411130 0.451075 -0.443499 0.216542
-1.365580 0.310750 -1.119808 0.126559
0.515280 0.107040 0.163991 0.111179
-0.876130 0.206415 -1.201382 0.189040
-0.913210 0.209850 -1.120066 0.109775
0.465870 0.041505 0.118901 0.279613
1.229500 0.062805 1.389464 0.110390
-0.042010 0.051845 -0.171791 0.116173
-0.503190 0.054535 -0.807616 0.141719
0.106330 0.030835 -0.340750 0.168685
-0.400340 0.106330 -0.339737 0.088463
1.101600 0.085200 1.121674 0.062825
-0.778210 0.232555 -0.801919 0.091326
-0.806500 0.259735 -0.785639 0.102960
-1.154460 0.089565 -1.006799 0.104332
1.259200 0.069645 0.802154 0.080995
0.170990 0.073170 0.307424 0.100364
-0.814680 0.097350 -0.673148 0.112876
-0.479500 0.229725 -0.696371 0.172090
0.806900 0.078915 0.506454 0.146085
-0.572430 0.134190 -0.623196 0.127955
-0.960320 0.216270 -1.139656 0.146064
-0.618160 0.127860 -0.407593 0.090857
-1.296520 0.140850 -1.230766 0.101999
0.050420 0.079425 0.109261 0.090995
0.094920 0.076045 0.170828 0.044649
-1.163980 0.132810 -0.961455 0.097005
-0.143790 0.043080 -0.272447 0.086028
-0.205190 0.143335 -0.063390 0.123019
-0.025940 0.237880 0.041535 0.106073
2.125900 0.096200 1.548294 0.130240
1.241010 0.053670 1.410784 0.104225
0.539860 0.072490 0.732754 0.105895
0.679730 0.062865 0.916214 0.074110
0.340480 0.047015 0.440394 0.055995
1.044220 0.045060 1.089394 0.058220
1.103220 0.051795 1.198974 0.101540
0.363140 0.076510 0.429814 0.088810
0.916000 0.054745 0.600934 0.152475
0.625540 0.079635 0.691994 0.094930
1.257700 0.053155 0.993274 0.072175
1.307400 0.052450 1.219934 0.108400
-0.317719 0.084330 -0.135625 0.121712
0.520930 0.071865 0.631984 0.109280
0.834950 0.044025 0.723954 0.127380
0.649651 0.060530 0.598494 0.103695
1.579600 0.053800 1.313584 0.075855
1.210381 0.054910 1.118744 0.113470
1.784500 0.127350 1.144774 0.176455
0.930040 0.058215 1.283974 0.073680
0.127940 0.206080 0.148052 0.119015
0.689780 0.163020 0.638264 0.103595
1.092230 0.055705 1.034104 0.113550
0.625580 0.074215 0.495724 0.082625
1.132940 0.055540 1.130314 0.090910
0.996540 0.029185 0.441224 0.285294
0.663230 0.075195 0.738174 0.109910
1.333800 0.032000 0.807074 0.305785
0.113780 0.114675 0.167854 0.112266
0.623410 0.247355 0.086648 0.283228
-0.513850 0.153735 -0.615397 0.106818
-0.383710 0.200505 -0.357881 0.102329
-0.654270 0.194325 -0.719844 0.115512
-0.499820 0.189880 -0.658426 0.115597
-0.446370 0.163070 -0.362534 0.106276
-0.925010 0.485350 -1.168773 0.200731
-0.502060 0.263585 -0.436580 0.132657
-0.468960 0.171280 -0.367311 0.121919
-0.774780 0.104550 -0.677790 0.110378
-1.472590 0.258515 -1.475628 0.129289
-0.454350 0.164040 -0.432105 0.098641
-0.775970 0.221710 -0.575302 0.113614
-1.676560 0.186535 -1.506190 0.105902
-0.916600 0.258840 -0.953655 0.090979
-0.519100 0.221055 -0.857180 0.131408
-1.322930 0.189125 -1.230189 0.117630
-1.835570 0.154705 -1.571977 0.093825
-1.474940 0.202300 -1.292314 0.110100
-0.710320 0.212125 -0.613424 0.137457
-0.434740 0.156265 -0.456064 0.113859
-1.378420 0.292865 -1.092917 0.159324
-1.922560 0.193715 -1.435094 0.103602
-0.373569 0.168390 -0.436707 0.144838
-0.824700 0.252940 -1.170455 0.178643
-1.476290 0.134140 -1.307572 0.099849
