# x_refit,sx_refit,y_refit,sy_refit,covxy_refit
1.104344 0.091670 1.231979 0.119130 -0.006919
0.680585 0.275450 0.517729 0.272020 -0.093941
0.147055 0.134060 0.536219 0.135773 -0.013564
0.598125 0.078785 0.611729 0.122130 -0.003537
1.813504 0.037700 1.778649 0.101510 -0.002842
1.260224 0.095030 1.660709 0.100305 -0.007977
0.979815 0.067070 0.963469 0.127700 -0.004308
0.817635 0.072120 0.828809 0.144100 -0.008140
0.087295 0.105805 0.495399 0.118780 -0.009563
1.225574 0.051360 1.413119 0.116390 -0.002845
1.219245 0.104875 1.581949 0.134985 -0.010451
1.250814 0.034110 0.892689 0.155090 -0.002702
0.246315 0.138985 0.620639 0.139030 -0.015434
0.604844 0.083650 0.821939 0.130385 -0.008070
0.362994 0.194040 0.574679 0.215365 -0.041181
-0.286586 0.216115 0.256802 0.152623 -0.024503
0.203155 0.091490 0.624359 0.099670 -0.006529
1.685604 0.092150 1.137899 0.143020 -0.009391
1.266604 0.056800 1.181109 0.195125 -0.006600
0.455344 0.077380 0.641419 0.144165 -0.007206
0.174515 0.080480 0.198229 0.169883 -0.010573
1.443805 0.057050 1.284039 0.178965 -0.004425
1.646605 0.057950 1.660809 0.196820 -0.006781
1.055275 0.103480 1.183679 0.078335 -0.006529
0.466894 0.067475 0.492189 0.129434 -0.003511
0.587495 0.155715 0.806459 0.136455 -0.017394
0.931954 0.100100 0.879559 0.282385 -0.022114
0.903805 0.068735 0.720089 0.141100 -0.001812
1.137155 0.072820 1.502389 0.094855 -0.005397
0.425465 0.093200 0.701869 0.100965 -0.007064
1.364204 0.069850 1.538609 0.094845 -0.004657
0.089575 0.102665 0.783359 0.089090 -0.007626
0.888704 0.086495 1.349169 0.108715 -0.007021
0.910105 0.100165 1.187159 0.120750 -0.011347
0.199924 0.351405 0.592569 0.302312 -0.077137
0.406045 0.111740 0.903599 0.112425 -0.010275
1.447704 0.028050 1.301429 0.124745 -0.002022
1.012514 0.042125 0.718089 0.239575 -0.004757
1.100595 0.051510 0.907419 0.243045 -0.005110
-0.026066 0.132260 0.632219 0.147405 -0.014530
1.061535 0.072390 1.180499 0.097565 -0.007773
0.280704 0.098080 0.681759 0.102340 -0.007767
0.002834 0.344720 0.782059 0.424135 -0.114140
0.649824 0.067095 1.185119 0.080070 -0.003496
1.009954 0.104665 1.175359 0.141220 -0.010707
1.312804 0.050900 1.310579 0.150825 -0.004830
1.308704 0.109180 1.746419 0.111535 -0.011541
0.919435 0.049880 0.719279 0.185960 -0.001554
0.999845 0.068550 1.043959 0.173395 -0.008522
0.864514 0.054925 0.925389 0.158145 -0.005210
0.985374 0.154400 1.262349 0.185060 -0.028854
0.714794 0.073560 0.417342 0.338006 -0.023955
0.926865 0.049870 0.944399 0.131920 -0.005728
1.265104 0.046690 1.353969 0.150755 -0.004405
0.213855 0.063870 0.372490 0.094617 -0.003108
0.859095 0.057660 1.153239 0.097270 -0.004513
1.473604 0.042000 1.714349 0.082360 -0.001688
-0.125936 0.138865 0.182382 0.148814 -0.016250
-0.150326 0.107345 -0.984607 0.701795 -0.009685
0.144375 0.082660 0.655209 0.086100 -0.005309
-0.846416 0.246925 -0.192557 0.188434 -0.035499
-0.147916 0.227000 0.010790 0.247310 -0.044228
0.490934 0.083845 0.456609 0.237799 -0.013332
-0.056306 0.151340 0.185133 0.180965 -0.022910
0.503235 0.086880 0.047708 0.131457 -0.002768
-0.225355 0.080735 -0.218455 0.166321 -0.009215
-0.044385 0.051310 -0.606683 0.368725 -0.008685
-0.317836 0.121775 -0.423083 0.219004 -0.014070
-0.024055 0.077680 -0.561119 0.539366 -0.020819
0.100144 0.131255 0.550099 0.116390 -0.015265
0.256804 0.075990 0.147925 0.258927 -0.013403
1.158774 0.049455 1.109169 0.133925 -0.005466
-0.194546 0.070515 -0.108176 0.138168 -0.005898
0.116275 0.120970 0.472679 0.129633 -0.011803
-0.009915 0.131400 0.218155 0.137573 -0.014744
0.299635 0.179035 0.794799 0.127620 -0.018732
0.295785 0.035930 -0.526808 0.403477 -0.012973
0.572365 0.060825 0.145323 0.403800 -0.010908
0.632545 0.221160 0.638669 0.229993 -0.046297
-0.777586 0.191490 -0.722850 0.252419 -0.036156
0.104545 0.114685 0.600839 0.122860 -0.010959
0.206035 0.077670 0.772309 0.092850 -0.006380
-0.714705 0.067090 -0.116036 0.055108 -0.002526
1.636604 0.082300 0.910289 0.159415 -0.001102
-0.028945 0.152825 0.332728 0.154944 -0.022893
-0.791366 0.451540 -0.470708 0.289216 -0.082922
0.951284 0.054080 1.093929 0.112755 -0.004005
-0.534315 0.168465 0.197594 0.173696 -0.021475
0.320985 0.050750 0.881439 0.076435 -0.002335
0.454535 0.070130 0.533679 0.155952 -0.008155
0.325254 0.091490 0.496689 0.152671 -0.008524
-0.333475 0.191625 0.248472 0.223053 -0.032973
-0.062796 0.117370 0.153420 0.153390 -0.012921
-0.307435 0.152480 -0.128820 0.157224 -0.017846
0.266814 0.075415 0.324223 0.189157 -0.009467
1.016584 0.053235 0.998109 0.152540 -0.004998
0.058194 0.109335 -0.225362 0.446000 -0.027089
-1.218435 0.129710 -0.807728 0.090832 -0.007823
-0.789206 0.226240 0.007150 0.181170 -0.030953
0.174914 0.077545 -0.139354 0.308235 -0.018955
0.290625 0.059580 -0.084174 0.364165 -0.013400
0.272095 0.175080 0.444819 0.154252 -0.022052
0.277294 0.118530 0.571089 0.133165 -0.014846
0.392425 0.047455 -0.054877 0.291813 -0.008539
-1.024215 0.198590 -0.858505 0.243313 -0.036792
1.205615 0.086545 1.294899 0.125205 -0.009831
0.988945 0.026365 0.435116 0.195999 -0.001290
-0.562716 0.233150 -0.015713 0.147347 -0.025302
0.310965 0.189730 0.853369 0.147530 -0.023321
-0.648895 0.218725 -0.683642 0.214717 -0.035932
0.341024 0.023500 -0.561672 0.217110 0.001809
-1.384225 0.350300 -0.586778 0.228952 -0.064922
-0.819285 0.088925 -0.638289 0.116009 -0.006535
0.030365 0.149750 0.481539 0.120228 -0.016954
0.350574 0.036925 -0.205348 0.255753 -0.011329
-0.357265 0.072525 0.251625 0.076159 -0.004665
0.285094 0.085450 0.083674 0.191872 -0.004474
-0.002835 0.072280 -0.041083 0.189835 -0.010330
-1.296075 0.317135 -0.826265 0.243967 -0.056385
0.351065 0.126450 1.320949 0.092480 -0.010803
-0.009695 0.084605 0.157506 0.161748 -0.010027
-0.345595 0.132345 -0.743317 0.229047 -0.009348
-0.096576 0.044195 -0.265627 0.154474 -0.004321
-0.379855 0.072130 -0.699307 0.313895 -0.009669
-0.085896 0.147945 -0.363193 0.165389 -0.019313
-0.137046 0.079235 0.075831 0.164216 -0.009054
0.389114 0.105565 -0.107080 0.151061 -0.006865
0.378485 0.088615 0.826659 0.081260 -0.005269
0.138724 0.219365 0.904609 0.174240 -0.032445
0.005455 0.061165 0.431778 0.065839 -0.002621
-0.944746 0.289970 -0.455516 0.243618 -0.052862
-0.052256 0.330095 -0.042483 0.263382 -0.081390
0.955685 0.083310 1.593119 0.076155 -0.005168
-0.435145 0.106010 -0.303503 0.159766 -0.012803
-0.199836 0.255200 -0.116754 0.266976 -0.055881
-0.799796 0.216995 -0.472587 0.212883 -0.035343
-0.365485 0.081305 -0.092746 0.100652 -0.004558
-0.331306 0.145935 -1.018715 0.315524 0.006807
-0.021276 0.105405 0.749899 0.101990 -0.008883
0.109665 0.095490 0.358626 0.131998 -0.009091
0.047114 0.116780 0.709759 0.088470 -0.010298
-1.287735 0.233150 -0.927832 0.237322 -0.040391
0.980644 0.130285 1.795489 0.105555 -0.016859
-0.268255 0.146685 -0.248924 0.146686 -0.023141
-0.598616 0.090425 -0.431365 0.132473 -0.008473
-0.258645 0.209585 0.579709 0.141149 -0.027811
0.107345 0.044230 -0.456785 0.358211 -0.005930
1.061765 0.110830 1.421389 0.112475 -0.010795
-0.661765 0.131115 -0.093780 0.098628 -0.010270
1.617405 0.052850 1.193929 0.061915 -0.002303
-0.924706 0.209355 -0.818485 0.212631 -0.032786
-0.683335 0.084355 -0.524462 0.110884 -0.006269
-0.644555 0.099775 -0.405159 0.122331 -0.005782
-0.950975 0.179905 -0.661191 0.135583 -0.019807
-0.244776 0.052705 -0.448837 0.166696 -0.005995
-0.713486 0.211835 -1.025011 0.237265 -0.032407
-0.929255 0.253110 -0.913160 0.237096 -0.043316
-0.267735 0.066575 -0.639855 0.331802 -0.012869
-0.624556 0.089365 -0.297021 0.076877 -0.003158
-0.486365 0.341950 -0.252748 0.357481 -0.093429
-0.368546 0.087040 -0.767437 0.334103 -0.008031
-0.829465 0.069925 -0.455524 0.095145 -0.004298
0.293135 0.027920 -0.234467 0.197039 -0.002730
-0.719646 0.108140 -0.419727 0.126981 -0.010128
-1.116235 0.180560 -0.835343 0.112656 -0.013698
-0.098426 0.041190 -0.058464 0.137028 -0.003384
-0.341025 0.067840 -0.536201 0.221356 -0.009687
-0.711716 0.105800 -0.108677 0.091912 -0.007784
-1.688575 0.168240 -0.936633 0.090616 -0.012286
-0.642076 0.342115 -0.076086 0.311785 -0.079893
-0.987556 0.280680 -0.413347 0.232328 -0.050145
-0.246346 0.049350 -0.100541 0.087305 -0.002162
-0.279085 0.074750 -0.271735 0.189986 -0.009055
-0.155866 0.099175 -0.250681 0.151736 -0.004016
0.588335 0.236880 0.877609 0.176415 -0.033970
-0.683565 0.138795 -0.650084 0.167895 -0.018287
0.166744 0.180480 0.351945 0.191959 -0.032297
0.417455 0.047440 0.333086 0.133612 -0.001760
-0.463896 0.208065 -0.184628 0.180670 -0.035474
0.079325 0.056280 0.181246 0.105880 -0.004565
-0.643765 0.281595 -0.386591 0.217517 -0.048873
-0.728106 0.217565 -0.071138 0.179861 -0.031384
-0.738256 0.148640 -0.593666 0.212954 -0.024706
-1.224795 0.193700 -0.934167 0.193603 -0.027907
0.646094 0.060390 0.660139 0.115820 -0.002671
-0.437415 0.089005 -0.481669 0.145684 -0.008152
0.342304 0.034030 -0.471276 0.439851 -0.006834
-0.682715 0.093630 -0.843202 0.117163 -0.004750
0.496494 0.026955 -0.299305 0.297947 0.002005
1.018555 0.028360 0.408686 0.364114 0.002289
-0.663905 0.070240 -0.425696 0.063606 -0.002293
-0.496426 0.144080 -0.961099 0.122505 -0.004396
-0.833446 0.282945 -0.574317 0.245552 -0.059763
-0.313596 0.093125 0.167358 0.095811 -0.006479
-0.629835 0.088885 -0.205523 0.112370 -0.007488
-0.405946 0.194350 -0.720190 0.250269 -0.042532
-0.476786 0.056610 -0.831155 0.292257 -0.005088
-0.014985 0.137155 -0.008969 0.119481 -0.023915
-0.325376 0.221765 -0.193253 0.234065 -0.042656
-0.931776 0.163935 -0.647826 0.178899 -0.024063
-0.283146 0.077875 -0.605558 0.115759 0.001888
-1.319585 0.117055 -0.798929 0.088924 -0.006700
-0.211946 0.085465 -0.191567 0.112792 -0.008213
-0.971365 0.186755 -0.533506 0.151386 -0.022690
-0.340176 0.139555 -1.048539 0.284856 0.013729
-0.785505 0.140350 -0.865494 0.198382 -0.020822
-0.551736 0.211520 0.161650 0.180285 -0.028892
0.366115 0.029660 -0.067757 0.153601 -0.001745
-0.145056 0.067700 -0.323121 0.080275 0.000026
1.268905 0.048605 0.961249 0.306815 -0.009853
-0.957245 0.158130 -0.829019 0.194336 -0.021761
-0.807896 0.114960 -0.612944 0.119746 -0.011703
0.061114 0.128965 -0.007150 0.272974 -0.024006
1.005935 0.057395 1.179439 0.114220 -0.004646
-0.370615 0.058660 -0.194379 0.111743 -0.004273
0.028065 0.133980 0.403549 0.115309 -0.013771
0.369824 0.082085 1.078419 0.078220 -0.005583
-1.339116 0.411585 -0.840066 0.286823 -0.089235
-0.587225 0.125340 -1.261365 0.375450 0.006754
-0.550535 0.110555 -0.609837 0.181340 -0.014861
1.381104 0.044150 1.174319 0.118750 -0.000731
-0.552196 0.080705 -0.388739 0.131352 -0.008575
-0.663156 0.122630 -0.298857 0.119568 -0.010595
-0.190765 0.050715 -0.302378 0.169483 -0.006373
1.756604 0.072350 1.585249 0.099870 -0.005728
-0.523175 0.045570 -0.967146 0.164080 -0.001220
-1.408306 0.330330 -0.660214 0.223982 -0.053800
0.523225 0.128225 0.420134 0.146606 -0.026658
-0.858525 0.186055 -1.028551 0.288452 -0.035430
-0.944675 0.251895 -0.821101 0.210178 -0.049991
0.472264 0.051310 -0.473324 0.680936 -0.026241
1.250255 0.065975 1.633389 0.115280 -0.004827
-0.012785 0.039690 -0.649742 0.263873 -0.006185
-0.090085 0.062480 -0.369331 0.234605 -0.012157
0.237234 0.052340 -0.688134 0.712962 -0.027187
-0.486706 0.054545 -1.221436 0.275345 -0.001233
-0.398206 0.116340 -0.386475 0.278316 -0.022446
1.106344 0.085005 1.481089 0.088705 -0.005773
-1.148456 0.099290 -0.627453 0.087330 -0.005993
1.273705 0.068115 1.039459 0.098385 -0.005340
-0.791915 0.089855 -0.429610 0.119958 -0.008131
-0.427106 0.205200 -0.547235 0.274967 -0.045530
0.820305 0.082655 0.658739 0.112480 -0.005326
-0.584745 0.134015 -0.483267 0.239431 -0.018979
-0.955065 0.223025 -0.886853 0.236397 -0.039664
-0.609415 0.133520 0.007775 0.069932 -0.007030
-1.294136 0.143065 -0.881850 0.121843 -0.012065
-1.141796 0.142555 -0.555623 0.113494 -0.012724
-0.135566 0.050210 -0.795464 0.206879 -0.009142
-0.173625 0.147725 0.256773 0.212244 -0.022050
-0.025725 0.238450 0.394467 0.196986 -0.036602
2.136905 0.092850 1.787119 0.136315 -0.010523
1.240415 0.042905 1.599129 0.079905 -0.005533
0.550505 0.072640 1.114009 0.087150 -0.004296
0.693885 0.056525 1.134459 0.078240 -0.003414
0.347115 0.052465 0.386894 0.124664 -0.003386
1.069195 0.042575 0.922169 0.130205 -0.004152
1.111355 0.047320 1.336589 0.091350 -0.002483
0.379004 0.075970 0.788539 0.085180 -0.004745
0.926365 0.062340 0.573959 0.193547 0.001356
0.639105 0.082935 1.031109 0.089750 -0.006144
1.264805 0.052995 1.123149 0.145565 -0.003249
1.332205 0.046150 1.228919 0.173055 -0.004587
-0.319056 0.085905 0.199787 0.070896 -0.003844
0.522244 0.069455 0.919059 0.093280 -0.004513
0.847645 0.040300 0.577199 0.193181 -0.002119
0.659385 0.060825 0.737799 0.141780 -0.004356
1.593804 0.061000 1.527379 0.097995 -0.004715
1.220975 0.059900 1.139749 0.210630 -0.007471
1.801405 0.128600 1.349839 0.168540 -0.016282
0.944984 0.061275 1.742309 0.056175 -0.002861
0.132714 0.214780 0.499859 0.210292 -0.038337
0.696714 0.162310 0.950789 0.192955 -0.026816
1.108794 0.049705 0.842419 0.249985 -0.008367
0.635665 0.068960 0.724069 0.109885 -0.005046
1.160355 0.050865 1.003339 0.190190 -0.004273
0.666924 0.077100 1.051049 0.091375 -0.004470
0.119215 0.119905 0.452259 0.131462 -0.012452
0.643265 0.235045 0.306040 0.306959 -0.047248
-0.493916 0.152820 -0.425009 0.211885 -0.021337
-0.364065 0.194360 -0.044562 0.230166 -0.030972
-0.656686 0.189605 -0.443467 0.169228 -0.022683
-0.659856 0.168635 -0.296002 0.171947 -0.020692
-0.496515 0.185000 -0.427532 0.170899 -0.023934
-0.336776 0.207850 -0.233633 0.255421 -0.041211
-0.456145 0.169760 -0.012464 0.155328 -0.019262
-0.465006 0.252165 -0.120882 0.216684 -0.042910
-0.471045 0.169605 -0.020944 0.190551 -0.022351
-0.759386 0.103580 -0.437410 0.110445 -0.006062
-1.467775 0.289240 -1.149004 0.225443 -0.048082
-0.460196 0.171905 -0.112041 0.155718 -0.023489
-0.753325 0.232745 -0.164395 0.173941 -0.032854
-1.669065 0.188280 -1.094057 0.140481 -0.015387
-0.894145 0.256845 -0.638917 0.145843 -0.028793
-0.485565 0.198410 -0.673008 0.174911 -0.020340
-1.310885 0.194410 -0.860225 0.190120 -0.024573
-1.824825 0.158515 -1.128444 0.094771 -0.011081
-1.462845 0.205145 -0.901716 0.135875 -0.020645
-0.698595 0.217150 -0.257512 0.240780 -0.037351
-0.376515 0.152285 -0.367264 0.316193 -0.032908
-1.453285 0.310710 -0.553783 0.285441 -0.066046
-1.960055 0.212140 -0.891192 0.159970 -0.028762
-0.837726 0.285295 -0.898911 0.271333 -0.072243
-1.472045 0.134580 -0.909952 0.112410 -0.009063
