# x xerr y yerr ymodel yresidual
1.104780 0.097300 0.991294 0.086825 0.987774 0.003520
0.721951 0.219360 0.206678 0.161364 0.624986 -0.418308
1.020790 0.077770 0.921274 0.052025 0.908181 0.013093
0.132791 0.148160 0.208182 0.107306 0.066669 0.141512
1.001960 0.059715 1.008644 0.106785 0.890336 0.118308
0.590460 0.076480 0.511434 0.135345 0.500379 0.011055
1.254271 0.093925 1.311004 0.081860 1.129438 0.181566
0.976270 0.069350 0.792954 0.091640 0.865991 -0.073037
0.798881 0.079095 0.659174 0.091150 0.697888 -0.038714
0.068380 0.110505 0.164516 0.096038 0.005631 0.158885
1.212870 0.044705 1.317644 0.105165 1.090204 0.227440
1.244530 0.052710 1.093094 0.150875 1.120207 -0.027113
0.239170 0.137980 0.294404 0.103277 0.167480 0.126924
0.593710 0.082325 0.621474 0.107610 0.503459 0.118015
0.333301 0.177745 0.339794 0.106170 0.256682 0.083112
-0.286460 0.217850 -0.141372 0.101460 -0.330632 0.189260
0.186890 0.087575 0.324444 0.113520 0.117936 0.206508
1.680300 0.093000 0.895184 0.140710 1.533164 -0.637980
-0.002270 0.045195 0.863504 0.052340 -0.061320 0.924824
1.245050 0.055825 1.185014 0.113670 1.120700 0.064314
0.461101 0.067555 0.594324 0.057245 0.377792 0.216532
0.202621 0.073300 0.145713 0.131019 0.132844 0.012869
1.441300 0.052350 1.210814 0.128405 1.306676 -0.095862
1.639200 0.048550 1.702294 0.051935 1.494216 0.208078
1.031820 0.095960 0.944254 0.116950 0.918633 0.025621
0.447780 0.070795 0.460904 0.129510 0.365168 0.095736
0.570630 0.160025 0.494294 0.077795 0.481587 0.012707
0.921160 0.093190 0.969564 0.087945 0.813766 0.155798
0.895570 0.066880 0.643554 0.162300 0.789516 -0.145962
1.124360 0.070210 1.179304 0.084200 1.006328 0.172976
0.424500 0.084090 0.434634 0.106695 0.343108 0.091526
1.355200 0.070000 1.269534 0.061810 1.225083 0.044451
0.093740 0.108970 0.342714 0.099785 0.029664 0.313050
0.881330 0.082185 1.025204 0.111900 0.776022 0.249182
0.898120 0.098100 0.851964 0.055030 0.791932 0.060032
0.206531 0.347940 0.230664 0.164339 0.136549 0.094115
0.393510 0.105775 0.529384 0.096920 0.313740 0.215644
1.435300 0.033550 1.475274 0.053055 1.300990 0.174284
1.003020 0.043445 0.818304 0.135625 0.891341 -0.073037
1.093280 0.047005 1.019004 0.112900 0.976875 0.042129
-0.044950 0.130050 0.215034 0.118482 -0.101766 0.316800
1.042060 0.067515 0.938134 0.045585 0.928337 0.009797
0.295930 0.073635 1.027854 0.076970 0.221268 0.806586
0.272670 0.098700 0.329704 0.085105 0.199226 0.130478
0.099100 0.305545 0.237714 0.197959 0.034743 0.202971
0.636450 0.065780 0.826484 0.116070 0.543961 0.282523
1.001440 0.095925 0.957254 0.115450 0.889844 0.067410
1.298800 0.109440 1.370314 0.077965 1.171636 0.198678
0.906790 0.052835 0.694864 0.147525 0.800148 -0.105284
0.987770 0.064925 0.877314 0.082190 0.876889 0.000425
0.844020 0.061235 0.815774 0.101580 0.740665 0.075109
0.957960 0.138465 0.983474 0.076215 0.848640 0.134834
0.715690 0.065470 0.711674 0.080050 0.619053 0.092621
0.920190 0.048370 0.965524 0.084990 0.812847 0.152677
1.243190 0.040530 1.355364 0.050180 1.118937 0.236427
0.202960 0.067970 0.182414 0.115189 0.133165 0.049249
0.861040 0.048645 0.998684 0.116830 0.756794 0.241890
1.474500 0.041300 1.583794 0.119690 1.338138 0.245656
-0.143650 0.135580 -0.074277 0.112806 -0.195299 0.121022
-0.192640 0.154265 -0.568490 0.183908 -0.241724 -0.326766
0.140850 0.080645 0.269394 0.105668 0.074307 0.195087
-0.850500 0.248700 -0.617409 0.121532 -0.865144 0.247735
-0.126210 0.200045 -0.271786 0.116154 -0.178772 -0.093014
0.191900 0.215250 0.061418 0.093099 0.122685 -0.061267
0.476521 0.092490 0.338884 0.092045 0.392405 -0.053521
0.495200 0.090235 -0.152881 0.105911 0.410106 -0.562987
-0.241770 0.084535 -0.255101 0.111514 -0.288282 0.033181
-0.047270 0.049755 -0.190774 0.116466 -0.103964 -0.086810
-0.330330 0.121395 -0.530271 0.120547 -0.372206 -0.158065
0.115610 0.139260 0.248284 0.113921 0.050388 0.197896
0.252720 0.067995 0.323254 0.043755 0.180320 0.142934
1.152010 0.046690 1.227494 0.045595 1.032531 0.194963
-0.331470 0.305045 0.137231 0.178500 -0.373286 0.510517
-0.226560 0.072300 -0.104628 0.063268 -0.273868 0.169240
0.121850 0.120875 0.180213 0.109298 0.056302 0.123911
-0.010380 0.125815 -0.010361 0.117857 -0.069006 0.058645
0.289610 0.177455 0.392264 0.075420 0.215279 0.176985
0.284310 0.034665 0.034634 0.207211 0.210257 -0.175623
0.535960 0.085190 0.318324 0.116419 0.448732 -0.130408
0.587730 0.249380 0.372554 0.137385 0.497792 -0.125238
-0.806540 0.194550 -0.929536 0.137723 -0.823485 -0.106051
0.102910 0.118290 0.250064 0.099050 0.038353 0.211711
0.191560 0.064205 0.487204 0.073500 0.122362 0.364842
-0.722810 0.069620 -0.513703 0.103181 -0.744139 0.230436
1.638400 0.081050 0.748664 0.123195 1.493457 -0.744793
1.701200 0.042650 1.363634 0.268865 1.552970 -0.189336
-0.040299 0.155695 0.012075 0.092488 -0.097359 0.109434
-0.760580 0.421110 -0.826345 0.165401 -0.779931 -0.046414
0.952830 0.051780 1.072724 0.050125 0.843779 0.228945
-0.532790 0.179305 -0.249214 0.132915 -0.564067 0.314853
0.308890 0.049315 0.543644 0.104695 0.233550 0.310094
0.310160 0.052445 0.537794 0.107835 0.234753 0.303041
-0.472100 0.520110 -0.551695 0.309107 -0.506554 -0.045141
0.312790 0.093300 0.339744 0.107015 0.237246 0.102498
-0.301700 0.199275 -0.148200 0.137976 -0.345074 0.196874
-0.013309 0.113450 -0.124397 0.138614 -0.071782 -0.052615
-0.320900 0.149280 -0.397094 0.100128 -0.363269 -0.033825
0.990280 0.064860 0.830404 0.042965 0.879268 -0.048864
0.049140 0.112565 -0.098686 0.130094 -0.012602 -0.086084
-1.232910 0.125660 -1.137341 0.102611 -1.227534 0.090193
-0.819810 0.216540 -0.442780 0.138290 -0.836061 0.393281
0.141561 0.104195 0.146449 0.098434 0.074980 0.071469
0.287360 0.168890 0.165128 0.097229 0.213147 -0.048019
0.255510 0.115505 0.257634 0.070766 0.182965 0.074669
0.381260 0.042690 0.350544 0.075625 0.302131 0.048413
0.542750 0.075205 1.075664 0.083330 0.455167 0.620497
-1.033520 0.196105 -1.137729 0.151751 -1.038582 -0.099147
1.193880 0.092790 1.016554 0.074575 1.072209 -0.055655
0.981710 0.029270 0.804344 0.118300 0.871147 -0.066803
-0.576390 0.226185 -0.412802 0.102719 -0.605384 0.192582
0.280490 0.191520 0.444744 0.096385 0.206637 0.238107
-0.638490 0.201360 -0.931515 0.146118 -0.664233 -0.267282
0.330340 0.028890 0.129574 0.131595 0.253877 -0.124303
-1.318130 0.315135 -1.074204 0.115203 -1.308293 0.234089
-0.127900 0.367560 -0.587018 0.261971 -0.180374 -0.406644
-0.836630 0.092980 -0.841968 0.107045 -0.852000 0.010032
-0.004270 0.124795 0.138807 0.097012 -0.063215 0.202022
-0.378610 0.072990 -0.109732 0.098927 -0.417958 0.308226
0.283110 0.083550 0.037511 0.142423 0.209119 -0.171608
-0.030210 0.074655 0.027835 0.091353 -0.087797 0.115632
-1.276990 0.293855 -1.202677 0.141781 -1.269306 0.066629
0.335640 0.119870 0.830884 0.089095 0.258899 0.571985
-0.012010 0.095265 0.081830 0.100128 -0.070550 0.152380
-0.356359 0.136570 -0.855945 0.182275 -0.396873 -0.459072
-0.108740 0.048205 -0.125883 0.124849 -0.162216 0.036333
-0.384830 0.058105 -0.654728 0.163901 -0.423852 -0.230876
-0.089600 0.139510 -0.570166 0.128942 -0.144078 -0.426088
-0.153790 0.076180 -0.086287 0.110413 -0.204908 0.118621
0.365561 0.105550 -0.275419 0.115417 0.287253 -0.562672
0.357830 0.084480 0.515404 0.108250 0.279928 0.235476
0.138840 0.233080 0.440874 0.128150 0.072402 0.368472
0.000000 0.057410 0.132856 0.118392 -0.059169 0.192025
-0.948410 0.293030 -0.827340 0.131884 -0.957928 0.130588
0.056610 0.147815 -0.376553 0.115184 -0.005523 -0.371030
0.944560 0.078930 1.172834 0.112125 0.835941 0.336893
-0.448960 0.096220 -0.458174 0.118187 -0.484626 0.026452
-0.224110 0.234070 -0.345019 0.125448 -0.271546 -0.073473
-0.794390 0.213700 -0.812507 0.117214 -0.811971 -0.000536
-0.374000 0.079765 -0.281575 0.108779 -0.413589 0.132014
-0.328850 0.152725 -1.040507 0.203398 -0.370803 -0.669704
-0.038690 0.110815 0.310754 0.093775 -0.095833 0.406587
0.097680 0.095920 0.200428 0.100960 0.033397 0.167031
0.034150 0.108480 0.291774 0.097227 -0.026807 0.318581
-1.307710 0.243180 -1.256619 0.151151 -1.298418 0.041799
0.862650 0.063990 0.369284 0.327283 0.758319 -0.389035
1.537900 0.044700 0.060064 0.566451 1.398219 -1.338155
0.947140 0.120495 1.327674 0.096830 0.838386 0.489288
-0.272490 0.124820 -0.476262 0.094957 -0.317393 -0.158869
-0.207040 0.049720 -0.602232 0.243986 -0.255370 -0.346862
-0.611230 0.092015 -0.615784 0.121551 -0.638400 0.022616
-0.284490 0.182330 0.120863 0.108749 -0.328765 0.449628
-0.079530 0.171145 -0.621397 0.184783 -0.134535 -0.486862
0.101450 0.052425 -0.102319 0.143878 0.036970 -0.139289
1.049550 0.102035 1.039474 0.040805 0.935435 0.104039
-0.673870 0.131880 -0.500494 0.089618 -0.697761 0.197267
1.608400 0.053800 0.959884 0.053640 1.465028 -0.505144
-0.913210 0.197130 -1.042371 0.133442 -0.924571 -0.117800
-0.689140 0.082505 -0.677002 0.115219 -0.712232 0.035230
-0.661710 0.092825 -0.579871 0.109384 -0.686237 0.106366
-0.959170 0.182795 -0.967573 0.092517 -0.968125 0.000552
-0.250780 0.048760 -0.257773 0.078705 -0.296821 0.039048
-0.727810 0.214355 -1.197674 0.195374 -0.748877 -0.448797
0.546120 0.075940 0.645524 0.102640 0.458360 0.187164
0.552080 0.084835 0.657004 0.100960 0.464009 0.192995
-0.023030 0.086340 -1.160355 0.046646 -0.080994 -1.079361
-0.940410 0.258990 -1.160649 0.159374 -0.950347 -0.210302
-0.307310 0.086215 -0.428233 0.137110 -0.350391 -0.077842
-0.637959 0.085335 -0.536374 0.113378 -0.663730 0.127356
-0.487170 0.341360 -0.546773 0.178723 -0.520835 -0.025938
-0.390440 0.077960 -0.692793 0.162623 -0.429169 -0.263624
-0.843380 0.068460 -0.724871 0.121489 -0.858397 0.133526
-0.506220 0.291700 -0.592314 0.117765 -0.538888 -0.053426
0.278730 0.030295 0.211643 0.084489 0.204969 0.006674
-0.331890 0.036990 -0.626104 0.121181 -0.373684 -0.252420
-0.723530 0.108220 -0.674258 0.115572 -0.744821 0.070563
-1.120760 0.177185 -1.127342 0.100761 -1.121255 -0.006087
-0.107570 0.038765 0.000000 0.046166 -0.161107 0.161107
-0.351000 0.077765 -0.472209 0.155176 -0.391794 -0.080415
-0.723680 0.103270 -0.502838 0.101897 -0.744963 0.242125
-1.695010 0.160640 -1.391613 0.089099 -1.665442 0.273829
-0.621320 0.319555 -0.487244 0.173939 -0.647962 0.160718
0.531070 0.035775 0.221204 0.210856 0.444098 -0.222894
-0.949150 0.280885 -0.839354 0.138673 -0.958629 0.119275
-0.254230 0.049180 -0.276358 0.111849 -0.300089 0.023731
-0.274960 0.064310 -0.329016 0.124290 -0.319734 -0.009282
-0.167950 0.108550 -0.372278 0.105606 -0.218326 -0.153952
0.601780 0.241265 0.509964 0.078060 0.511106 -0.001142
-0.692530 0.142140 -0.822924 0.124673 -0.715444 -0.107480
0.122500 0.192140 0.107172 0.104611 0.056918 0.050254
0.409250 0.050750 0.244774 0.105646 0.328656 -0.083882
-0.202640 0.136500 -1.031148 0.167054 -0.251200 -0.779948
-0.447960 0.200460 -0.448646 0.113177 -0.483678 0.035032
0.220640 0.042840 -0.366875 0.208704 0.149920 -0.516795
0.300580 0.170160 0.405984 0.093615 0.225675 0.180309
-0.045030 0.109305 -0.250732 0.196851 -0.101841 -0.148891
-0.712540 0.159720 -1.570013 0.202092 -0.734406 -0.835607
0.064710 0.057300 0.107659 0.112791 0.002153 0.105506
-0.669500 0.293985 -0.698861 0.113219 -0.693620 -0.005241
-0.756540 0.219990 -0.496821 0.119563 -0.776103 0.279282
-0.760560 0.151065 -0.811496 0.121094 -0.779913 -0.031584
-1.221850 0.183605 -1.234829 0.117994 -1.217053 -0.017776
0.627110 0.054200 0.572864 0.125405 0.535111 0.037753
-0.441020 0.086375 -0.658961 0.130315 -0.477101 -0.181860
0.332160 0.034940 0.101818 0.168418 0.255602 -0.153784
0.435451 0.066635 0.503514 0.052125 0.353485 0.150029
-0.915850 0.321400 -0.516708 0.166154 -0.927072 0.410364
-0.694660 0.089495 -0.949842 0.140984 -0.717463 -0.232379
0.477040 0.022310 0.226404 0.174622 0.392897 -0.166493
-0.671430 0.071585 -0.651550 0.121695 -0.695448 0.043898
-0.512320 0.145590 -1.102320 0.129416 -0.544668 -0.557652
-0.837120 0.278975 -0.885306 0.123555 -0.852464 -0.032841
-0.317719 0.089460 -0.217647 0.099534 -0.360255 0.142608
-0.640290 0.089540 -0.512158 0.111598 -0.665939 0.153781
-0.414940 0.185485 -0.902767 0.175091 -0.452386 -0.450381
-0.484819 0.054625 -0.646986 0.152827 -0.518607 -0.128379
-0.003600 0.123915 -0.197287 0.093709 -0.062581 -0.134706
-0.353240 0.214250 -0.408767 0.095669 -0.393916 -0.014851
0.209430 0.171920 0.124515 0.119002 0.139296 -0.014781
-0.934770 0.157390 -0.953847 0.098632 -0.945002 -0.008845
-0.297020 0.078385 -0.695836 0.099125 -0.340640 -0.355197
-1.323980 0.113085 -1.167525 0.108401 -1.313836 0.146311
-0.210910 0.072510 -0.401878 0.095191 -0.259038 -0.142840
-0.971380 0.190035 -0.883012 0.107686 -0.979695 0.096683
-0.357770 0.137275 -1.063892 0.164065 -0.398209 -0.665683
0.430970 0.042430 -0.051621 0.207946 0.349239 -0.400860
-0.784860 0.132495 -1.094906 0.141845 -0.802940 -0.291966
-0.551880 0.213245 -0.280252 0.131992 -0.582157 0.301905
0.352720 0.028305 0.309934 0.069490 0.275085 0.034849
-0.165310 0.054860 -0.431958 0.126225 -0.215825 -0.216133
1.434700 0.054600 1.345594 0.099500 1.300421 0.045173
1.273400 0.039210 1.168224 0.106785 1.147566 0.020658
-0.958340 0.149050 -1.073177 0.123996 -0.967338 -0.105839
-0.823620 0.121810 -0.882229 0.084125 -0.839671 -0.042558
0.038350 0.156540 -0.121772 0.111049 -0.022827 -0.098945
0.988400 0.054720 1.146784 0.059600 0.877487 0.269297
-0.376980 0.056235 -0.347642 0.111483 -0.416413 0.068771
0.172730 0.080465 0.179828 0.066068 0.104518 0.075310
0.029520 0.137195 0.068049 0.085594 -0.031195 0.099244
-1.343910 0.361150 -1.214345 0.145305 -1.332723 0.118378
-0.199940 0.042775 -0.708887 0.185572 -0.248642 -0.460245
-0.593520 0.137580 -1.178990 0.186407 -0.621617 -0.557373
0.458080 0.085900 -0.546917 0.189111 0.374930 -0.921847
-0.559140 0.130490 -0.722548 0.126608 -0.589037 -0.133511
1.373400 0.042600 1.018134 0.061885 1.242330 -0.224196
-0.560620 0.081625 -0.569735 0.110730 -0.590440 0.020705
-0.660250 0.129135 -0.595965 0.110943 -0.684854 0.088889
-0.210200 0.060935 -0.147663 0.059273 -0.258365 0.110702
1.737900 0.073550 1.374074 0.101715 1.587748 -0.213674
-0.536880 0.053300 -0.695116 0.151708 -0.567942 -0.127174
-0.411130 0.451075 -0.443499 0.216542 -0.448776 0.005277
-1.365580 0.310750 -1.119808 0.126559 -1.353259 0.233451
0.515280 0.107040 0.163991 0.111179 0.429135 -0.265144
-0.876130 0.206415 -1.201382 0.189040 -0.889432 -0.311950
-0.913210 0.209850 -1.120066 0.109775 -0.924571 -0.195495
0.465870 0.041505 0.118901 0.279613 0.382311 -0.263410
1.229500 0.062805 1.389464 0.110390 1.105964 0.283500
-0.042010 0.051845 -0.171791 0.116173 -0.098980 -0.072811
-0.503190 0.054535 -0.807616 0.141719 -0.536016 -0.271599
0.106330 0.030835 -0.340750 0.168685 0.041594 -0.382344
-0.400340 0.106330 -0.339737 0.088463 -0.438551 0.098814
1.101600 0.085200 1.121674 0.062825 0.984760 0.136914
-0.778210 0.232555 -0.801919 0.091326 -0.796638 -0.005281
-0.806500 0.259735 -0.785639 0.102960 -0.823447 0.037809
-1.154460 0.089565 -1.006799 0.104332 -1.153191 0.146392
1.259200 0.069645 0.802154 0.080995 1.134109 -0.331955
0.170990 0.073170 0.307424 0.100364 0.102869 0.204555
-0.814680 0.097350 -0.673148 0.112876 -0.831199 0.158051
-0.479500 0.229725 -0.696371 0.172090 -0.513566 -0.182805
0.806900 0.078915 0.506454 0.146085 0.705488 -0.199034
-0.572430 0.134190 -0.623196 0.127955 -0.601631 -0.021565
-0.960320 0.216270 -1.139656 0.146064 -0.969215 -0.170441
-0.618160 0.127860 -0.407593 0.090857 -0.644968 0.237375
-1.296520 0.140850 -1.230766 0.101999 -1.287814 0.057048
0.050420 0.079425 0.109261 0.090995 -0.011389 0.120650
0.094920 0.076045 0.170828 0.044649 0.030782 0.140046
-1.163980 0.132810 -0.961455 0.097005 -1.162213 0.200758
-0.143790 0.043080 -0.272447 0.086028 -0.195432 -0.077015
-0.205190 0.143335 -0.063390 0.123019 -0.253617 0.190227
-0.025940 0.237880 0.041535 0.106073 -0.083751 0.125286
2.125900 0.096200 1.548294 0.130240 1.955436 -0.407142
1.241010 0.053670 1.410784 0.104225 1.116871 0.293913
0.539860 0.072490 0.732754 0.105895 0.452428 0.280326
0.679730 0.062865 0.916214 0.074110 0.584976 0.331238
0.340480 0.047015 0.440394 0.055995 0.263486 0.176908
1.044220 0.045060 1.089394 0.058220 0.930384 0.159010
1.103220 0.051795 1.198974 0.101540 0.986295 0.212679
0.363140 0.076510 0.429814 0.088810 0.284960 0.144854
0.916000 0.054745 0.600934 0.152475 0.808877 -0.207943
0.625540 0.079635 0.691994 0.094930 0.533622 0.158372
1.257700 0.053155 0.993274 0.072175 1.132688 -0.139414
1.307400 0.052450 1.219934 0.108400 1.179786 0.040148
-0.317719 0.084330 -0.135625 0.121712 -0.360255 0.224630
0.520930 0.071865 0.631984 0.109280 0.434489 0.197495
0.834950 0.044025 0.723954 0.127380 0.732070 -0.008116
0.649651 0.060530 0.598494 0.103695 0.556471 0.042023
1.579600 0.053800 1.313584 0.075855 1.437736 -0.124152
1.210381 0.054910 1.118744 0.113470 1.087846 0.030898
1.784500 0.127350 1.144774 0.176455 1.631909 -0.487135
0.930040 0.058215 1.283974 0.073680 0.822182 0.461792
0.127940 0.206080 0.148052 0.119015 0.062073 0.085979
0.689780 0.163020 0.638264 0.103595 0.594500 0.043764
1.117400 0.033025 -0.495973 0.233626 0.999733 -1.495706
1.092230 0.055705 1.034104 0.113550 0.975880 0.058224
0.625580 0.074215 0.495724 0.082625 0.533660 -0.037936
1.132940 0.055540 1.130314 0.090910 1.014459 0.115855
0.996540 0.029185 0.441224 0.285294 0.885200 -0.443976
0.663230 0.075195 0.738174 0.109910 0.569339 0.168835
1.333800 0.032000 0.807074 0.305785 1.204804 -0.397730
0.113780 0.114675 0.167854 0.112266 0.048654 0.119200
0.623410 0.247355 0.086648 0.283228 0.531604 -0.444956
-0.513850 0.153735 -0.615397 0.106818 -0.546118 -0.069279
-0.383710 0.200505 -0.357881 0.102329 -0.422791 0.064910
-0.654270 0.194325 -0.719844 0.115512 -0.679187 -0.040657
-0.499820 0.189880 -0.658426 0.115597 -0.532822 -0.125603
-0.446370 0.163070 -0.362534 0.106276 -0.482171 0.119637
-0.925010 0.485350 -1.168773 0.200731 -0.935753 -0.233020
-0.502060 0.263585 -0.436580 0.132657 -0.534945 0.098365
-0.468960 0.171280 -0.367311 0.121919 -0.503578 0.136267
-0.774780 0.104550 -0.677790 0.110378 -0.793388 0.115598
-1.472590 0.258515 -1.475628 0.129289 -1.454666 -0.020962
-0.454350 0.164040 -0.432105 0.098641 -0.489733 0.057628
-0.775970 0.221710 -0.575302 0.113614 -0.794516 0.219214
-1.676560 0.186535 -1.506190 0.105902 -1.647958 0.141768
-0.916600 0.258840 -0.953655 0.090979 -0.927783 -0.025872
-0.519100 0.221055 -0.857180 0.131408 -0.551094 -0.306087
-1.322930 0.189125 -1.230189 0.117630 -1.312841 0.082652
-1.835570 0.154705 -1.571977 0.093825 -1.798644 0.226667
-1.474940 0.202300 -1.292314 0.110100 -1.456893 0.164579
-0.710320 0.212125 -0.613424 0.137457 -0.732302 0.118878
-0.434740 0.156265 -0.456064 0.113859 -0.471150 0.015086
-1.378420 0.292865 -1.092917 0.159324 -1.365426 0.272509
-1.922560 0.193715 -1.435094 0.103602 -1.881079 0.445985
-0.373569 0.168390 -0.436707 0.144838 -0.413182 -0.023525
-0.824700 0.252940 -1.170455 0.178643 -0.840694 -0.329760
-1.476290 0.134140 -1.307572 0.099849 -1.458172 0.150600
